Date,Fremont Bridge Total,Fremont Bridge East Sidewalk,Fremont Bridge West Sidewalk
2012-10-03T00:00:00.000,13,4,9
2012-10-03T01:00:00.000,10,4,6
2012-10-03T02:00:00.000,2,1,1
2012-10-03T03:00:00.000,5,2,3
2012-10-03T04:00:00.000,7,6,1
2012-10-03T05:00:00.000,31,21,10
2012-10-03T06:00:00.000,155,105,50
2012-10-03T07:00:00.000,352,257,95
2012-10-03T08:00:00.000,437,291,146
2012-10-03T09:00:00.000,276,172,104
2012-10-03T10:00:00.000,118,72,46
2012-10-03T11:00:00.000,42,10,32
2012-10-03T12:00:00.000,76,35,41
2012-10-03T13:00:00.000,90,42,48
2012-10-03T14:00:00.000,128,77,51
2012-10-03T15:00:00.000,164,72,92
2012-10-03T16:00:00.000,315,133,182
2012-10-03T17:00:00.000,583,192,391
2012-10-03T18:00:00.000,380,122,258
2012-10-03T19:00:00.000,128,59,69
2012-10-03T20:00:00.000,80,29,51
2012-10-03T21:00:00.000,63,25,38
2012-10-03T22:00:00.000,49,24,25
2012-10-03T23:00:00.000,17,5,12
2012-10-04T00:00:00.000,18,7,11
2012-10-04T01:00:00.000,3,3,0
2012-10-04T02:00:00.000,9,3,6
2012-10-04T03:00:00.000,3,0,3
2012-10-04T04:00:00.000,8,7,1
2012-10-04T05:00:00.000,26,15,11
2012-10-04T06:00:00.000,142,91,51
2012-10-04T07:00:00.000,319,230,89
2012-10-04T08:00:00.000,418,284,134
2012-10-04T09:00:00.000,241,147,94
2012-10-04T10:00:00.000,120,67,53
2012-10-04T11:00:00.000,108,53,55
2012-10-04T12:00:00.000,104,54,50
2012-10-04T13:00:00.000,126,55,71
2012-10-04T14:00:00.000,119,63,56
2012-10-04T15:00:00.000,147,73,74
2012-10-04T16:00:00.000,275,114,161
2012-10-04T17:00:00.000,507,154,353
2012-10-04T18:00:00.000,378,137,241
2012-10-04T19:00:00.000,164,57,107
2012-10-04T20:00:00.000,83,27,56
2012-10-04T21:00:00.000,70,31,39
2012-10-04T22:00:00.000,46,25,21
2012-10-04T23:00:00.000,41,11,30
2012-10-05T00:00:00.000,11,4,7
2012-10-05T01:00:00.000,8,4,4
2012-10-05T02:00:00.000,7,4,3
2012-10-05T03:00:00.000,4,2,2
2012-10-05T04:00:00.000,9,7,2
2012-10-05T05:00:00.000,25,18,7
2012-10-05T06:00:00.000,105,68,37
2012-10-05T07:00:00.000,319,218,101
2012-10-05T08:00:00.000,370,251,119
2012-10-05T09:00:00.000,212,131,81
2012-10-05T10:00:00.000,119,71,48
2012-10-05T11:00:00.000,104,43,61
2012-10-05T12:00:00.000,101,55,46
2012-10-05T13:00:00.000,112,62,50
2012-10-05T14:00:00.000,125,63,62
2012-10-05T15:00:00.000,164,80,84
2012-10-05T16:00:00.000,310,120,190
2012-10-05T17:00:00.000,434,144,290
2012-10-05T18:00:00.000,316,107,209
2012-10-05T19:00:00.000,115,42,73
2012-10-05T20:00:00.000,68,27,41
2012-10-05T21:00:00.000,42,11,31
2012-10-05T22:00:00.000,36,10,26
2012-10-05T23:00:00.000,32,16,16
2012-10-06T00:00:00.000,15,8,7
2012-10-06T01:00:00.000,15,10,5
2012-10-06T02:00:00.000,9,7,2
2012-10-06T03:00:00.000,3,1,2
2012-10-06T04:00:00.000,5,4,1
2012-10-06T05:00:00.000,5,3,2
2012-10-06T06:00:00.000,27,12,15
2012-10-06T07:00:00.000,33,17,16
2012-10-06T08:00:00.000,105,58,47
2012-10-06T09:00:00.000,114,59,55
2012-10-06T10:00:00.000,115,68,47
2012-10-06T11:00:00.000,124,76,48
2012-10-06T12:00:00.000,164,91,73
2012-10-06T13:00:00.000,177,95,82
2012-10-06T14:00:00.000,203,89,114
2012-10-06T15:00:00.000,211,115,96
2012-10-06T16:00:00.000,183,107,76
2012-10-06T17:00:00.000,180,107,73
2012-10-06T18:00:00.000,96,41,55
2012-10-06T19:00:00.000,78,40,38
2012-10-06T20:00:00.000,43,25,18
2012-10-06T21:00:00.000,33,18,15
2012-10-06T22:00:00.000,34,14,20
2012-10-06T23:00:00.000,34,15,19
2012-10-07T00:00:00.000,11,6,5
2012-10-07T01:00:00.000,17,12,5
2012-10-07T02:00:00.000,3,2,1
2012-10-07T03:00:00.000,6,4,2
2012-10-07T04:00:00.000,3,1,2
2012-10-07T05:00:00.000,9,6,3
2012-10-07T06:00:00.000,17,9,8
2012-10-07T07:00:00.000,26,14,12
2012-10-07T08:00:00.000,69,43,26
2012-10-07T09:00:00.000,103,67,36
2012-10-07T10:00:00.000,108,67,41
2012-10-07T11:00:00.000,165,94,71
2012-10-07T12:00:00.000,191,100,91
2012-10-07T13:00:00.000,228,129,99
2012-10-07T14:00:00.000,241,126,115
2012-10-07T15:00:00.000,231,122,109
2012-10-07T16:00:00.000,225,132,93
2012-10-07T17:00:00.000,191,118,73
2012-10-07T18:00:00.000,113,68,45
2012-10-07T19:00:00.000,49,26,23
2012-10-07T20:00:00.000,55,19,36
2012-10-07T21:00:00.000,47,12,35
2012-10-07T22:00:00.000,18,9,9
2012-10-07T23:00:00.000,16,5,11
2012-10-08T00:00:00.000,9,4,5
2012-10-08T01:00:00.000,4,2,2
2012-10-08T02:00:00.000,5,5,0
2012-10-08T03:00:00.000,5,1,4
2012-10-08T04:00:00.000,5,3,2
2012-10-08T05:00:00.000,23,16,7
2012-10-08T06:00:00.000,137,89,48
2012-10-08T07:00:00.000,327,233,94
2012-10-08T08:00:00.000,457,304,153
2012-10-08T09:00:00.000,278,174,104
2012-10-08T10:00:00.000,97,53,44
2012-10-08T11:00:00.000,99,55,44
2012-10-08T12:00:00.000,108,53,55
2012-10-08T13:00:00.000,96,52,44
2012-10-08T14:00:00.000,121,59,62
2012-10-08T15:00:00.000,167,92,75
2012-10-08T16:00:00.000,252,117,135
2012-10-08T17:00:00.000,604,214,390
2012-10-08T18:00:00.000,365,139,226
2012-10-08T19:00:00.000,168,73,95
2012-10-08T20:00:00.000,94,37,57
2012-10-08T21:00:00.000,63,28,35
2012-10-08T22:00:00.000,29,15,14
2012-10-08T23:00:00.000,24,11,13
2012-10-09T00:00:00.000,12,8,4
2012-10-09T01:00:00.000,3,1,2
2012-10-09T02:00:00.000,4,2,2
2012-10-09T03:00:00.000,8,5,3
2012-10-09T04:00:00.000,9,4,5
2012-10-09T05:00:00.000,31,22,9
2012-10-09T06:00:00.000,153,103,50
2012-10-09T07:00:00.000,368,258,110
2012-10-09T08:00:00.000,462,317,145
2012-10-09T09:00:00.000,275,163,112
2012-10-09T10:00:00.000,94,58,36
2012-10-09T11:00:00.000,74,29,45
2012-10-09T12:00:00.000,77,37,40
2012-10-09T13:00:00.000,83,46,37
2012-10-09T14:00:00.000,108,54,54
2012-10-09T15:00:00.000,134,62,72
2012-10-09T16:00:00.000,244,95,149
2012-10-09T17:00:00.000,597,197,400
2012-10-09T18:00:00.000,396,152,244
2012-10-09T19:00:00.000,163,58,105
2012-10-09T20:00:00.000,85,32,53
2012-10-09T21:00:00.000,64,30,34
2012-10-09T22:00:00.000,34,17,17
2012-10-09T23:00:00.000,23,9,14
2012-10-10T00:00:00.000,15,8,7
2012-10-10T01:00:00.000,3,1,2
2012-10-10T02:00:00.000,3,3,0
2012-10-10T03:00:00.000,4,1,3
2012-10-10T04:00:00.000,5,3,2
2012-10-10T05:00:00.000,25,16,9
2012-10-10T06:00:00.000,149,109,40
2012-10-10T07:00:00.000,340,245,95
2012-10-10T08:00:00.000,435,302,133
2012-10-10T09:00:00.000,255,156,99
2012-10-10T10:00:00.000,97,53,44
2012-10-10T11:00:00.000,55,34,21
2012-10-10T12:00:00.000,87,47,40
2012-10-10T13:00:00.000,94,46,48
2012-10-10T14:00:00.000,93,54,39
2012-10-10T15:00:00.000,130,65,65
2012-10-10T16:00:00.000,230,102,128
2012-10-10T17:00:00.000,532,155,377
2012-10-10T18:00:00.000,331,116,215
2012-10-10T19:00:00.000,145,51,94
2012-10-10T20:00:00.000,86,30,56
2012-10-10T21:00:00.000,62,24,38
2012-10-10T22:00:00.000,36,17,19
2012-10-10T23:00:00.000,23,10,13
2012-10-11T00:00:00.000,21,7,14
2012-10-11T01:00:00.000,10,4,6
2012-10-11T02:00:00.000,13,8,5
2012-10-11T03:00:00.000,2,0,2
2012-10-11T04:00:00.000,12,11,1
2012-10-11T05:00:00.000,12,0,12
2012-10-11T06:00:00.000,43,2,41
2012-10-11T07:00:00.000,304,225,79
2012-10-11T08:00:00.000,404,282,122
2012-10-11T09:00:00.000,189,141,48
2012-10-11T10:00:00.000,4,4,0
2012-10-11T11:00:00.000,92,87,5
2012-10-11T12:00:00.000,81,44,37
2012-10-11T13:00:00.000,118,60,58
2012-10-11T14:00:00.000,108,52,56
2012-10-11T15:00:00.000,143,74,69
2012-10-11T16:00:00.000,270,135,135
2012-10-11T17:00:00.000,517,157,360
2012-10-11T18:00:00.000,299,113,186
2012-10-11T19:00:00.000,149,57,92
2012-10-11T20:00:00.000,104,44,60
2012-10-11T21:00:00.000,71,26,45
2012-10-11T22:00:00.000,48,29,19
2012-10-11T23:00:00.000,33,17,16
2012-10-12T00:00:00.000,17,8,9
2012-10-12T01:00:00.000,13,7,6
2012-10-12T02:00:00.000,5,4,1
2012-10-12T03:00:00.000,7,4,3
2012-10-12T04:00:00.000,5,2,3
2012-10-12T05:00:00.000,14,10,4
2012-10-12T06:00:00.000,87,57,30
2012-10-12T07:00:00.000,183,125,58
2012-10-12T08:00:00.000,268,182,86
2012-10-12T09:00:00.000,145,100,45
2012-10-12T10:00:00.000,62,33,29
2012-10-12T11:00:00.000,58,27,31
2012-10-12T12:00:00.000,69,41,28
2012-10-12T13:00:00.000,72,39,33
2012-10-12T14:00:00.000,65,35,30
2012-10-12T15:00:00.000,113,50,63
2012-10-12T16:00:00.000,165,69,96
2012-10-12T17:00:00.000,304,92,212
2012-10-12T18:00:00.000,178,66,112
2012-10-12T19:00:00.000,79,30,49
2012-10-12T20:00:00.000,38,11,27
2012-10-12T21:00:00.000,26,10,16
2012-10-12T22:00:00.000,14,11,3
2012-10-12T23:00:00.000,24,9,15
2012-10-13T00:00:00.000,18,6,12
2012-10-13T01:00:00.000,11,5,6
2012-10-13T02:00:00.000,16,10,6
2012-10-13T03:00:00.000,4,4,0
2012-10-13T04:00:00.000,3,1,2
2012-10-13T05:00:00.000,10,7,3
2012-10-13T06:00:00.000,14,9,5
2012-10-13T07:00:00.000,30,17,13
2012-10-13T08:00:00.000,32,24,8
2012-10-13T09:00:00.000,41,21,20
2012-10-13T10:00:00.000,46,29,17
2012-10-13T11:00:00.000,42,28,14
2012-10-13T12:00:00.000,72,48,24
2012-10-13T13:00:00.000,64,38,26
2012-10-13T14:00:00.000,62,30,32
2012-10-13T15:00:00.000,41,21,20
2012-10-13T16:00:00.000,58,26,32
2012-10-13T17:00:00.000,50,25,25
2012-10-13T18:00:00.000,59,35,24
2012-10-13T19:00:00.000,27,10,17
2012-10-13T20:00:00.000,19,9,10
2012-10-13T21:00:00.000,10,4,6
2012-10-13T22:00:00.000,18,4,14
2012-10-13T23:00:00.000,19,4,15
2012-10-14T00:00:00.000,6,3,3
2012-10-14T01:00:00.000,9,5,4
2012-10-14T02:00:00.000,8,4,4
2012-10-14T03:00:00.000,4,4,0
2012-10-14T04:00:00.000,5,4,1
2012-10-14T05:00:00.000,3,3,0
2012-10-14T06:00:00.000,12,5,7
2012-10-14T07:00:00.000,14,10,4
2012-10-14T08:00:00.000,24,16,8
2012-10-14T09:00:00.000,54,28,26
2012-10-14T10:00:00.000,72,47,25
2012-10-14T11:00:00.000,81,63,18
2012-10-14T12:00:00.000,62,40,22
2012-10-14T13:00:00.000,82,49,33
2012-10-14T14:00:00.000,58,28,30
2012-10-14T15:00:00.000,37,22,15
2012-10-14T16:00:00.000,34,18,16
2012-10-14T17:00:00.000,37,27,10
2012-10-14T18:00:00.000,27,18,9
2012-10-14T19:00:00.000,23,10,13
2012-10-14T20:00:00.000,11,5,6
2012-10-14T21:00:00.000,12,8,4
2012-10-14T22:00:00.000,13,7,6
2012-10-14T23:00:00.000,10,3,7
2012-10-15T00:00:00.000,7,2,5
2012-10-15T01:00:00.000,3,2,1
2012-10-15T02:00:00.000,5,4,1
2012-10-15T03:00:00.000,3,1,2
2012-10-15T04:00:00.000,6,4,2
2012-10-15T05:00:00.000,26,19,7
2012-10-15T06:00:00.000,93,59,34
2012-10-15T07:00:00.000,225,167,58
2012-10-15T08:00:00.000,327,235,92
2012-10-15T09:00:00.000,203,130,73
2012-10-15T10:00:00.000,86,57,29
2012-10-15T11:00:00.000,66,45,21
2012-10-15T12:00:00.000,84,46,38
2012-10-15T13:00:00.000,71,42,29
2012-10-15T14:00:00.000,73,40,33
2012-10-15T15:00:00.000,107,49,58
2012-10-15T16:00:00.000,140,64,76
2012-10-15T17:00:00.000,335,96,239
2012-10-15T18:00:00.000,204,54,150
2012-10-15T19:00:00.000,78,27,51
2012-10-15T20:00:00.000,55,17,38
2012-10-15T21:00:00.000,36,18,18
2012-10-15T22:00:00.000,26,15,11
2012-10-15T23:00:00.000,14,7,7
2012-10-16T00:00:00.000,10,6,4
2012-10-16T01:00:00.000,5,2,3
2012-10-16T02:00:00.000,3,3,0
2012-10-16T03:00:00.000,5,1,4
2012-10-16T04:00:00.000,5,2,3
2012-10-16T05:00:00.000,29,21,8
2012-10-16T06:00:00.000,122,88,34
2012-10-16T07:00:00.000,256,187,69
2012-10-16T08:00:00.000,357,253,104
2012-10-16T09:00:00.000,207,130,77
2012-10-16T10:00:00.000,124,77,47
2012-10-16T11:00:00.000,83,47,36
2012-10-16T12:00:00.000,75,49,26
2012-10-16T13:00:00.000,90,48,42
2012-10-16T14:00:00.000,97,53,44
2012-10-16T15:00:00.000,163,77,86
2012-10-16T16:00:00.000,255,109,146
2012-10-16T17:00:00.000,500,147,353
2012-10-16T18:00:00.000,307,109,198
2012-10-16T19:00:00.000,135,45,90
2012-10-16T20:00:00.000,88,41,47
2012-10-16T21:00:00.000,65,35,30
2012-10-16T22:00:00.000,30,16,14
2012-10-16T23:00:00.000,25,13,12
2012-10-17T00:00:00.000,22,13,9
2012-10-17T01:00:00.000,6,3,3
2012-10-17T02:00:00.000,5,2,3
2012-10-17T03:00:00.000,4,0,4
2012-10-17T04:00:00.000,7,4,3
2012-10-17T05:00:00.000,30,21,9
2012-10-17T06:00:00.000,133,89,44
2012-10-17T07:00:00.000,298,213,85
2012-10-17T08:00:00.000,416,283,133
2012-10-17T09:00:00.000,244,166,78
2012-10-17T10:00:00.000,96,49,47
2012-10-17T11:00:00.000,78,52,26
2012-10-17T12:00:00.000,111,61,50
2012-10-17T13:00:00.000,96,56,40
2012-10-17T14:00:00.000,105,54,51
2012-10-17T15:00:00.000,161,72,89
2012-10-17T16:00:00.000,258,113,145
2012-10-17T17:00:00.000,482,150,332
2012-10-17T18:00:00.000,358,117,241
2012-10-17T19:00:00.000,145,51,94
2012-10-17T20:00:00.000,58,18,40
2012-10-17T21:00:00.000,66,25,41
2012-10-17T22:00:00.000,48,25,23
2012-10-17T23:00:00.000,16,10,6
2012-10-18T00:00:00.000,7,7,0
2012-10-18T01:00:00.000,7,3,4
2012-10-18T02:00:00.000,9,5,4
2012-10-18T03:00:00.000,5,1,4
2012-10-18T04:00:00.000,8,7,1
2012-10-18T05:00:00.000,26,14,12
2012-10-18T06:00:00.000,123,88,35
2012-10-18T07:00:00.000,279,206,73
2012-10-18T08:00:00.000,376,246,130
2012-10-18T09:00:00.000,230,147,83
2012-10-18T10:00:00.000,94,59,35
2012-10-18T11:00:00.000,93,47,46
2012-10-18T12:00:00.000,110,54,56
2012-10-18T13:00:00.000,121,51,70
2012-10-18T14:00:00.000,104,53,51
2012-10-18T15:00:00.000,145,68,77
2012-10-18T16:00:00.000,230,98,132
2012-10-18T17:00:00.000,464,130,334
2012-10-18T18:00:00.000,280,89,191
2012-10-18T19:00:00.000,87,25,62
2012-10-18T20:00:00.000,59,25,34
2012-10-18T21:00:00.000,36,13,23
2012-10-18T22:00:00.000,16,6,10
2012-10-18T23:00:00.000,14,7,7
2012-10-19T00:00:00.000,12,3,9
2012-10-19T01:00:00.000,4,3,1
2012-10-19T02:00:00.000,5,4,1
2012-10-19T03:00:00.000,2,0,2
2012-10-19T04:00:00.000,9,4,5
2012-10-19T05:00:00.000,26,20,6
2012-10-19T06:00:00.000,71,50,21
2012-10-19T07:00:00.000,180,126,54
2012-10-19T08:00:00.000,245,169,76
2012-10-19T09:00:00.000,169,93,76
2012-10-19T10:00:00.000,65,41,24
2012-10-19T11:00:00.000,52,26,26
2012-10-19T12:00:00.000,50,26,24
2012-10-19T13:00:00.000,78,34,44
2012-10-19T14:00:00.000,75,39,36
2012-10-19T15:00:00.000,110,54,56
2012-10-19T16:00:00.000,177,79,98
2012-10-19T17:00:00.000,297,85,212
2012-10-19T18:00:00.000,191,57,134
2012-10-19T19:00:00.000,62,16,46
2012-10-19T20:00:00.000,42,13,29
2012-10-19T21:00:00.000,19,7,12
2012-10-19T22:00:00.000,17,8,9
2012-10-19T23:00:00.000,19,8,11
2012-10-20T00:00:00.000,9,4,5
2012-10-20T01:00:00.000,8,1,7
2012-10-20T02:00:00.000,12,8,4
2012-10-20T03:00:00.000,5,2,3
2012-10-20T04:00:00.000,3,1,2
2012-10-20T05:00:00.000,15,9,6
2012-10-20T06:00:00.000,16,10,6
2012-10-20T07:00:00.000,28,16,12
2012-10-20T08:00:00.000,46,28,18
2012-10-20T09:00:00.000,59,29,30
2012-10-20T10:00:00.000,83,52,31
2012-10-20T11:00:00.000,92,59,33
2012-10-20T12:00:00.000,98,64,34
2012-10-20T13:00:00.000,113,62,51
2012-10-20T14:00:00.000,98,52,46
2012-10-20T15:00:00.000,72,44,28
2012-10-20T16:00:00.000,76,30,46
2012-10-20T17:00:00.000,63,37,26
2012-10-20T18:00:00.000,69,31,38
2012-10-20T19:00:00.000,36,18,18
2012-10-20T20:00:00.000,22,10,12
2012-10-20T21:00:00.000,13,5,8
2012-10-20T22:00:00.000,12,6,6
2012-10-20T23:00:00.000,20,8,12
2012-10-21T00:00:00.000,17,5,12
2012-10-21T01:00:00.000,11,2,9
2012-10-21T02:00:00.000,11,7,4
2012-10-21T03:00:00.000,4,3,1
2012-10-21T04:00:00.000,4,3,1
2012-10-21T05:00:00.000,8,4,4
2012-10-21T06:00:00.000,13,8,5
2012-10-21T07:00:00.000,15,9,6
2012-10-21T08:00:00.000,37,26,11
2012-10-21T09:00:00.000,50,28,22
2012-10-21T10:00:00.000,66,38,28
2012-10-21T11:00:00.000,57,34,23
2012-10-21T12:00:00.000,100,63,37
2012-10-21T13:00:00.000,89,48,41
2012-10-21T14:00:00.000,114,67,47
2012-10-21T15:00:00.000,115,63,52
2012-10-21T16:00:00.000,72,42,30
2012-10-21T17:00:00.000,82,36,46
2012-10-21T18:00:00.000,44,25,19
2012-10-21T19:00:00.000,17,7,10
2012-10-21T20:00:00.000,21,3,18
2012-10-21T21:00:00.000,26,16,10
2012-10-21T22:00:00.000,9,2,7
2012-10-21T23:00:00.000,7,1,6
2012-10-22T00:00:00.000,6,4,2
2012-10-22T01:00:00.000,4,1,3
2012-10-22T02:00:00.000,2,2,0
2012-10-22T03:00:00.000,4,1,3
2012-10-22T04:00:00.000,10,5,5
2012-10-22T05:00:00.000,27,19,8
2012-10-22T06:00:00.000,117,85,32
2012-10-22T07:00:00.000,258,184,74
2012-10-22T08:00:00.000,348,256,92
2012-10-22T09:00:00.000,161,107,54
2012-10-22T10:00:00.000,67,29,38
2012-10-22T11:00:00.000,42,22,20
2012-10-22T12:00:00.000,41,18,23
2012-10-22T13:00:00.000,40,20,20
2012-10-22T14:00:00.000,45,19,26
2012-10-22T15:00:00.000,71,33,38
2012-10-22T16:00:00.000,150,63,87
2012-10-22T17:00:00.000,369,97,272
2012-10-22T18:00:00.000,199,54,145
2012-10-22T19:00:00.000,74,25,49
2012-10-22T20:00:00.000,40,14,26
2012-10-22T21:00:00.000,28,17,11
2012-10-22T22:00:00.000,15,6,9
2012-10-22T23:00:00.000,11,7,4
2012-10-23T00:00:00.000,6,3,3
2012-10-23T01:00:00.000,2,1,1
2012-10-23T02:00:00.000,3,2,1
2012-10-23T03:00:00.000,1,0,1
2012-10-23T04:00:00.000,11,5,6
2012-10-23T05:00:00.000,35,27,8
2012-10-23T06:00:00.000,112,79,33
2012-10-23T07:00:00.000,236,169,67
2012-10-23T08:00:00.000,343,238,105
2012-10-23T09:00:00.000,168,110,58
2012-10-23T10:00:00.000,79,48,31
2012-10-23T11:00:00.000,52,27,25
2012-10-23T12:00:00.000,68,33,35
2012-10-23T13:00:00.000,59,36,23
2012-10-23T14:00:00.000,76,38,38
2012-10-23T15:00:00.000,100,51,49
2012-10-23T16:00:00.000,190,76,114
2012-10-23T17:00:00.000,434,135,299
2012-10-23T18:00:00.000,270,76,194
2012-10-23T19:00:00.000,104,37,67
2012-10-23T20:00:00.000,59,21,38
2012-10-23T21:00:00.000,50,24,26
2012-10-23T22:00:00.000,21,11,10
2012-10-23T23:00:00.000,21,16,5
2012-10-24T00:00:00.000,11,3,8
2012-10-24T01:00:00.000,11,2,9
2012-10-24T02:00:00.000,9,7,2
2012-10-24T03:00:00.000,4,1,3
2012-10-24T04:00:00.000,5,2,3
2012-10-24T05:00:00.000,25,16,9
2012-10-24T06:00:00.000,118,79,39
2012-10-24T07:00:00.000,225,158,67
2012-10-24T08:00:00.000,313,224,89
2012-10-24T09:00:00.000,172,108,64
2012-10-24T10:00:00.000,78,40,38
2012-10-24T11:00:00.000,49,35,14
2012-10-24T12:00:00.000,35,20,15
2012-10-24T13:00:00.000,66,38,28
2012-10-24T14:00:00.000,78,46,32
2012-10-24T15:00:00.000,101,40,61
2012-10-24T16:00:00.000,192,88,104
2012-10-24T17:00:00.000,399,138,261
2012-10-24T18:00:00.000,265,100,165
2012-10-24T19:00:00.000,117,38,79
2012-10-24T20:00:00.000,62,27,35
2012-10-24T21:00:00.000,46,20,26
2012-10-24T22:00:00.000,33,12,21
2012-10-24T23:00:00.000,15,8,7
2012-10-25T00:00:00.000,3,2,1
2012-10-25T01:00:00.000,6,1,5
2012-10-25T02:00:00.000,3,2,1
2012-10-25T03:00:00.000,3,1,2
2012-10-25T04:00:00.000,5,4,1
2012-10-25T05:00:00.000,33,19,14
2012-10-25T06:00:00.000,119,81,38
2012-10-25T07:00:00.000,244,184,60
2012-10-25T08:00:00.000,341,227,114
2012-10-25T09:00:00.000,202,133,69
2012-10-25T10:00:00.000,83,60,23
2012-10-25T11:00:00.000,55,29,26
2012-10-25T12:00:00.000,74,39,35
2012-10-25T13:00:00.000,80,42,38
2012-10-25T14:00:00.000,90,52,38
2012-10-25T15:00:00.000,146,60,86
2012-10-25T16:00:00.000,231,93,138
2012-10-25T17:00:00.000,425,130,295
2012-10-25T18:00:00.000,272,79,193
2012-10-25T19:00:00.000,108,47,61
2012-10-25T20:00:00.000,79,30,49
2012-10-25T21:00:00.000,55,21,34
2012-10-25T22:00:00.000,28,9,19
2012-10-25T23:00:00.000,28,16,12
2012-10-26T00:00:00.000,19,11,8
2012-10-26T01:00:00.000,16,9,7
2012-10-26T02:00:00.000,4,3,1
2012-10-26T03:00:00.000,1,0,1
2012-10-26T04:00:00.000,10,4,6
2012-10-26T05:00:00.000,21,12,9
2012-10-26T06:00:00.000,87,55,32
2012-10-26T07:00:00.000,203,137,66
2012-10-26T08:00:00.000,283,187,96
2012-10-26T09:00:00.000,171,116,55
2012-10-26T10:00:00.000,86,59,27
2012-10-26T11:00:00.000,50,28,22
2012-10-26T12:00:00.000,42,22,20
2012-10-26T13:00:00.000,40,13,27
2012-10-26T14:00:00.000,59,26,33
2012-10-26T15:00:00.000,116,49,67
2012-10-26T16:00:00.000,198,90,108
2012-10-26T17:00:00.000,298,94,204
2012-10-26T18:00:00.000,196,65,131
2012-10-26T19:00:00.000,65,22,43
2012-10-26T20:00:00.000,42,14,28
2012-10-26T21:00:00.000,33,9,24
2012-10-26T22:00:00.000,15,6,9
2012-10-26T23:00:00.000,18,8,10
2012-10-27T00:00:00.000,12,6,6
2012-10-27T01:00:00.000,9,6,3
2012-10-27T02:00:00.000,16,6,10
2012-10-27T03:00:00.000,2,1,1
2012-10-27T04:00:00.000,5,2,3
2012-10-27T05:00:00.000,13,7,6
2012-10-27T06:00:00.000,13,7,6
2012-10-27T07:00:00.000,15,9,6
2012-10-27T08:00:00.000,25,12,13
2012-10-27T09:00:00.000,25,14,11
2012-10-27T10:00:00.000,21,10,11
2012-10-27T11:00:00.000,31,22,9
2012-10-27T12:00:00.000,25,13,12
2012-10-27T13:00:00.000,41,28,13
2012-10-27T14:00:00.000,51,23,28
2012-10-27T15:00:00.000,51,30,21
2012-10-27T16:00:00.000,59,27,32
2012-10-27T17:00:00.000,36,26,10
2012-10-27T18:00:00.000,18,11,7
2012-10-27T19:00:00.000,15,8,7
2012-10-27T20:00:00.000,8,5,3
2012-10-27T21:00:00.000,17,6,11
2012-10-27T22:00:00.000,12,7,5
2012-10-27T23:00:00.000,11,3,8
2012-10-28T00:00:00.000,10,5,5
2012-10-28T01:00:00.000,11,0,11
2012-10-28T02:00:00.000,7,4,3
2012-10-28T03:00:00.000,4,1,3
2012-10-28T04:00:00.000,3,2,1
2012-10-28T05:00:00.000,6,5,1
2012-10-28T06:00:00.000,10,1,9
2012-10-28T07:00:00.000,17,11,6
2012-10-28T08:00:00.000,31,16,15
2012-10-28T09:00:00.000,42,18,24
2012-10-28T10:00:00.000,53,29,24
2012-10-28T11:00:00.000,78,47,31
2012-10-28T12:00:00.000,115,73,42
2012-10-28T13:00:00.000,125,74,51
2012-10-28T14:00:00.000,138,89,49
2012-10-28T15:00:00.000,120,74,46
2012-10-28T16:00:00.000,99,59,40
2012-10-28T17:00:00.000,89,50,39
2012-10-28T18:00:00.000,34,21,13
2012-10-28T19:00:00.000,21,10,11
2012-10-28T20:00:00.000,17,8,9
2012-10-28T21:00:00.000,12,5,7
2012-10-28T22:00:00.000,14,8,6
2012-10-28T23:00:00.000,6,1,5
2012-10-29T00:00:00.000,11,4,7
2012-10-29T01:00:00.000,1,0,1
2012-10-29T02:00:00.000,3,2,1
2012-10-29T03:00:00.000,2,0,2
2012-10-29T04:00:00.000,5,2,3
2012-10-29T05:00:00.000,22,17,5
2012-10-29T06:00:00.000,95,65,30
2012-10-29T07:00:00.000,214,161,53
2012-10-29T08:00:00.000,274,187,87
2012-10-29T09:00:00.000,152,101,51
2012-10-29T10:00:00.000,73,37,36
2012-10-29T11:00:00.000,55,26,29
2012-10-29T12:00:00.000,57,36,21
2012-10-29T13:00:00.000,63,40,23
2012-10-29T14:00:00.000,82,48,34
2012-10-29T15:00:00.000,89,36,53
2012-10-29T16:00:00.000,177,92,85
2012-10-29T17:00:00.000,376,129,247
2012-10-29T18:00:00.000,246,82,164
2012-10-29T19:00:00.000,93,35,58
2012-10-29T20:00:00.000,55,19,36
2012-10-29T21:00:00.000,40,13,27
2012-10-29T22:00:00.000,15,6,9
2012-10-29T23:00:00.000,17,8,9
2012-10-30T00:00:00.000,15,8,7
2012-10-30T01:00:00.000,1,1,0
2012-10-30T02:00:00.000,5,4,1
2012-10-30T03:00:00.000,3,1,2
2012-10-30T04:00:00.000,6,3,3
2012-10-30T05:00:00.000,24,18,6
2012-10-30T06:00:00.000,82,59,23
2012-10-30T07:00:00.000,200,151,49
2012-10-30T08:00:00.000,260,185,75
2012-10-30T09:00:00.000,141,88,53
2012-10-30T10:00:00.000,56,33,23
2012-10-30T11:00:00.000,35,22,13
2012-10-30T12:00:00.000,30,17,13
2012-10-30T13:00:00.000,41,27,14
2012-10-30T14:00:00.000,43,19,24
2012-10-30T15:00:00.000,64,33,31
2012-10-30T16:00:00.000,113,43,70
2012-10-30T17:00:00.000,282,83,199
2012-10-30T18:00:00.000,189,57,132
2012-10-30T19:00:00.000,65,21,44
2012-10-30T20:00:00.000,35,15,20
2012-10-30T21:00:00.000,16,8,8
2012-10-30T22:00:00.000,16,8,8
2012-10-30T23:00:00.000,13,8,5
2012-10-31T00:00:00.000,4,2,2
2012-10-31T01:00:00.000,5,4,1
2012-10-31T02:00:00.000,2,2,0
2012-10-31T03:00:00.000,1,0,1
2012-10-31T04:00:00.000,11,7,4
2012-10-31T05:00:00.000,11,7,4
2012-10-31T06:00:00.000,69,47,22
2012-10-31T07:00:00.000,170,133,37
2012-10-31T08:00:00.000,245,169,76
2012-10-31T09:00:00.000,125,88,37
2012-10-31T10:00:00.000,42,26,16
2012-10-31T11:00:00.000,53,36,17
2012-10-31T12:00:00.000,55,28,27
2012-10-31T13:00:00.000,35,14,21
2012-10-31T14:00:00.000,49,28,21
2012-10-31T15:00:00.000,80,32,48
2012-10-31T16:00:00.000,151,57,94
2012-10-31T17:00:00.000,280,91,189
2012-10-31T18:00:00.000,143,43,100
2012-10-31T19:00:00.000,88,34,54
2012-10-31T20:00:00.000,45,14,31
2012-10-31T21:00:00.000,14,8,6
2012-10-31T22:00:00.000,14,8,6
2012-10-31T23:00:00.000,18,5,13
2012-11-01T00:00:00.000,7,4,3
2012-11-01T01:00:00.000,5,2,3
2012-11-01T02:00:00.000,2,1,1
2012-11-01T03:00:00.000,0,0,0
2012-11-01T04:00:00.000,6,2,4
2012-11-01T05:00:00.000,18,11,7
2012-11-01T06:00:00.000,89,63,26
2012-11-01T07:00:00.000,198,146,52
2012-11-01T08:00:00.000,260,179,81
2012-11-01T09:00:00.000,130,75,55
2012-11-01T10:00:00.000,56,39,17
2012-11-01T11:00:00.000,40,23,17
2012-11-01T12:00:00.000,58,27,31
2012-11-01T13:00:00.000,68,41,27
2012-11-01T14:00:00.000,71,42,29
2012-11-01T15:00:00.000,100,40,60
2012-11-01T16:00:00.000,187,94,93
2012-11-01T17:00:00.000,316,93,223
2012-11-01T18:00:00.000,233,71,162
2012-11-01T19:00:00.000,106,38,68
2012-11-01T20:00:00.000,59,24,35
2012-11-01T21:00:00.000,40,22,18
2012-11-01T22:00:00.000,21,13,8
2012-11-01T23:00:00.000,21,11,10
2012-11-02T00:00:00.000,6,4,2
2012-11-02T01:00:00.000,7,3,4
2012-11-02T02:00:00.000,2,2,0
2012-11-02T03:00:00.000,4,3,1
2012-11-02T04:00:00.000,10,5,5
2012-11-02T05:00:00.000,17,11,6
2012-11-02T06:00:00.000,114,76,38
2012-11-02T07:00:00.000,230,162,68
2012-11-02T08:00:00.000,336,245,91
2012-11-02T09:00:00.000,198,133,65
2012-11-02T10:00:00.000,80,41,39
2012-11-02T11:00:00.000,75,41,34
2012-11-02T12:00:00.000,80,49,31
2012-11-02T13:00:00.000,107,59,48
2012-11-02T14:00:00.000,91,62,29
2012-11-02T15:00:00.000,159,92,67
2012-11-02T16:00:00.000,235,114,121
2012-11-02T17:00:00.000,348,94,254
2012-11-02T18:00:00.000,195,73,122
2012-11-02T19:00:00.000,73,23,50
2012-11-02T20:00:00.000,41,17,24
2012-11-02T21:00:00.000,33,20,13
2012-11-02T22:00:00.000,23,10,13
2012-11-02T23:00:00.000,14,6,8
2012-11-03T00:00:00.000,12,7,5
2012-11-03T01:00:00.000,6,2,4
2012-11-03T02:00:00.000,5,3,2
2012-11-03T03:00:00.000,2,2,0
2012-11-03T04:00:00.000,4,2,2
2012-11-03T05:00:00.000,12,6,6
2012-11-03T06:00:00.000,13,10,3
2012-11-03T07:00:00.000,13,7,6
2012-11-03T08:00:00.000,33,19,14
2012-11-03T09:00:00.000,69,33,36
2012-11-03T10:00:00.000,62,36,26
2012-11-03T11:00:00.000,88,49,39
2012-11-03T12:00:00.000,79,55,24
2012-11-03T13:00:00.000,82,47,35
2012-11-03T14:00:00.000,109,55,54
2012-11-03T15:00:00.000,71,35,36
2012-11-03T16:00:00.000,73,41,32
2012-11-03T17:00:00.000,65,31,34
2012-11-03T18:00:00.000,52,27,25
2012-11-03T19:00:00.000,35,19,16
2012-11-03T20:00:00.000,24,9,15
2012-11-03T21:00:00.000,9,4,5
2012-11-03T22:00:00.000,13,7,6
2012-11-03T23:00:00.000,21,7,14
2012-11-04T00:00:00.000,18,7,11
2012-11-04T01:00:00.000,10,6,4
2012-11-04T02:00:00.000,10,5,5
2012-11-04T03:00:00.000,3,1,2
2012-11-04T04:00:00.000,3,1,2
2012-11-04T05:00:00.000,7,5,2
2012-11-04T06:00:00.000,12,9,3
2012-11-04T07:00:00.000,29,17,12
2012-11-04T08:00:00.000,51,27,24
2012-11-04T09:00:00.000,68,34,34
2012-11-04T10:00:00.000,75,47,28
2012-11-04T11:00:00.000,90,56,34
2012-11-04T12:00:00.000,112,68,44
2012-11-04T13:00:00.000,98,57,41
2012-11-04T14:00:00.000,73,44,29
2012-11-04T15:00:00.000,90,45,45
2012-11-04T16:00:00.000,97,46,51
2012-11-04T17:00:00.000,55,19,36
2012-11-04T18:00:00.000,42,27,15
2012-11-04T19:00:00.000,12,4,8
2012-11-04T20:00:00.000,21,10,11
2012-11-04T21:00:00.000,13,5,8
2012-11-04T22:00:00.000,13,6,7
2012-11-04T23:00:00.000,9,2,7
2012-11-05T00:00:00.000,7,5,2
2012-11-05T01:00:00.000,3,2,1
2012-11-05T02:00:00.000,2,1,1
2012-11-05T03:00:00.000,3,1,2
2012-11-05T04:00:00.000,5,2,3
2012-11-05T05:00:00.000,25,18,7
2012-11-05T06:00:00.000,126,81,45
2012-11-05T07:00:00.000,312,238,74
2012-11-05T08:00:00.000,373,252,121
2012-11-05T09:00:00.000,182,105,77
2012-11-05T10:00:00.000,91,65,26
2012-11-05T11:00:00.000,57,38,19
2012-11-05T12:00:00.000,95,41,54
2012-11-05T13:00:00.000,63,31,32
2012-11-05T14:00:00.000,98,58,40
2012-11-05T15:00:00.000,123,65,58
2012-11-05T16:00:00.000,246,112,134
2012-11-05T17:00:00.000,470,126,344
2012-11-05T18:00:00.000,261,84,177
2012-11-05T19:00:00.000,108,30,78
2012-11-05T20:00:00.000,68,32,36
2012-11-05T21:00:00.000,45,21,24
2012-11-05T22:00:00.000,24,13,11
2012-11-05T23:00:00.000,23,9,14
2012-11-06T00:00:00.000,10,5,5
2012-11-06T01:00:00.000,7,4,3
2012-11-06T02:00:00.000,5,3,2
2012-11-06T03:00:00.000,3,1,2
2012-11-06T04:00:00.000,8,5,3
2012-11-06T05:00:00.000,27,18,9
2012-11-06T06:00:00.000,127,94,33
2012-11-06T07:00:00.000,280,217,63
2012-11-06T08:00:00.000,371,258,113
2012-11-06T09:00:00.000,164,109,55
2012-11-06T10:00:00.000,63,33,30
2012-11-06T11:00:00.000,54,32,22
2012-11-06T12:00:00.000,62,30,32
2012-11-06T13:00:00.000,66,40,26
2012-11-06T14:00:00.000,75,37,38
2012-11-06T15:00:00.000,111,53,58
2012-11-06T16:00:00.000,236,95,141
2012-11-06T17:00:00.000,403,105,298
2012-11-06T18:00:00.000,217,70,147
2012-11-06T19:00:00.000,80,33,47
2012-11-06T20:00:00.000,43,16,27
2012-11-06T21:00:00.000,32,12,20
2012-11-06T22:00:00.000,28,12,16
2012-11-06T23:00:00.000,21,5,16
2012-11-07T00:00:00.000,12,6,6
2012-11-07T01:00:00.000,5,4,1
2012-11-07T02:00:00.000,6,4,2
2012-11-07T03:00:00.000,6,1,5
2012-11-07T04:00:00.000,10,7,3
2012-11-07T05:00:00.000,14,9,5
2012-11-07T06:00:00.000,116,82,34
2012-11-07T07:00:00.000,266,189,77
2012-11-07T08:00:00.000,371,256,115
2012-11-07T09:00:00.000,200,137,63
2012-11-07T10:00:00.000,96,54,42
2012-11-07T11:00:00.000,58,34,24
2012-11-07T12:00:00.000,71,35,36
2012-11-07T13:00:00.000,67,37,30
2012-11-07T14:00:00.000,104,59,45
2012-11-07T15:00:00.000,132,60,72
2012-11-07T16:00:00.000,237,98,139
2012-11-07T17:00:00.000,387,112,275
2012-11-07T18:00:00.000,270,99,171
2012-11-07T19:00:00.000,114,48,66
2012-11-07T20:00:00.000,67,23,44
2012-11-07T21:00:00.000,45,19,26
2012-11-07T22:00:00.000,43,20,23
2012-11-07T23:00:00.000,22,13,9
2012-11-08T00:00:00.000,2,1,1
2012-11-08T01:00:00.000,6,3,3
2012-11-08T02:00:00.000,4,1,3
2012-11-08T03:00:00.000,6,2,4
2012-11-08T04:00:00.000,10,7,3
2012-11-08T05:00:00.000,24,15,9
2012-11-08T06:00:00.000,128,82,46
2012-11-08T07:00:00.000,279,203,76
2012-11-08T08:00:00.000,348,254,94
2012-11-08T09:00:00.000,206,130,76
2012-11-08T10:00:00.000,88,54,34
2012-11-08T11:00:00.000,76,44,32
2012-11-08T12:00:00.000,71,40,31
2012-11-08T13:00:00.000,74,39,35
2012-11-08T14:00:00.000,89,54,35
2012-11-08T15:00:00.000,106,47,59
2012-11-08T16:00:00.000,256,94,162
2012-11-08T17:00:00.000,394,104,290
2012-11-08T18:00:00.000,258,89,169
2012-11-08T19:00:00.000,114,35,79
2012-11-08T20:00:00.000,59,20,39
2012-11-08T21:00:00.000,44,15,29
2012-11-08T22:00:00.000,27,13,14
2012-11-08T23:00:00.000,22,9,13
2012-11-09T00:00:00.000,19,11,8
2012-11-09T01:00:00.000,5,2,3
2012-11-09T02:00:00.000,5,4,1
2012-11-09T03:00:00.000,2,0,2
2012-11-09T04:00:00.000,7,5,2
2012-11-09T05:00:00.000,15,11,4
2012-11-09T06:00:00.000,100,60,40
2012-11-09T07:00:00.000,233,168,65
2012-11-09T08:00:00.000,329,232,97
2012-11-09T09:00:00.000,167,114,53
2012-11-09T10:00:00.000,92,53,39
2012-11-09T11:00:00.000,75,47,28
2012-11-09T12:00:00.000,66,46,20
2012-11-09T13:00:00.000,90,45,45
2012-11-09T14:00:00.000,102,54,48
2012-11-09T15:00:00.000,163,76,87
2012-11-09T16:00:00.000,222,91,131
2012-11-09T17:00:00.000,324,99,225
2012-11-09T18:00:00.000,208,66,142
2012-11-09T19:00:00.000,84,26,58
2012-11-09T20:00:00.000,32,7,25
2012-11-09T21:00:00.000,25,13,12
2012-11-09T22:00:00.000,25,13,12
2012-11-09T23:00:00.000,16,8,8
2012-11-10T00:00:00.000,20,5,15
2012-11-10T01:00:00.000,8,4,4
2012-11-10T02:00:00.000,10,4,6
2012-11-10T03:00:00.000,5,3,2
2012-11-10T04:00:00.000,4,2,2
2012-11-10T05:00:00.000,9,4,5
2012-11-10T06:00:00.000,15,6,9
2012-11-10T07:00:00.000,23,10,13
2012-11-10T08:00:00.000,44,25,19
2012-11-10T09:00:00.000,54,30,24
2012-11-10T10:00:00.000,102,63,39
2012-11-10T11:00:00.000,102,69,33
2012-11-10T12:00:00.000,138,75,63
2012-11-10T13:00:00.000,130,76,54
2012-11-10T14:00:00.000,142,69,73
2012-11-10T15:00:00.000,137,96,41
2012-11-10T16:00:00.000,109,51,58
2012-11-10T17:00:00.000,72,35,37
2012-11-10T18:00:00.000,47,17,30
2012-11-10T19:00:00.000,26,13,13
2012-11-10T20:00:00.000,24,10,14
2012-11-10T21:00:00.000,15,7,8
2012-11-10T22:00:00.000,15,5,10
2012-11-10T23:00:00.000,18,6,12
2012-11-11T00:00:00.000,10,7,3
2012-11-11T01:00:00.000,7,3,4
2012-11-11T02:00:00.000,8,0,8
2012-11-11T03:00:00.000,4,3,1
2012-11-11T04:00:00.000,3,3,0
2012-11-11T05:00:00.000,3,0,3
2012-11-11T06:00:00.000,12,1,11
2012-11-11T07:00:00.000,21,11,10
2012-11-11T08:00:00.000,36,21,15
2012-11-11T09:00:00.000,58,28,30
2012-11-11T10:00:00.000,54,40,14
2012-11-11T11:00:00.000,58,28,30
2012-11-11T12:00:00.000,51,27,24
2012-11-11T13:00:00.000,58,35,23
2012-11-11T14:00:00.000,71,39,32
2012-11-11T15:00:00.000,35,19,16
2012-11-11T16:00:00.000,39,27,12
2012-11-11T17:00:00.000,27,7,20
2012-11-11T18:00:00.000,19,5,14
2012-11-11T19:00:00.000,14,8,6
2012-11-11T20:00:00.000,11,5,6
2012-11-11T21:00:00.000,14,6,8
2012-11-11T22:00:00.000,7,4,3
2012-11-11T23:00:00.000,8,0,8
2012-11-12T00:00:00.000,4,4,0
2012-11-12T01:00:00.000,1,1,0
2012-11-12T02:00:00.000,4,2,2
2012-11-12T03:00:00.000,1,0,1
2012-11-12T04:00:00.000,2,1,1
2012-11-12T05:00:00.000,11,9,2
2012-11-12T06:00:00.000,63,44,19
2012-11-12T07:00:00.000,146,104,42
2012-11-12T08:00:00.000,213,148,65
2012-11-12T09:00:00.000,135,81,54
2012-11-12T10:00:00.000,52,31,21
2012-11-12T11:00:00.000,46,28,18
2012-11-12T12:00:00.000,43,28,15
2012-11-12T13:00:00.000,37,19,18
2012-11-12T14:00:00.000,60,34,26
2012-11-12T15:00:00.000,80,36,44
2012-11-12T16:00:00.000,138,62,76
2012-11-12T17:00:00.000,261,83,178
2012-11-12T18:00:00.000,176,63,113
2012-11-12T19:00:00.000,68,23,45
2012-11-12T20:00:00.000,23,7,16
2012-11-12T21:00:00.000,26,11,15
2012-11-12T22:00:00.000,24,13,11
2012-11-12T23:00:00.000,17,7,10
2012-11-13T00:00:00.000,9,4,5
2012-11-13T01:00:00.000,3,1,2
2012-11-13T02:00:00.000,4,3,1
2012-11-13T03:00:00.000,2,1,1
2012-11-13T04:00:00.000,8,6,2
2012-11-13T05:00:00.000,25,17,8
2012-11-13T06:00:00.000,113,76,37
2012-11-13T07:00:00.000,246,180,66
2012-11-13T08:00:00.000,318,218,100
2012-11-13T09:00:00.000,171,104,67
2012-11-13T10:00:00.000,56,30,26
2012-11-13T11:00:00.000,52,34,18
2012-11-13T12:00:00.000,28,22,6
2012-11-13T13:00:00.000,41,21,20
2012-11-13T14:00:00.000,51,21,30
2012-11-13T15:00:00.000,75,37,38
2012-11-13T16:00:00.000,164,58,106
2012-11-13T17:00:00.000,331,96,235
2012-11-13T18:00:00.000,205,63,142
2012-11-13T19:00:00.000,77,23,54
2012-11-13T20:00:00.000,40,11,29
2012-11-13T21:00:00.000,37,8,29
2012-11-13T22:00:00.000,19,9,10
2012-11-13T23:00:00.000,12,7,5
2012-11-14T00:00:00.000,1,0,1
2012-11-14T01:00:00.000,4,4,0
2012-11-14T02:00:00.000,4,3,1
2012-11-14T03:00:00.000,3,0,3
2012-11-14T04:00:00.000,8,5,3
2012-11-14T05:00:00.000,24,17,7
2012-11-14T06:00:00.000,123,86,37
2012-11-14T07:00:00.000,235,171,64
2012-11-14T08:00:00.000,353,247,106
2012-11-14T09:00:00.000,174,120,54
2012-11-14T10:00:00.000,93,56,37
2012-11-14T11:00:00.000,64,36,28
2012-11-14T12:00:00.000,70,31,39
2012-11-14T13:00:00.000,80,44,36
2012-11-14T14:00:00.000,78,42,36
2012-11-14T15:00:00.000,127,57,70
2012-11-14T16:00:00.000,218,91,127
2012-11-14T17:00:00.000,416,113,303
2012-11-14T18:00:00.000,244,75,169
2012-11-14T19:00:00.000,116,35,81
2012-11-14T20:00:00.000,67,26,41
2012-11-14T21:00:00.000,47,11,36
2012-11-14T22:00:00.000,29,12,17
2012-11-14T23:00:00.000,22,12,10
2012-11-15T00:00:00.000,6,2,4
2012-11-15T01:00:00.000,3,2,1
2012-11-15T02:00:00.000,4,3,1
2012-11-15T03:00:00.000,1,0,1
2012-11-15T04:00:00.000,8,5,3
2012-11-15T05:00:00.000,25,14,11
2012-11-15T06:00:00.000,109,79,30
2012-11-15T07:00:00.000,242,177,65
2012-11-15T08:00:00.000,309,214,95
2012-11-15T09:00:00.000,186,112,74
2012-11-15T10:00:00.000,76,51,25
2012-11-15T11:00:00.000,77,46,31
2012-11-15T12:00:00.000,77,42,35
2012-11-15T13:00:00.000,85,43,42
2012-11-15T14:00:00.000,105,57,48
2012-11-15T15:00:00.000,132,70,62
2012-11-15T16:00:00.000,204,72,132
2012-11-15T17:00:00.000,328,104,224
2012-11-15T18:00:00.000,246,76,170
2012-11-15T19:00:00.000,116,41,75
2012-11-15T20:00:00.000,63,29,34
2012-11-15T21:00:00.000,58,29,29
2012-11-15T22:00:00.000,32,20,12
2012-11-15T23:00:00.000,28,16,12
2012-11-16T00:00:00.000,10,6,4
2012-11-16T01:00:00.000,10,5,5
2012-11-16T02:00:00.000,3,2,1
2012-11-16T03:00:00.000,3,2,1
2012-11-16T04:00:00.000,10,7,3
2012-11-16T05:00:00.000,18,14,4
2012-11-16T06:00:00.000,91,60,31
2012-11-16T07:00:00.000,212,141,71
2012-11-16T08:00:00.000,277,192,85
2012-11-16T09:00:00.000,159,111,48
2012-11-16T10:00:00.000,89,53,36
2012-11-16T11:00:00.000,73,47,26
2012-11-16T12:00:00.000,67,35,32
2012-11-16T13:00:00.000,91,48,43
2012-11-16T14:00:00.000,75,34,41
2012-11-16T15:00:00.000,75,32,43
2012-11-16T16:00:00.000,153,66,87
2012-11-16T17:00:00.000,239,57,182
2012-11-16T18:00:00.000,156,50,106
2012-11-16T19:00:00.000,88,29,59
2012-11-16T20:00:00.000,46,16,30
2012-11-16T21:00:00.000,21,7,14
2012-11-16T22:00:00.000,22,4,18
2012-11-16T23:00:00.000,18,5,13
2012-11-17T00:00:00.000,14,4,10
2012-11-17T01:00:00.000,5,1,4
2012-11-17T02:00:00.000,5,4,1
2012-11-17T03:00:00.000,1,0,1
2012-11-17T04:00:00.000,4,3,1
2012-11-17T05:00:00.000,5,4,1
2012-11-17T06:00:00.000,12,4,8
2012-11-17T07:00:00.000,24,12,12
2012-11-17T08:00:00.000,31,18,13
2012-11-17T09:00:00.000,46,25,21
2012-11-17T10:00:00.000,49,28,21
2012-11-17T11:00:00.000,66,36,30
2012-11-17T12:00:00.000,81,56,25
2012-11-17T13:00:00.000,60,39,21
2012-11-17T14:00:00.000,43,21,22
2012-11-17T15:00:00.000,32,15,17
2012-11-17T16:00:00.000,40,20,20
2012-11-17T17:00:00.000,29,19,10
2012-11-17T18:00:00.000,23,9,14
2012-11-17T19:00:00.000,20,13,7
2012-11-17T20:00:00.000,15,2,13
2012-11-17T21:00:00.000,11,7,4
2012-11-17T22:00:00.000,12,5,7
2012-11-17T23:00:00.000,12,3,9
2012-11-18T00:00:00.000,11,6,5
2012-11-18T01:00:00.000,3,1,2
2012-11-18T02:00:00.000,3,1,2
2012-11-18T03:00:00.000,2,0,2
2012-11-18T04:00:00.000,5,4,1
2012-11-18T05:00:00.000,3,3,0
2012-11-18T06:00:00.000,6,3,3
2012-11-18T07:00:00.000,12,3,9
2012-11-18T08:00:00.000,16,6,10
2012-11-18T09:00:00.000,20,8,12
2012-11-18T10:00:00.000,21,17,4
2012-11-18T11:00:00.000,28,18,10
2012-11-18T12:00:00.000,34,23,11
2012-11-18T13:00:00.000,41,26,15
2012-11-18T14:00:00.000,45,28,17
2012-11-18T15:00:00.000,24,14,10
2012-11-18T16:00:00.000,30,20,10
2012-11-18T17:00:00.000,22,15,7
2012-11-18T18:00:00.000,12,6,6
2012-11-18T19:00:00.000,11,7,4
2012-11-18T20:00:00.000,14,5,9
2012-11-18T21:00:00.000,6,2,4
2012-11-18T22:00:00.000,11,2,9
2012-11-18T23:00:00.000,12,1,11
2012-11-19T00:00:00.000,3,3,0
2012-11-19T01:00:00.000,6,1,5
2012-11-19T02:00:00.000,2,1,1
2012-11-19T03:00:00.000,2,0,2
2012-11-19T04:00:00.000,8,4,4
2012-11-19T05:00:00.000,15,12,3
2012-11-19T06:00:00.000,46,33,13
2012-11-19T07:00:00.000,103,76,27
2012-11-19T08:00:00.000,139,90,49
2012-11-19T09:00:00.000,66,39,27
2012-11-19T10:00:00.000,35,23,12
2012-11-19T11:00:00.000,13,8,5
2012-11-19T12:00:00.000,18,9,9
2012-11-19T13:00:00.000,13,10,3
2012-11-19T14:00:00.000,32,13,19
2012-11-19T15:00:00.000,45,15,30
2012-11-19T16:00:00.000,78,29,49
2012-11-19T17:00:00.000,155,42,113
2012-11-19T18:00:00.000,78,24,54
2012-11-19T19:00:00.000,50,12,38
2012-11-19T20:00:00.000,18,7,11
2012-11-19T21:00:00.000,19,10,9
2012-11-19T22:00:00.000,15,9,6
2012-11-19T23:00:00.000,8,5,3
2012-11-20T00:00:00.000,7,2,5
2012-11-20T01:00:00.000,1,1,0
2012-11-20T02:00:00.000,3,3,0
2012-11-20T03:00:00.000,2,0,2
2012-11-20T04:00:00.000,3,2,1
2012-11-20T05:00:00.000,14,10,4
2012-11-20T06:00:00.000,83,55,28
2012-11-20T07:00:00.000,191,137,54
2012-11-20T08:00:00.000,263,184,79
2012-11-20T09:00:00.000,154,101,53
2012-11-20T10:00:00.000,63,37,26
2012-11-20T11:00:00.000,31,19,12
2012-11-20T12:00:00.000,37,23,14
2012-11-20T13:00:00.000,32,14,18
2012-11-20T14:00:00.000,37,20,17
2012-11-20T15:00:00.000,72,25,47
2012-11-20T16:00:00.000,127,55,72
2012-11-20T17:00:00.000,285,80,205
2012-11-20T18:00:00.000,184,54,130
2012-11-20T19:00:00.000,65,25,40
2012-11-20T20:00:00.000,33,14,19
2012-11-20T21:00:00.000,25,9,16
2012-11-20T22:00:00.000,18,6,12
2012-11-20T23:00:00.000,11,8,3
2012-11-21T00:00:00.000,9,3,6
2012-11-21T01:00:00.000,1,0,1
2012-11-21T02:00:00.000,3,2,1
2012-11-21T03:00:00.000,2,1,1
2012-11-21T04:00:00.000,6,5,1
2012-11-21T05:00:00.000,9,6,3
2012-11-21T06:00:00.000,52,37,15
2012-11-21T07:00:00.000,119,83,36
2012-11-21T08:00:00.000,183,125,58
2012-11-21T09:00:00.000,117,84,33
2012-11-21T10:00:00.000,58,17,41
2012-11-21T11:00:00.000,30,17,13
2012-11-21T12:00:00.000,30,14,16
2012-11-21T13:00:00.000,64,19,45
2012-11-21T14:00:00.000,74,34,40
2012-11-21T15:00:00.000,100,38,62
2012-11-21T16:00:00.000,148,51,97
2012-11-21T17:00:00.000,139,44,95
2012-11-21T18:00:00.000,97,36,61
2012-11-21T19:00:00.000,42,22,20
2012-11-21T20:00:00.000,40,10,30
2012-11-21T21:00:00.000,21,9,12
2012-11-21T22:00:00.000,17,7,10
2012-11-21T23:00:00.000,9,4,5
2012-11-22T00:00:00.000,8,5,3
2012-11-22T01:00:00.000,39,38,1
2012-11-22T02:00:00.000,4,3,1
2012-11-22T03:00:00.000,4,3,1
2012-11-22T04:00:00.000,1,1,0
2012-11-22T05:00:00.000,4,1,3
2012-11-22T06:00:00.000,4,1,3
2012-11-22T07:00:00.000,10,5,5
2012-11-22T08:00:00.000,23,13,10
2012-11-22T09:00:00.000,44,22,22
2012-11-22T10:00:00.000,64,39,25
2012-11-22T11:00:00.000,88,48,40
2012-11-22T12:00:00.000,68,39,29
2012-11-22T13:00:00.000,50,29,21
2012-11-22T14:00:00.000,37,19,18
2012-11-22T15:00:00.000,31,17,14
2012-11-22T16:00:00.000,23,14,9
2012-11-22T17:00:00.000,7,5,2
2012-11-22T18:00:00.000,4,2,2
2012-11-22T19:00:00.000,9,3,6
2012-11-22T20:00:00.000,9,4,5
2012-11-22T21:00:00.000,10,9,1
2012-11-22T22:00:00.000,6,2,4
2012-11-22T23:00:00.000,7,3,4
2012-11-23T00:00:00.000,15,12,3
2012-11-23T01:00:00.000,0,0,0
2012-11-23T02:00:00.000,2,1,1
2012-11-23T03:00:00.000,0,0,0
2012-11-23T04:00:00.000,3,1,2
2012-11-23T05:00:00.000,9,5,4
2012-11-23T06:00:00.000,11,4,7
2012-11-23T07:00:00.000,22,15,7
2012-11-23T08:00:00.000,25,14,11
2012-11-23T09:00:00.000,15,9,6
2012-11-23T10:00:00.000,32,16,16
2012-11-23T11:00:00.000,16,6,10
2012-11-23T12:00:00.000,17,7,10
2012-11-23T13:00:00.000,18,8,10
2012-11-23T14:00:00.000,23,8,15
2012-11-23T15:00:00.000,27,18,9
2012-11-23T16:00:00.000,22,7,15
2012-11-23T17:00:00.000,31,8,23
2012-11-23T18:00:00.000,15,7,8
2012-11-23T19:00:00.000,13,4,9
2012-11-23T20:00:00.000,14,6,8
2012-11-23T21:00:00.000,3,3,0
2012-11-23T22:00:00.000,13,8,5
2012-11-23T23:00:00.000,9,1,8
2012-11-24T00:00:00.000,3,1,2
2012-11-24T01:00:00.000,2,1,1
2012-11-24T02:00:00.000,4,3,1
2012-11-24T03:00:00.000,1,1,0
2012-11-24T04:00:00.000,6,5,1
2012-11-24T05:00:00.000,6,5,1
2012-11-24T06:00:00.000,11,3,8
2012-11-24T07:00:00.000,14,8,6
2012-11-24T08:00:00.000,30,17,13
2012-11-24T09:00:00.000,40,20,20
2012-11-24T10:00:00.000,56,35,21
2012-11-24T11:00:00.000,67,39,28
2012-11-24T12:00:00.000,100,57,43
2012-11-24T13:00:00.000,68,47,21
2012-11-24T14:00:00.000,117,56,61
2012-11-24T15:00:00.000,127,66,61
2012-11-24T16:00:00.000,63,32,31
2012-11-24T17:00:00.000,30,16,14
2012-11-24T18:00:00.000,33,12,21
2012-11-24T19:00:00.000,22,7,15
2012-11-24T20:00:00.000,16,6,10
2012-11-24T21:00:00.000,13,5,8
2012-11-24T22:00:00.000,11,4,7
2012-11-24T23:00:00.000,5,2,3
2012-11-25T00:00:00.000,9,6,3
2012-11-25T01:00:00.000,9,3,6
2012-11-25T02:00:00.000,2,2,0
2012-11-25T03:00:00.000,4,2,2
2012-11-25T04:00:00.000,3,1,2
2012-11-25T05:00:00.000,2,2,0
2012-11-25T06:00:00.000,13,9,4
2012-11-25T07:00:00.000,22,13,9
2012-11-25T08:00:00.000,33,19,14
2012-11-25T09:00:00.000,45,28,17
2012-11-25T10:00:00.000,52,29,23
2012-11-25T11:00:00.000,66,32,34
2012-11-25T12:00:00.000,82,48,34
2012-11-25T13:00:00.000,146,84,62
2012-11-25T14:00:00.000,154,89,65
2012-11-25T15:00:00.000,133,78,55
2012-11-25T16:00:00.000,88,44,44
2012-11-25T17:00:00.000,47,25,22
2012-11-25T18:00:00.000,30,16,14
2012-11-25T19:00:00.000,27,13,14
2012-11-25T20:00:00.000,17,8,9
2012-11-25T21:00:00.000,13,3,10
2012-11-25T22:00:00.000,7,3,4
2012-11-25T23:00:00.000,14,9,5
2012-11-26T00:00:00.000,3,2,1
2012-11-26T01:00:00.000,4,1,3
2012-11-26T02:00:00.000,0,0,0
2012-11-26T03:00:00.000,2,1,1
2012-11-26T04:00:00.000,7,4,3
2012-11-26T05:00:00.000,23,17,6
2012-11-26T06:00:00.000,100,67,33
2012-11-26T07:00:00.000,227,171,56
2012-11-26T08:00:00.000,312,213,99
2012-11-26T09:00:00.000,179,113,66
2012-11-26T10:00:00.000,84,41,43
2012-11-26T11:00:00.000,56,41,15
2012-11-26T12:00:00.000,67,37,30
2012-11-26T13:00:00.000,83,48,35
2012-11-26T14:00:00.000,98,48,50
2012-11-26T15:00:00.000,115,47,68
2012-11-26T16:00:00.000,194,74,120
2012-11-26T17:00:00.000,352,102,250
2012-11-26T18:00:00.000,216,66,150
2012-11-26T19:00:00.000,87,35,52
2012-11-26T20:00:00.000,67,19,48
2012-11-26T21:00:00.000,35,15,20
2012-11-26T22:00:00.000,35,12,23
2012-11-26T23:00:00.000,12,6,6
2012-11-27T00:00:00.000,10,6,4
2012-11-27T01:00:00.000,4,0,4
2012-11-27T02:00:00.000,1,0,1
2012-11-27T03:00:00.000,4,3,1
2012-11-27T04:00:00.000,8,5,3
2012-11-27T05:00:00.000,27,17,10
2012-11-27T06:00:00.000,105,74,31
2012-11-27T07:00:00.000,229,165,64
2012-11-27T08:00:00.000,366,263,103
2012-11-27T09:00:00.000,185,122,63
2012-11-27T10:00:00.000,68,39,29
2012-11-27T11:00:00.000,63,38,25
2012-11-27T12:00:00.000,55,37,18
2012-11-27T13:00:00.000,81,45,36
2012-11-27T14:00:00.000,83,30,53
2012-11-27T15:00:00.000,125,60,65
2012-11-27T16:00:00.000,232,103,129
2012-11-27T17:00:00.000,385,108,277
2012-11-27T18:00:00.000,258,75,183
2012-11-27T19:00:00.000,102,41,61
2012-11-27T20:00:00.000,62,25,37
2012-11-27T21:00:00.000,42,21,21
2012-11-27T22:00:00.000,32,15,17
2012-11-27T23:00:00.000,20,9,11
2012-11-28T00:00:00.000,7,2,5
2012-11-28T01:00:00.000,3,3,0
2012-11-28T02:00:00.000,3,2,1
2012-11-28T03:00:00.000,2,0,2
2012-11-28T04:00:00.000,8,7,1
2012-11-28T05:00:00.000,18,14,4
2012-11-28T06:00:00.000,96,67,29
2012-11-28T07:00:00.000,214,153,61
2012-11-28T08:00:00.000,317,212,105
2012-11-28T09:00:00.000,162,104,58
2012-11-28T10:00:00.000,85,52,33
2012-11-28T11:00:00.000,46,24,22
2012-11-28T12:00:00.000,49,26,23
2012-11-28T13:00:00.000,59,28,31
2012-11-28T14:00:00.000,35,19,16
2012-11-28T15:00:00.000,62,26,36
2012-11-28T16:00:00.000,144,61,83
2012-11-28T17:00:00.000,315,90,225
2012-11-28T18:00:00.000,190,51,139
2012-11-28T19:00:00.000,113,38,75
2012-11-28T20:00:00.000,44,18,26
2012-11-28T21:00:00.000,28,12,16
2012-11-28T22:00:00.000,23,9,14
2012-11-28T23:00:00.000,11,4,7
2012-11-29T00:00:00.000,5,4,1
2012-11-29T01:00:00.000,2,2,0
2012-11-29T02:00:00.000,5,5,0
2012-11-29T03:00:00.000,3,1,2
2012-11-29T04:00:00.000,7,6,1
2012-11-29T05:00:00.000,21,15,6
2012-11-29T06:00:00.000,90,63,27
2012-11-29T07:00:00.000,191,142,49
2012-11-29T08:00:00.000,278,188,90
2012-11-29T09:00:00.000,139,91,48
2012-11-29T10:00:00.000,45,16,29
2012-11-29T11:00:00.000,38,20,18
2012-11-29T12:00:00.000,41,24,17
2012-11-29T13:00:00.000,29,15,14
2012-11-29T14:00:00.000,46,28,18
2012-11-29T15:00:00.000,75,29,46
2012-11-29T16:00:00.000,151,66,85
2012-11-29T17:00:00.000,273,83,190
2012-11-29T18:00:00.000,182,64,118
2012-11-29T19:00:00.000,97,38,59
2012-11-29T20:00:00.000,42,19,23
2012-11-29T21:00:00.000,40,19,21
2012-11-29T22:00:00.000,24,7,17
2012-11-29T23:00:00.000,20,9,11
2012-11-30T00:00:00.000,7,5,2
2012-11-30T01:00:00.000,1,0,1
2012-11-30T02:00:00.000,1,0,1
2012-11-30T03:00:00.000,1,0,1
2012-11-30T04:00:00.000,8,6,2
2012-11-30T05:00:00.000,23,18,5
2012-11-30T06:00:00.000,80,53,27
2012-11-30T07:00:00.000,165,115,50
2012-11-30T08:00:00.000,242,161,81
2012-11-30T09:00:00.000,141,84,57
2012-11-30T10:00:00.000,59,27,32
2012-11-30T11:00:00.000,44,22,22
2012-11-30T12:00:00.000,39,19,20
2012-11-30T13:00:00.000,38,21,17
2012-11-30T14:00:00.000,46,21,25
2012-11-30T15:00:00.000,66,35,31
2012-11-30T16:00:00.000,139,47,92
2012-11-30T17:00:00.000,228,61,167
2012-11-30T18:00:00.000,145,52,93
2012-11-30T19:00:00.000,55,16,39
2012-11-30T20:00:00.000,28,8,20
2012-11-30T21:00:00.000,7,4,3
2012-11-30T22:00:00.000,10,7,3
2012-11-30T23:00:00.000,17,4,13
2012-12-01T00:00:00.000,10,2,8
2012-12-01T01:00:00.000,3,0,3
2012-12-01T02:00:00.000,3,1,2
2012-12-01T03:00:00.000,3,3,0
2012-12-01T04:00:00.000,3,2,1
2012-12-01T05:00:00.000,4,2,2
2012-12-01T06:00:00.000,10,3,7
2012-12-01T07:00:00.000,21,13,8
2012-12-01T08:00:00.000,37,17,20
2012-12-01T09:00:00.000,43,21,22
2012-12-01T10:00:00.000,51,26,25
2012-12-01T11:00:00.000,53,36,17
2012-12-01T12:00:00.000,62,34,28
2012-12-01T13:00:00.000,53,31,22
2012-12-01T14:00:00.000,51,35,16
2012-12-01T15:00:00.000,54,31,23
2012-12-01T16:00:00.000,44,31,13
2012-12-01T17:00:00.000,40,15,25
2012-12-01T18:00:00.000,24,8,16
2012-12-01T19:00:00.000,19,6,13
2012-12-01T20:00:00.000,10,3,7
2012-12-01T21:00:00.000,10,4,6
2012-12-01T22:00:00.000,12,6,6
2012-12-01T23:00:00.000,14,8,6
2012-12-02T00:00:00.000,16,9,7
2012-12-02T01:00:00.000,3,1,2
2012-12-02T02:00:00.000,4,2,2
2012-12-02T03:00:00.000,0,0,0
2012-12-02T04:00:00.000,3,3,0
2012-12-02T05:00:00.000,6,2,4
2012-12-02T06:00:00.000,10,3,7
2012-12-02T07:00:00.000,12,3,9
2012-12-02T08:00:00.000,31,19,12
2012-12-02T09:00:00.000,47,31,16
2012-12-02T10:00:00.000,45,29,16
2012-12-02T11:00:00.000,43,25,18
2012-12-02T12:00:00.000,65,34,31
2012-12-02T13:00:00.000,49,34,15
2012-12-02T14:00:00.000,41,25,16
2012-12-02T15:00:00.000,31,15,16
2012-12-02T16:00:00.000,38,22,16
2012-12-02T17:00:00.000,13,8,5
2012-12-02T18:00:00.000,19,10,9
2012-12-02T19:00:00.000,17,6,11
2012-12-02T20:00:00.000,8,1,7
2012-12-02T21:00:00.000,11,5,6
2012-12-02T22:00:00.000,7,2,5
2012-12-02T23:00:00.000,8,5,3
2012-12-03T00:00:00.000,2,1,1
2012-12-03T01:00:00.000,6,3,3
2012-12-03T02:00:00.000,3,2,1
2012-12-03T03:00:00.000,1,0,1
2012-12-03T04:00:00.000,2,1,1
2012-12-03T05:00:00.000,22,19,3
2012-12-03T06:00:00.000,89,60,29
2012-12-03T07:00:00.000,186,122,64
2012-12-03T08:00:00.000,290,190,100
2012-12-03T09:00:00.000,151,105,46
2012-12-03T10:00:00.000,62,39,23
2012-12-03T11:00:00.000,50,27,23
2012-12-03T12:00:00.000,51,29,22
2012-12-03T13:00:00.000,41,23,18
2012-12-03T14:00:00.000,43,23,20
2012-12-03T15:00:00.000,58,25,33
2012-12-03T16:00:00.000,139,56,83
2012-12-03T17:00:00.000,287,72,215
2012-12-03T18:00:00.000,196,56,140
2012-12-03T19:00:00.000,97,35,62
2012-12-03T20:00:00.000,39,18,21
2012-12-03T21:00:00.000,29,14,15
2012-12-03T22:00:00.000,15,9,6
2012-12-03T23:00:00.000,9,3,6
2012-12-04T00:00:00.000,11,8,3
2012-12-04T01:00:00.000,4,1,3
2012-12-04T02:00:00.000,3,0,3
2012-12-04T03:00:00.000,2,1,1
2012-12-04T04:00:00.000,7,4,3
2012-12-04T05:00:00.000,24,15,9
2012-12-04T06:00:00.000,87,60,27
2012-12-04T07:00:00.000,189,135,54
2012-12-04T08:00:00.000,299,188,111
2012-12-04T09:00:00.000,179,113,66
2012-12-04T10:00:00.000,68,42,26
2012-12-04T11:00:00.000,57,43,14
2012-12-04T12:00:00.000,56,30,26
2012-12-04T13:00:00.000,52,28,24
2012-12-04T14:00:00.000,56,33,23
2012-12-04T15:00:00.000,66,30,36
2012-12-04T16:00:00.000,147,62,85
2012-12-04T17:00:00.000,314,86,228
2012-12-04T18:00:00.000,173,49,124
2012-12-04T19:00:00.000,78,33,45
2012-12-04T20:00:00.000,55,23,32
2012-12-04T21:00:00.000,39,19,20
2012-12-04T22:00:00.000,21,7,14
2012-12-04T23:00:00.000,24,11,13
2012-12-05T00:00:00.000,9,3,6
2012-12-05T01:00:00.000,1,0,1
2012-12-05T02:00:00.000,3,2,1
2012-12-05T03:00:00.000,2,0,2
2012-12-05T04:00:00.000,6,5,1
2012-12-05T05:00:00.000,21,17,4
2012-12-05T06:00:00.000,84,59,25
2012-12-05T07:00:00.000,210,149,61
2012-12-05T08:00:00.000,312,217,95
2012-12-05T09:00:00.000,190,121,69
2012-12-05T10:00:00.000,77,52,25
2012-12-05T11:00:00.000,66,40,26
2012-12-05T12:00:00.000,63,33,30
2012-12-05T13:00:00.000,84,47,37
2012-12-05T14:00:00.000,67,34,33
2012-12-05T15:00:00.000,107,55,52
2012-12-05T16:00:00.000,174,78,96
2012-12-05T17:00:00.000,328,103,225
2012-12-05T18:00:00.000,250,75,175
2012-12-05T19:00:00.000,122,40,82
2012-12-05T20:00:00.000,45,13,32
2012-12-05T21:00:00.000,39,18,21
2012-12-05T22:00:00.000,26,12,14
2012-12-05T23:00:00.000,14,7,7
2012-12-06T00:00:00.000,4,2,2
2012-12-06T01:00:00.000,5,2,3
2012-12-06T02:00:00.000,1,0,1
2012-12-06T03:00:00.000,3,1,2
2012-12-06T04:00:00.000,13,10,3
2012-12-06T05:00:00.000,26,17,9
2012-12-06T06:00:00.000,98,67,31
2012-12-06T07:00:00.000,165,119,46
2012-12-06T08:00:00.000,280,193,87
2012-12-06T09:00:00.000,143,83,60
2012-12-06T10:00:00.000,57,37,20
2012-12-06T11:00:00.000,34,22,12
2012-12-06T12:00:00.000,47,27,20
2012-12-06T13:00:00.000,40,16,24
2012-12-06T14:00:00.000,44,21,23
2012-12-06T15:00:00.000,73,36,37
2012-12-06T16:00:00.000,177,62,115
2012-12-06T17:00:00.000,285,97,188
2012-12-06T18:00:00.000,170,62,108
2012-12-06T19:00:00.000,92,32,60
2012-12-06T20:00:00.000,44,12,32
2012-12-06T21:00:00.000,40,19,21
2012-12-06T22:00:00.000,26,10,16
2012-12-06T23:00:00.000,12,8,4
2012-12-07T00:00:00.000,9,3,6
2012-12-07T01:00:00.000,8,1,7
2012-12-07T02:00:00.000,0,0,0
2012-12-07T03:00:00.000,1,0,1
2012-12-07T04:00:00.000,7,4,3
2012-12-07T05:00:00.000,15,10,5
2012-12-07T06:00:00.000,80,51,29
2012-12-07T07:00:00.000,162,122,40
2012-12-07T08:00:00.000,255,185,70
2012-12-07T09:00:00.000,149,96,53
2012-12-07T10:00:00.000,81,40,41
2012-12-07T11:00:00.000,43,25,18
2012-12-07T12:00:00.000,45,22,23
2012-12-07T13:00:00.000,46,21,25
2012-12-07T14:00:00.000,51,20,31
2012-12-07T15:00:00.000,69,33,36
2012-12-07T16:00:00.000,171,60,111
2012-12-07T17:00:00.000,263,81,182
2012-12-07T18:00:00.000,164,56,108
2012-12-07T19:00:00.000,74,27,47
2012-12-07T20:00:00.000,38,9,29
2012-12-07T21:00:00.000,28,12,16
2012-12-07T22:00:00.000,33,18,15
2012-12-07T23:00:00.000,24,10,14
2012-12-08T00:00:00.000,17,8,9
2012-12-08T01:00:00.000,5,3,2
2012-12-08T02:00:00.000,3,0,3
2012-12-08T03:00:00.000,1,1,0
2012-12-08T04:00:00.000,2,2,0
2012-12-08T05:00:00.000,3,1,2
2012-12-08T06:00:00.000,12,5,7
2012-12-08T07:00:00.000,21,10,11
2012-12-08T08:00:00.000,46,29,17
2012-12-08T09:00:00.000,52,29,23
2012-12-08T10:00:00.000,66,51,15
2012-12-08T11:00:00.000,65,36,29
2012-12-08T12:00:00.000,67,34,33
2012-12-08T13:00:00.000,83,58,25
2012-12-08T14:00:00.000,95,60,35
2012-12-08T15:00:00.000,87,40,47
2012-12-08T16:00:00.000,58,24,34
2012-12-08T17:00:00.000,54,16,38
2012-12-08T18:00:00.000,34,13,21
2012-12-08T19:00:00.000,22,12,10
2012-12-08T20:00:00.000,18,7,11
2012-12-08T21:00:00.000,27,12,15
2012-12-08T22:00:00.000,19,13,6
2012-12-08T23:00:00.000,17,7,10
2012-12-09T00:00:00.000,6,2,4
2012-12-09T01:00:00.000,6,3,3
2012-12-09T02:00:00.000,5,1,4
2012-12-09T03:00:00.000,8,3,5
2012-12-09T04:00:00.000,3,2,1
2012-12-09T05:00:00.000,2,1,1
2012-12-09T06:00:00.000,8,3,5
2012-12-09T07:00:00.000,16,6,10
2012-12-09T08:00:00.000,29,14,15
2012-12-09T09:00:00.000,22,8,14
2012-12-09T10:00:00.000,29,14,15
2012-12-09T11:00:00.000,37,31,6
2012-12-09T12:00:00.000,39,24,15
2012-12-09T13:00:00.000,39,24,15
2012-12-09T14:00:00.000,29,16,13
2012-12-09T15:00:00.000,33,15,18
2012-12-09T16:00:00.000,27,10,17
2012-12-09T17:00:00.000,27,13,14
2012-12-09T18:00:00.000,20,9,11
2012-12-09T19:00:00.000,13,7,6
2012-12-09T20:00:00.000,10,6,4
2012-12-09T21:00:00.000,9,3,6
2012-12-09T22:00:00.000,3,2,1
2012-12-09T23:00:00.000,2,0,2
2012-12-10T00:00:00.000,6,2,4
2012-12-10T01:00:00.000,6,4,2
2012-12-10T02:00:00.000,2,2,0
2012-12-10T03:00:00.000,1,0,1
2012-12-10T04:00:00.000,4,2,2
2012-12-10T05:00:00.000,32,22,10
2012-12-10T06:00:00.000,94,68,26
2012-12-10T07:00:00.000,228,134,94
2012-12-10T08:00:00.000,304,212,92
2012-12-10T09:00:00.000,151,100,51
2012-12-10T10:00:00.000,66,41,25
2012-12-10T11:00:00.000,54,32,22
2012-12-10T12:00:00.000,53,33,20
2012-12-10T13:00:00.000,53,25,28
2012-12-10T14:00:00.000,64,31,33
2012-12-10T15:00:00.000,84,36,48
2012-12-10T16:00:00.000,164,75,89
2012-12-10T17:00:00.000,354,109,245
2012-12-10T18:00:00.000,216,55,161
2012-12-10T19:00:00.000,90,32,58
2012-12-10T20:00:00.000,60,25,35
2012-12-10T21:00:00.000,42,11,31
2012-12-10T22:00:00.000,20,10,10
2012-12-10T23:00:00.000,14,9,5
2012-12-11T00:00:00.000,12,4,8
2012-12-11T01:00:00.000,2,1,1
2012-12-11T02:00:00.000,3,3,0
2012-12-11T03:00:00.000,4,1,3
2012-12-11T04:00:00.000,8,5,3
2012-12-11T05:00:00.000,25,19,6
2012-12-11T06:00:00.000,90,60,30
2012-12-11T07:00:00.000,208,158,50
2012-12-11T08:00:00.000,299,201,98
2012-12-11T09:00:00.000,154,108,46
2012-12-11T10:00:00.000,57,32,25
2012-12-11T11:00:00.000,34,20,14
2012-12-11T12:00:00.000,34,19,15
2012-12-11T13:00:00.000,53,27,26
2012-12-11T14:00:00.000,58,32,26
2012-12-11T15:00:00.000,75,35,40
2012-12-11T16:00:00.000,136,61,75
2012-12-11T17:00:00.000,313,81,232
2012-12-11T18:00:00.000,187,54,133
2012-12-11T19:00:00.000,75,20,55
2012-12-11T20:00:00.000,54,26,28
2012-12-11T21:00:00.000,34,11,23
2012-12-11T22:00:00.000,20,11,9
2012-12-11T23:00:00.000,10,5,5
2012-12-12T00:00:00.000,9,2,7
2012-12-12T01:00:00.000,5,4,1
2012-12-12T02:00:00.000,1,1,0
2012-12-12T03:00:00.000,3,2,1
2012-12-12T04:00:00.000,5,3,2
2012-12-12T05:00:00.000,22,18,4
2012-12-12T06:00:00.000,84,56,28
2012-12-12T07:00:00.000,160,116,44
2012-12-12T08:00:00.000,281,207,74
2012-12-12T09:00:00.000,140,80,60
2012-12-12T10:00:00.000,50,38,12
2012-12-12T11:00:00.000,20,9,11
2012-12-12T12:00:00.000,39,24,15
2012-12-12T13:00:00.000,38,22,16
2012-12-12T14:00:00.000,72,39,33
2012-12-12T15:00:00.000,77,29,48
2012-12-12T16:00:00.000,138,54,84
2012-12-12T17:00:00.000,295,85,210
2012-12-12T18:00:00.000,187,50,137
2012-12-12T19:00:00.000,81,30,51
2012-12-12T20:00:00.000,59,19,40
2012-12-12T21:00:00.000,37,10,27
2012-12-12T22:00:00.000,33,14,19
2012-12-12T23:00:00.000,12,7,5
2012-12-13T00:00:00.000,6,3,3
2012-12-13T01:00:00.000,4,1,3
2012-12-13T02:00:00.000,7,2,5
2012-12-13T03:00:00.000,2,1,1
2012-12-13T04:00:00.000,5,2,3
2012-12-13T05:00:00.000,23,17,6
2012-12-13T06:00:00.000,100,73,27
2012-12-13T07:00:00.000,175,129,46
2012-12-13T08:00:00.000,284,188,96
2012-12-13T09:00:00.000,154,106,48
2012-12-13T10:00:00.000,71,47,24
2012-12-13T11:00:00.000,60,31,29
2012-12-13T12:00:00.000,72,48,24
2012-12-13T13:00:00.000,58,30,28
2012-12-13T14:00:00.000,59,27,32
2012-12-13T15:00:00.000,95,49,46
2012-12-13T16:00:00.000,171,69,102
2012-12-13T17:00:00.000,280,74,206
2012-12-13T18:00:00.000,155,58,97
2012-12-13T19:00:00.000,107,35,72
2012-12-13T20:00:00.000,60,31,29
2012-12-13T21:00:00.000,30,8,22
2012-12-13T22:00:00.000,20,12,8
2012-12-13T23:00:00.000,15,6,9
2012-12-14T00:00:00.000,8,4,4
2012-12-14T01:00:00.000,3,1,2
2012-12-14T02:00:00.000,1,0,1
2012-12-14T03:00:00.000,3,1,2
2012-12-14T04:00:00.000,5,2,3
2012-12-14T05:00:00.000,11,6,5
2012-12-14T06:00:00.000,64,45,19
2012-12-14T07:00:00.000,149,112,37
2012-12-14T08:00:00.000,214,149,65
2012-12-14T09:00:00.000,150,102,48
2012-12-14T10:00:00.000,53,33,20
2012-12-14T11:00:00.000,54,33,21
2012-12-14T12:00:00.000,56,35,21
2012-12-14T13:00:00.000,66,42,24
2012-12-14T14:00:00.000,67,37,30
2012-12-14T15:00:00.000,116,61,55
2012-12-14T16:00:00.000,165,61,104
2012-12-14T17:00:00.000,229,66,163
2012-12-14T18:00:00.000,138,41,97
2012-12-14T19:00:00.000,77,31,46
2012-12-14T20:00:00.000,29,13,16
2012-12-14T21:00:00.000,20,8,12
2012-12-14T22:00:00.000,14,3,11
2012-12-14T23:00:00.000,17,8,9
2012-12-15T00:00:00.000,22,14,8
2012-12-15T01:00:00.000,6,3,3
2012-12-15T02:00:00.000,11,6,5
2012-12-15T03:00:00.000,4,3,1
2012-12-15T04:00:00.000,3,3,0
2012-12-15T05:00:00.000,10,7,3
2012-12-15T06:00:00.000,19,9,10
2012-12-15T07:00:00.000,17,9,8
2012-12-15T08:00:00.000,40,22,18
2012-12-15T09:00:00.000,46,31,15
2012-12-15T10:00:00.000,42,17,25
2012-12-15T11:00:00.000,29,19,10
2012-12-15T12:00:00.000,32,22,10
2012-12-15T13:00:00.000,16,8,8
2012-12-15T14:00:00.000,33,18,15
2012-12-15T15:00:00.000,19,7,12
2012-12-15T16:00:00.000,22,15,7
2012-12-15T17:00:00.000,19,9,10
2012-12-15T18:00:00.000,23,14,9
2012-12-15T19:00:00.000,15,2,13
2012-12-15T20:00:00.000,10,5,5
2012-12-15T21:00:00.000,11,5,6
2012-12-15T22:00:00.000,6,3,3
2012-12-15T23:00:00.000,8,7,1
2012-12-16T00:00:00.000,9,5,4
2012-12-16T01:00:00.000,4,2,2
2012-12-16T02:00:00.000,5,2,3
2012-12-16T03:00:00.000,2,0,2
2012-12-16T04:00:00.000,2,1,1
2012-12-16T05:00:00.000,1,0,1
2012-12-16T06:00:00.000,9,3,6
2012-12-16T07:00:00.000,12,7,5
2012-12-16T08:00:00.000,21,11,10
2012-12-16T09:00:00.000,39,27,12
2012-12-16T10:00:00.000,39,27,12
2012-12-16T11:00:00.000,38,24,14
2012-12-16T12:00:00.000,26,18,8
2012-12-16T13:00:00.000,25,13,12
2012-12-16T14:00:00.000,21,12,9
2012-12-16T15:00:00.000,23,14,9
2012-12-16T16:00:00.000,19,7,12
2012-12-16T17:00:00.000,8,3,5
2012-12-16T18:00:00.000,6,4,2
2012-12-16T19:00:00.000,12,4,8
2012-12-16T20:00:00.000,8,5,3
2012-12-16T21:00:00.000,9,6,3
2012-12-16T22:00:00.000,11,6,5
2012-12-16T23:00:00.000,2,1,1
2012-12-17T00:00:00.000,1,0,1
2012-12-17T01:00:00.000,1,1,0
2012-12-17T02:00:00.000,7,2,5
2012-12-17T03:00:00.000,1,0,1
2012-12-17T04:00:00.000,4,2,2
2012-12-17T05:00:00.000,12,9,3
2012-12-17T06:00:00.000,59,46,13
2012-12-17T07:00:00.000,123,93,30
2012-12-17T08:00:00.000,196,134,62
2012-12-17T09:00:00.000,118,82,36
2012-12-17T10:00:00.000,53,36,17
2012-12-17T11:00:00.000,34,21,13
2012-12-17T12:00:00.000,33,19,14
2012-12-17T13:00:00.000,42,26,16
2012-12-17T14:00:00.000,52,16,36
2012-12-17T15:00:00.000,58,27,31
2012-12-17T16:00:00.000,131,48,83
2012-12-17T17:00:00.000,220,68,152
2012-12-17T18:00:00.000,151,42,109
2012-12-17T19:00:00.000,85,19,66
2012-12-17T20:00:00.000,34,16,18
2012-12-17T21:00:00.000,36,17,19
2012-12-17T22:00:00.000,26,15,11
2012-12-17T23:00:00.000,15,8,7
2012-12-18T00:00:00.000,12,4,8
2012-12-18T01:00:00.000,9,6,3
2012-12-18T02:00:00.000,3,2,1
2012-12-18T03:00:00.000,3,1,2
2012-12-18T04:00:00.000,6,5,1
2012-12-18T05:00:00.000,23,14,9
2012-12-18T06:00:00.000,61,46,15
2012-12-18T07:00:00.000,162,114,48
2012-12-18T08:00:00.000,256,160,96
2012-12-18T09:00:00.000,132,88,44
2012-12-18T10:00:00.000,47,30,17
2012-12-18T11:00:00.000,33,16,17
2012-12-18T12:00:00.000,39,22,17
2012-12-18T13:00:00.000,51,30,21
2012-12-18T14:00:00.000,49,33,16
2012-12-18T15:00:00.000,86,34,52
2012-12-18T16:00:00.000,101,42,59
2012-12-18T17:00:00.000,275,82,193
2012-12-18T18:00:00.000,180,62,118
2012-12-18T19:00:00.000,76,27,49
2012-12-18T20:00:00.000,41,16,25
2012-12-18T21:00:00.000,25,12,13
2012-12-18T22:00:00.000,24,12,12
2012-12-18T23:00:00.000,8,4,4
2012-12-19T00:00:00.000,6,2,4
2012-12-19T01:00:00.000,5,4,1
2012-12-19T02:00:00.000,5,3,2
2012-12-19T03:00:00.000,1,0,1
2012-12-19T04:00:00.000,6,3,3
2012-12-19T05:00:00.000,14,11,3
2012-12-19T06:00:00.000,43,25,18
2012-12-19T07:00:00.000,98,64,34
2012-12-19T08:00:00.000,141,89,52
2012-12-19T09:00:00.000,78,49,29
2012-12-19T10:00:00.000,37,22,15
2012-12-19T11:00:00.000,22,12,10
2012-12-19T12:00:00.000,22,11,11
2012-12-19T13:00:00.000,29,14,15
2012-12-19T14:00:00.000,26,16,10
2012-12-19T15:00:00.000,38,13,25
2012-12-19T16:00:00.000,76,36,40
2012-12-19T17:00:00.000,147,47,100
2012-12-19T18:00:00.000,121,35,86
2012-12-19T19:00:00.000,53,14,39
2012-12-19T20:00:00.000,21,10,11
2012-12-19T21:00:00.000,9,3,6
2012-12-19T22:00:00.000,16,11,5
2012-12-19T23:00:00.000,6,2,4
2012-12-20T00:00:00.000,4,4,0
2012-12-20T01:00:00.000,1,1,0
2012-12-20T02:00:00.000,1,1,0
2012-12-20T03:00:00.000,1,0,1
2012-12-20T04:00:00.000,5,3,2
2012-12-20T05:00:00.000,8,5,3
2012-12-20T06:00:00.000,55,32,23
2012-12-20T07:00:00.000,103,71,32
2012-12-20T08:00:00.000,141,85,56
2012-12-20T09:00:00.000,67,40,27
2012-12-20T10:00:00.000,27,18,9
2012-12-20T11:00:00.000,23,10,13
2012-12-20T12:00:00.000,16,13,3
2012-12-20T13:00:00.000,24,18,6
2012-12-20T14:00:00.000,25,13,12
2012-12-20T15:00:00.000,53,26,27
2012-12-20T16:00:00.000,83,28,55
2012-12-20T17:00:00.000,179,65,114
2012-12-20T18:00:00.000,126,45,81
2012-12-20T19:00:00.000,49,18,31
2012-12-20T20:00:00.000,33,6,27
2012-12-20T21:00:00.000,19,7,12
2012-12-20T22:00:00.000,22,12,10
2012-12-20T23:00:00.000,12,5,7
2012-12-21T00:00:00.000,8,6,2
2012-12-21T01:00:00.000,2,2,0
2012-12-21T02:00:00.000,4,3,1
2012-12-21T03:00:00.000,2,1,1
2012-12-21T04:00:00.000,6,4,2
2012-12-21T05:00:00.000,9,6,3
2012-12-21T06:00:00.000,36,24,12
2012-12-21T07:00:00.000,103,67,36
2012-12-21T08:00:00.000,150,99,51
2012-12-21T09:00:00.000,94,58,36
2012-12-21T10:00:00.000,34,22,12
2012-12-21T11:00:00.000,35,22,13
2012-12-21T12:00:00.000,28,14,14
2012-12-21T13:00:00.000,38,25,13
2012-12-21T14:00:00.000,77,35,42
2012-12-21T15:00:00.000,127,66,61
2012-12-21T16:00:00.000,111,36,75
2012-12-21T17:00:00.000,161,49,112
2012-12-21T18:00:00.000,92,23,69
2012-12-21T19:00:00.000,38,12,26
2012-12-21T20:00:00.000,23,5,18
2012-12-21T21:00:00.000,21,10,11
2012-12-21T22:00:00.000,17,7,10
2012-12-21T23:00:00.000,16,9,7
2012-12-22T00:00:00.000,8,2,6
2012-12-22T01:00:00.000,6,6,0
2012-12-22T02:00:00.000,5,4,1
2012-12-22T03:00:00.000,8,5,3
2012-12-22T04:00:00.000,3,2,1
2012-12-22T05:00:00.000,5,5,0
2012-12-22T06:00:00.000,8,3,5
2012-12-22T07:00:00.000,20,15,5
2012-12-22T08:00:00.000,26,13,13
2012-12-22T09:00:00.000,28,16,12
2012-12-22T10:00:00.000,32,21,11
2012-12-22T11:00:00.000,37,19,18
2012-12-22T12:00:00.000,36,19,17
2012-12-22T13:00:00.000,56,32,24
2012-12-22T14:00:00.000,43,25,18
2012-12-22T15:00:00.000,53,24,29
2012-12-22T16:00:00.000,33,16,17
2012-12-22T17:00:00.000,20,8,12
2012-12-22T18:00:00.000,20,11,9
2012-12-22T19:00:00.000,18,8,10
2012-12-22T20:00:00.000,11,2,9
2012-12-22T21:00:00.000,5,2,3
2012-12-22T22:00:00.000,7,4,3
2012-12-22T23:00:00.000,5,1,4
2012-12-23T00:00:00.000,8,3,5
2012-12-23T01:00:00.000,7,6,1
2012-12-23T02:00:00.000,5,3,2
2012-12-23T03:00:00.000,2,2,0
2012-12-23T04:00:00.000,4,3,1
2012-12-23T05:00:00.000,2,2,0
2012-12-23T06:00:00.000,8,2,6
2012-12-23T07:00:00.000,15,7,8
2012-12-23T08:00:00.000,13,6,7
2012-12-23T09:00:00.000,11,6,5
2012-12-23T10:00:00.000,23,10,13
2012-12-23T11:00:00.000,48,32,16
2012-12-23T12:00:00.000,37,27,10
2012-12-23T13:00:00.000,49,30,19
2012-12-23T14:00:00.000,42,26,16
2012-12-23T15:00:00.000,41,24,17
2012-12-23T16:00:00.000,33,21,12
2012-12-23T17:00:00.000,25,13,12
2012-12-23T18:00:00.000,13,8,5
2012-12-23T19:00:00.000,10,2,8
2012-12-23T20:00:00.000,9,3,6
2012-12-23T21:00:00.000,10,4,6
2012-12-23T22:00:00.000,15,10,5
2012-12-23T23:00:00.000,11,3,8
2012-12-24T00:00:00.000,6,2,4
2012-12-24T01:00:00.000,2,0,2
2012-12-24T02:00:00.000,1,0,1
2012-12-24T03:00:00.000,1,0,1
2012-12-24T04:00:00.000,4,3,1
2012-12-24T05:00:00.000,11,10,1
2012-12-24T06:00:00.000,16,8,8
2012-12-24T07:00:00.000,37,22,15
2012-12-24T08:00:00.000,29,18,11
2012-12-24T09:00:00.000,42,26,16
2012-12-24T10:00:00.000,36,24,12
2012-12-24T11:00:00.000,31,20,11
2012-12-24T12:00:00.000,42,23,19
2012-12-24T13:00:00.000,57,35,22
2012-12-24T14:00:00.000,53,25,28
2012-12-24T15:00:00.000,72,34,38
2012-12-24T16:00:00.000,54,24,30
2012-12-24T17:00:00.000,20,8,12
2012-12-24T18:00:00.000,17,2,15
2012-12-24T19:00:00.000,18,6,12
2012-12-24T20:00:00.000,9,4,5
2012-12-24T21:00:00.000,1,1,0
2012-12-24T22:00:00.000,9,7,2
2012-12-24T23:00:00.000,6,2,4
2012-12-25T00:00:00.000,2,1,1
2012-12-25T01:00:00.000,2,2,0
2012-12-25T02:00:00.000,1,1,0
2012-12-25T03:00:00.000,2,1,1
2012-12-25T04:00:00.000,1,1,0
2012-12-25T05:00:00.000,1,1,0
2012-12-25T06:00:00.000,3,2,1
2012-12-25T07:00:00.000,4,2,2
2012-12-25T08:00:00.000,4,3,1
2012-12-25T09:00:00.000,7,2,5
2012-12-25T10:00:00.000,6,4,2
2012-12-25T11:00:00.000,3,0,3
2012-12-25T12:00:00.000,7,4,3
2012-12-25T13:00:00.000,11,3,8
2012-12-25T14:00:00.000,8,4,4
2012-12-25T15:00:00.000,3,2,1
2012-12-25T16:00:00.000,7,2,5
2012-12-25T17:00:00.000,11,6,5
2012-12-25T18:00:00.000,3,2,1
2012-12-25T19:00:00.000,2,1,1
2012-12-25T20:00:00.000,1,1,0
2012-12-25T21:00:00.000,5,2,3
2012-12-25T22:00:00.000,3,3,0
2012-12-25T23:00:00.000,1,0,1
2012-12-26T00:00:00.000,2,1,1
2012-12-26T01:00:00.000,0,0,0
2012-12-26T02:00:00.000,1,1,0
2012-12-26T03:00:00.000,1,0,1
2012-12-26T04:00:00.000,4,3,1
2012-12-26T05:00:00.000,9,7,2
2012-12-26T06:00:00.000,37,27,10
2012-12-26T07:00:00.000,69,46,23
2012-12-26T08:00:00.000,102,65,37
2012-12-26T09:00:00.000,56,36,20
2012-12-26T10:00:00.000,33,20,13
2012-12-26T11:00:00.000,33,25,8
2012-12-26T12:00:00.000,48,25,23
2012-12-26T13:00:00.000,34,20,14
2012-12-26T14:00:00.000,41,24,17
2012-12-26T15:00:00.000,63,27,36
2012-12-26T16:00:00.000,73,21,52
2012-12-26T17:00:00.000,104,38,66
2012-12-26T18:00:00.000,65,13,52
2012-12-26T19:00:00.000,20,6,14
2012-12-26T20:00:00.000,22,10,12
2012-12-26T21:00:00.000,12,4,8
2012-12-26T22:00:00.000,11,7,4
2012-12-26T23:00:00.000,5,4,1
2012-12-27T00:00:00.000,5,3,2
2012-12-27T01:00:00.000,2,0,2
2012-12-27T02:00:00.000,0,0,0
2012-12-27T03:00:00.000,0,0,0
2012-12-27T04:00:00.000,8,3,5
2012-12-27T05:00:00.000,11,6,5
2012-12-27T06:00:00.000,55,38,17
2012-12-27T07:00:00.000,95,64,31
2012-12-27T08:00:00.000,122,80,42
2012-12-27T09:00:00.000,78,57,21
2012-12-27T10:00:00.000,53,31,22
2012-12-27T11:00:00.000,34,25,9
2012-12-27T12:00:00.000,39,27,12
2012-12-27T13:00:00.000,42,20,22
2012-12-27T14:00:00.000,49,23,26
2012-12-27T15:00:00.000,76,31,45
2012-12-27T16:00:00.000,114,37,77
2012-12-27T17:00:00.000,153,48,105
2012-12-27T18:00:00.000,90,35,55
2012-12-27T19:00:00.000,65,18,47
2012-12-27T20:00:00.000,17,7,10
2012-12-27T21:00:00.000,14,6,8
2012-12-27T22:00:00.000,18,10,8
2012-12-27T23:00:00.000,8,4,4
2012-12-28T00:00:00.000,5,0,5
2012-12-28T01:00:00.000,1,0,1
2012-12-28T02:00:00.000,3,0,3
2012-12-28T03:00:00.000,2,1,1
2012-12-28T04:00:00.000,4,3,1
2012-12-28T05:00:00.000,7,5,2
2012-12-28T06:00:00.000,56,37,19
2012-12-28T07:00:00.000,71,52,19
2012-12-28T08:00:00.000,126,77,49
2012-12-28T09:00:00.000,84,54,30
2012-12-28T10:00:00.000,45,21,24
2012-12-28T11:00:00.000,69,42,27
2012-12-28T12:00:00.000,68,43,25
2012-12-28T13:00:00.000,81,45,36
2012-12-28T14:00:00.000,71,35,36
2012-12-28T15:00:00.000,101,54,47
2012-12-28T16:00:00.000,129,48,81
2012-12-28T17:00:00.000,142,46,96
2012-12-28T18:00:00.000,76,28,48
2012-12-28T19:00:00.000,29,9,20
2012-12-28T20:00:00.000,28,7,21
2012-12-28T21:00:00.000,26,6,20
2012-12-28T22:00:00.000,24,10,14
2012-12-28T23:00:00.000,9,8,1
2012-12-29T00:00:00.000,12,1,11
2012-12-29T01:00:00.000,5,2,3
2012-12-29T02:00:00.000,9,7,2
2012-12-29T03:00:00.000,7,6,1
2012-12-29T04:00:00.000,7,7,0
2012-12-29T05:00:00.000,3,2,1
2012-12-29T06:00:00.000,11,4,7
2012-12-29T07:00:00.000,23,14,9
2012-12-29T08:00:00.000,30,14,16
2012-12-29T09:00:00.000,21,11,10
2012-12-29T10:00:00.000,23,9,14
2012-12-29T11:00:00.000,48,27,21
2012-12-29T12:00:00.000,41,24,17
2012-12-29T13:00:00.000,26,11,15
2012-12-29T14:00:00.000,36,18,18
2012-12-29T15:00:00.000,48,31,17
2012-12-29T16:00:00.000,37,17,20
2012-12-29T17:00:00.000,20,10,10
2012-12-29T18:00:00.000,29,14,15
2012-12-29T19:00:00.000,18,8,10
2012-12-29T20:00:00.000,14,5,9
2012-12-29T21:00:00.000,8,4,4
2012-12-29T22:00:00.000,8,2,6
2012-12-29T23:00:00.000,3,1,2
2012-12-30T00:00:00.000,5,3,2
2012-12-30T01:00:00.000,2,1,1
2012-12-30T02:00:00.000,6,3,3
2012-12-30T03:00:00.000,1,1,0
2012-12-30T04:00:00.000,5,3,2
2012-12-30T05:00:00.000,1,1,0
2012-12-30T06:00:00.000,5,2,3
2012-12-30T07:00:00.000,10,4,6
2012-12-30T08:00:00.000,29,19,10
2012-12-30T09:00:00.000,41,31,10
2012-12-30T10:00:00.000,72,57,15
2012-12-30T11:00:00.000,47,24,23
2012-12-30T12:00:00.000,72,40,32
2012-12-30T13:00:00.000,100,41,59
2012-12-30T14:00:00.000,77,43,34
2012-12-30T15:00:00.000,61,28,33
2012-12-30T16:00:00.000,58,26,32
2012-12-30T17:00:00.000,36,16,20
2012-12-30T18:00:00.000,13,8,5
2012-12-30T19:00:00.000,17,6,11
2012-12-30T20:00:00.000,14,6,8
2012-12-30T21:00:00.000,7,2,5
2012-12-30T22:00:00.000,11,9,2
2012-12-30T23:00:00.000,5,1,4
2012-12-31T00:00:00.000,1,1,0
2012-12-31T01:00:00.000,6,3,3
2012-12-31T02:00:00.000,5,3,2
2012-12-31T03:00:00.000,1,0,1
2012-12-31T04:00:00.000,5,5,0
2012-12-31T05:00:00.000,9,7,2
2012-12-31T06:00:00.000,42,26,16
2012-12-31T07:00:00.000,64,48,16
2012-12-31T08:00:00.000,89,61,28
2012-12-31T09:00:00.000,70,38,32
2012-12-31T10:00:00.000,39,20,19
2012-12-31T11:00:00.000,36,21,15
2012-12-31T12:00:00.000,55,40,15
2012-12-31T13:00:00.000,48,27,21
2012-12-31T14:00:00.000,86,50,36
2012-12-31T15:00:00.000,81,38,43
2012-12-31T16:00:00.000,138,60,78
2012-12-31T17:00:00.000,92,41,51
2012-12-31T18:00:00.000,41,14,27
2012-12-31T19:00:00.000,28,20,8
2012-12-31T20:00:00.000,21,6,15
2012-12-31T21:00:00.000,6,5,1
2012-12-31T22:00:00.000,11,5,6
2012-12-31T23:00:00.000,12,7,5
2013-01-01T00:00:00.000,7,2,5
2013-01-01T01:00:00.000,21,9,12
2013-01-01T02:00:00.000,16,8,8
2013-01-01T03:00:00.000,6,2,4
2013-01-01T04:00:00.000,4,2,2
2013-01-01T05:00:00.000,3,1,2
2013-01-01T06:00:00.000,7,6,1
2013-01-01T07:00:00.000,3,1,2
2013-01-01T08:00:00.000,11,7,4
2013-01-01T09:00:00.000,14,9,5
2013-01-01T10:00:00.000,46,11,35
2013-01-01T11:00:00.000,62,33,29
2013-01-01T12:00:00.000,77,44,33
2013-01-01T13:00:00.000,112,48,64
2013-01-01T14:00:00.000,75,43,32
2013-01-01T15:00:00.000,78,46,32
2013-01-01T16:00:00.000,57,33,24
2013-01-01T17:00:00.000,30,18,12
2013-01-01T18:00:00.000,14,6,8
2013-01-01T19:00:00.000,12,8,4
2013-01-01T20:00:00.000,7,2,5
2013-01-01T21:00:00.000,5,2,3
2013-01-01T22:00:00.000,5,1,4
2013-01-01T23:00:00.000,6,2,4
2013-01-02T00:00:00.000,1,0,1
2013-01-02T01:00:00.000,1,1,0
2013-01-02T02:00:00.000,2,1,1
2013-01-02T03:00:00.000,1,0,1
2013-01-02T04:00:00.000,5,3,2
2013-01-02T05:00:00.000,21,13,8
2013-01-02T06:00:00.000,86,54,32
2013-01-02T07:00:00.000,157,115,42
2013-01-02T08:00:00.000,230,162,68
2013-01-02T09:00:00.000,144,96,48
2013-01-02T10:00:00.000,63,41,22
2013-01-02T11:00:00.000,51,32,19
2013-01-02T12:00:00.000,65,36,29
2013-01-02T13:00:00.000,45,23,22
2013-01-02T14:00:00.000,70,35,35
2013-01-02T15:00:00.000,104,56,48
2013-01-02T16:00:00.000,164,63,101
2013-01-02T17:00:00.000,299,78,221
2013-01-02T18:00:00.000,171,44,127
2013-01-02T19:00:00.000,72,24,48
2013-01-02T20:00:00.000,45,15,30
2013-01-02T21:00:00.000,21,3,18
2013-01-02T22:00:00.000,11,5,6
2013-01-02T23:00:00.000,6,4,2
2013-01-03T00:00:00.000,10,5,5
2013-01-03T01:00:00.000,3,2,1
2013-01-03T02:00:00.000,3,2,1
2013-01-03T03:00:00.000,1,0,1
2013-01-03T04:00:00.000,6,5,1
2013-01-03T05:00:00.000,20,11,9
2013-01-03T06:00:00.000,69,47,22
2013-01-03T07:00:00.000,149,108,41
2013-01-03T08:00:00.000,228,159,69
2013-01-03T09:00:00.000,138,84,54
2013-01-03T10:00:00.000,70,50,20
2013-01-03T11:00:00.000,56,29,27
2013-01-03T12:00:00.000,57,33,24
2013-01-03T13:00:00.000,59,26,33
2013-01-03T14:00:00.000,103,46,57
2013-01-03T15:00:00.000,104,44,60
2013-01-03T16:00:00.000,151,55,96
2013-01-03T17:00:00.000,252,76,176
2013-01-03T18:00:00.000,175,53,122
2013-01-03T19:00:00.000,69,24,45
2013-01-03T20:00:00.000,41,12,29
2013-01-03T21:00:00.000,16,6,10
2013-01-03T22:00:00.000,14,8,6
2013-01-03T23:00:00.000,9,5,4
2013-01-04T00:00:00.000,7,4,3
2013-01-04T01:00:00.000,2,1,1
2013-01-04T02:00:00.000,2,1,1
2013-01-04T03:00:00.000,2,1,1
2013-01-04T04:00:00.000,5,2,3
2013-01-04T05:00:00.000,13,9,4
2013-01-04T06:00:00.000,63,43,20
2013-01-04T07:00:00.000,138,98,40
2013-01-04T08:00:00.000,229,155,74
2013-01-04T09:00:00.000,125,85,40
2013-01-04T10:00:00.000,55,30,25
2013-01-04T11:00:00.000,56,33,23
2013-01-04T12:00:00.000,45,15,30
2013-01-04T13:00:00.000,63,32,31
2013-01-04T14:00:00.000,79,45,34
2013-01-04T15:00:00.000,89,39,50
2013-01-04T16:00:00.000,158,58,100
2013-01-04T17:00:00.000,245,74,171
2013-01-04T18:00:00.000,156,48,108
2013-01-04T19:00:00.000,79,21,58
2013-01-04T20:00:00.000,45,15,30
2013-01-04T21:00:00.000,28,14,14
2013-01-04T22:00:00.000,12,4,8
2013-01-04T23:00:00.000,16,9,7
2013-01-05T00:00:00.000,10,3,7
2013-01-05T01:00:00.000,1,1,0
2013-01-05T02:00:00.000,2,2,0
2013-01-05T03:00:00.000,2,2,0
2013-01-05T04:00:00.000,3,1,2
2013-01-05T05:00:00.000,8,4,4
2013-01-05T06:00:00.000,19,11,8
2013-01-05T07:00:00.000,13,5,8
2013-01-05T08:00:00.000,59,32,27
2013-01-05T09:00:00.000,34,18,16
2013-01-05T10:00:00.000,44,28,16
2013-01-05T11:00:00.000,51,29,22
2013-01-05T12:00:00.000,53,34,19
2013-01-05T13:00:00.000,73,43,30
2013-01-05T14:00:00.000,73,44,29
2013-01-05T15:00:00.000,84,44,40
2013-01-05T16:00:00.000,59,33,26
2013-01-05T17:00:00.000,41,26,15
2013-01-05T18:00:00.000,26,13,13
2013-01-05T19:00:00.000,16,7,9
2013-01-05T20:00:00.000,26,12,14
2013-01-05T21:00:00.000,7,6,1
2013-01-05T22:00:00.000,8,3,5
2013-01-05T23:00:00.000,7,2,5
2013-01-06T00:00:00.000,11,5,6
2013-01-06T01:00:00.000,9,4,5
2013-01-06T02:00:00.000,7,4,3
2013-01-06T03:00:00.000,1,1,0
2013-01-06T04:00:00.000,3,2,1
2013-01-06T05:00:00.000,4,2,2
2013-01-06T06:00:00.000,9,7,2
2013-01-06T07:00:00.000,13,6,7
2013-01-06T08:00:00.000,37,23,14
2013-01-06T09:00:00.000,43,25,18
2013-01-06T10:00:00.000,59,44,15
2013-01-06T11:00:00.000,105,62,43
2013-01-06T12:00:00.000,75,41,34
2013-01-06T13:00:00.000,96,52,44
2013-01-06T14:00:00.000,45,22,23
2013-01-06T15:00:00.000,42,28,14
2013-01-06T16:00:00.000,32,17,15
2013-01-06T17:00:00.000,35,16,19
2013-01-06T18:00:00.000,31,9,22
2013-01-06T19:00:00.000,15,8,7
2013-01-06T20:00:00.000,14,8,6
2013-01-06T21:00:00.000,12,6,6
2013-01-06T22:00:00.000,6,0,6
2013-01-06T23:00:00.000,2,0,2
2013-01-07T00:00:00.000,3,2,1
2013-01-07T01:00:00.000,3,1,2
2013-01-07T02:00:00.000,0,0,0
2013-01-07T03:00:00.000,0,0,0
2013-01-07T04:00:00.000,4,3,1
2013-01-07T05:00:00.000,23,15,8
2013-01-07T06:00:00.000,88,59,29
2013-01-07T07:00:00.000,188,133,55
2013-01-07T08:00:00.000,281,204,77
2013-01-07T09:00:00.000,150,100,50
2013-01-07T10:00:00.000,49,24,25
2013-01-07T11:00:00.000,41,25,16
2013-01-07T12:00:00.000,33,12,21
2013-01-07T13:00:00.000,42,22,20
2013-01-07T14:00:00.000,41,22,19
2013-01-07T15:00:00.000,84,32,52
2013-01-07T16:00:00.000,149,68,81
2013-01-07T17:00:00.000,313,105,208
2013-01-07T18:00:00.000,215,62,153
2013-01-07T19:00:00.000,89,41,48
2013-01-07T20:00:00.000,44,17,27
2013-01-07T21:00:00.000,23,11,12
2013-01-07T22:00:00.000,22,9,13
2013-01-07T23:00:00.000,8,1,7
2013-01-08T00:00:00.000,10,6,4
2013-01-08T01:00:00.000,2,2,0
2013-01-08T02:00:00.000,2,1,1
2013-01-08T03:00:00.000,2,1,1
2013-01-08T04:00:00.000,6,4,2
2013-01-08T05:00:00.000,25,15,10
2013-01-08T06:00:00.000,81,53,28
2013-01-08T07:00:00.000,200,141,59
2013-01-08T08:00:00.000,252,175,77
2013-01-08T09:00:00.000,108,58,50
2013-01-08T10:00:00.000,32,23,9
2013-01-08T11:00:00.000,30,14,16
2013-01-08T12:00:00.000,27,17,10
2013-01-08T13:00:00.000,30,17,13
2013-01-08T14:00:00.000,29,11,18
2013-01-08T15:00:00.000,57,24,33
2013-01-08T16:00:00.000,116,47,69
2013-01-08T17:00:00.000,269,75,194
2013-01-08T18:00:00.000,189,56,133
2013-01-08T19:00:00.000,48,17,31
2013-01-08T20:00:00.000,28,6,22
2013-01-08T21:00:00.000,15,8,7
2013-01-08T22:00:00.000,14,8,6
2013-01-08T23:00:00.000,6,2,4
2013-01-09T00:00:00.000,3,1,2
2013-01-09T01:00:00.000,0,0,0
2013-01-09T02:00:00.000,1,1,0
2013-01-09T03:00:00.000,2,1,1
2013-01-09T04:00:00.000,5,3,2
2013-01-09T05:00:00.000,13,11,2
2013-01-09T06:00:00.000,63,44,19
2013-01-09T07:00:00.000,105,76,29
2013-01-09T08:00:00.000,187,138,49
2013-01-09T09:00:00.000,103,63,40
2013-01-09T10:00:00.000,40,28,12
2013-01-09T11:00:00.000,24,14,10
2013-01-09T12:00:00.000,32,17,15
2013-01-09T13:00:00.000,27,19,8
2013-01-09T14:00:00.000,38,22,16
2013-01-09T15:00:00.000,58,27,31
2013-01-09T16:00:00.000,120,51,69
2013-01-09T17:00:00.000,216,74,142
2013-01-09T18:00:00.000,155,48,107
2013-01-09T19:00:00.000,74,22,52
2013-01-09T20:00:00.000,41,15,26
2013-01-09T21:00:00.000,17,7,10
2013-01-09T22:00:00.000,13,10,3
2013-01-09T23:00:00.000,10,5,5
2013-01-10T00:00:00.000,6,2,4
2013-01-10T01:00:00.000,5,4,1
2013-01-10T02:00:00.000,1,1,0
2013-01-10T03:00:00.000,0,0,0
2013-01-10T04:00:00.000,7,5,2
2013-01-10T05:00:00.000,12,10,2
2013-01-10T06:00:00.000,85,59,26
2013-01-10T07:00:00.000,163,111,52
2013-01-10T08:00:00.000,273,192,81
2013-01-10T09:00:00.000,159,102,57
2013-01-10T10:00:00.000,42,26,16
2013-01-10T11:00:00.000,46,23,23
2013-01-10T12:00:00.000,45,26,19
2013-01-10T13:00:00.000,38,23,15
2013-01-10T14:00:00.000,46,21,25
2013-01-10T15:00:00.000,62,28,34
2013-01-10T16:00:00.000,136,55,81
2013-01-10T17:00:00.000,278,98,180
2013-01-10T18:00:00.000,206,68,138
2013-01-10T19:00:00.000,83,31,52
2013-01-10T20:00:00.000,44,15,29
2013-01-10T21:00:00.000,28,8,20
2013-01-10T22:00:00.000,26,14,12
2013-01-10T23:00:00.000,19,13,6
2013-01-11T00:00:00.000,14,7,7
2013-01-11T01:00:00.000,12,8,4
2013-01-11T02:00:00.000,2,2,0
2013-01-11T03:00:00.000,0,0,0
2013-01-11T04:00:00.000,7,5,2
2013-01-11T05:00:00.000,11,6,5
2013-01-11T06:00:00.000,54,37,17
2013-01-11T07:00:00.000,113,77,36
2013-01-11T08:00:00.000,214,151,63
2013-01-11T09:00:00.000,138,88,50
2013-01-11T10:00:00.000,52,31,21
2013-01-11T11:00:00.000,48,31,17
2013-01-11T12:00:00.000,62,27,35
2013-01-11T13:00:00.000,54,31,23
2013-01-11T14:00:00.000,51,32,19
2013-01-11T15:00:00.000,91,42,49
2013-01-11T16:00:00.000,148,62,86
2013-01-11T17:00:00.000,206,67,139
2013-01-11T18:00:00.000,144,42,102
2013-01-11T19:00:00.000,65,20,45
2013-01-11T20:00:00.000,26,10,16
2013-01-11T21:00:00.000,17,10,7
2013-01-11T22:00:00.000,31,14,17
2013-01-11T23:00:00.000,10,4,6
2013-01-12T00:00:00.000,5,1,4
2013-01-12T01:00:00.000,5,2,3
2013-01-12T02:00:00.000,3,1,2
2013-01-12T03:00:00.000,1,1,0
2013-01-12T04:00:00.000,4,1,3
2013-01-12T05:00:00.000,5,3,2
2013-01-12T06:00:00.000,9,5,4
2013-01-12T07:00:00.000,12,6,6
2013-01-12T08:00:00.000,25,13,12
2013-01-12T09:00:00.000,35,19,16
2013-01-12T10:00:00.000,35,16,19
2013-01-12T11:00:00.000,54,29,25
2013-01-12T12:00:00.000,42,27,15
2013-01-12T13:00:00.000,80,37,43
2013-01-12T14:00:00.000,78,41,37
2013-01-12T15:00:00.000,80,42,38
2013-01-12T16:00:00.000,59,20,39
2013-01-12T17:00:00.000,40,28,12
2013-01-12T18:00:00.000,32,16,16
2013-01-12T19:00:00.000,25,10,15
2013-01-12T20:00:00.000,13,4,9
2013-01-12T21:00:00.000,6,3,3
2013-01-12T22:00:00.000,14,8,6
2013-01-12T23:00:00.000,15,8,7
2013-01-13T00:00:00.000,8,6,2
2013-01-13T01:00:00.000,6,4,2
2013-01-13T02:00:00.000,7,4,3
2013-01-13T03:00:00.000,0,0,0
2013-01-13T04:00:00.000,1,1,0
2013-01-13T05:00:00.000,2,0,2
2013-01-13T06:00:00.000,6,1,5
2013-01-13T07:00:00.000,12,8,4
2013-01-13T08:00:00.000,18,8,10
2013-01-13T09:00:00.000,23,17,6
2013-01-13T10:00:00.000,39,27,12
2013-01-13T11:00:00.000,32,13,19
2013-01-13T12:00:00.000,46,32,14
2013-01-13T13:00:00.000,59,38,21
2013-01-13T14:00:00.000,77,40,37
2013-01-13T15:00:00.000,71,47,24
2013-01-13T16:00:00.000,48,33,15
2013-01-13T17:00:00.000,33,18,15
2013-01-13T18:00:00.000,18,12,6
2013-01-13T19:00:00.000,16,10,6
2013-01-13T20:00:00.000,14,6,8
2013-01-13T21:00:00.000,12,4,8
2013-01-13T22:00:00.000,4,2,2
2013-01-13T23:00:00.000,7,4,3
2013-01-14T00:00:00.000,7,4,3
2013-01-14T01:00:00.000,2,1,1
2013-01-14T02:00:00.000,2,2,0
2013-01-14T03:00:00.000,3,2,1
2013-01-14T04:00:00.000,5,3,2
2013-01-14T05:00:00.000,19,13,6
2013-01-14T06:00:00.000,81,58,23
2013-01-14T07:00:00.000,152,106,46
2013-01-14T08:00:00.000,276,187,89
2013-01-14T09:00:00.000,148,100,48
2013-01-14T10:00:00.000,57,36,21
2013-01-14T11:00:00.000,51,25,26
2013-01-14T12:00:00.000,53,30,23
2013-01-14T13:00:00.000,41,18,23
2013-01-14T14:00:00.000,59,34,25
2013-01-14T15:00:00.000,74,28,46
2013-01-14T16:00:00.000,146,58,88
2013-01-14T17:00:00.000,283,87,196
2013-01-14T18:00:00.000,209,60,149
2013-01-14T19:00:00.000,91,30,61
2013-01-14T20:00:00.000,53,26,27
2013-01-14T21:00:00.000,26,12,14
2013-01-14T22:00:00.000,23,11,12
2013-01-14T23:00:00.000,8,3,5
2013-01-15T00:00:00.000,12,5,7
2013-01-15T01:00:00.000,1,0,1
2013-01-15T02:00:00.000,3,2,1
2013-01-15T03:00:00.000,3,2,1
2013-01-15T04:00:00.000,6,6,0
2013-01-15T05:00:00.000,16,8,8
2013-01-15T06:00:00.000,67,48,19
2013-01-15T07:00:00.000,202,150,52
2013-01-15T08:00:00.000,287,194,93
2013-01-15T09:00:00.000,171,109,62
2013-01-15T10:00:00.000,65,43,22
2013-01-15T11:00:00.000,43,30,13
2013-01-15T12:00:00.000,50,22,28
2013-01-15T13:00:00.000,63,30,33
2013-01-15T14:00:00.000,70,38,32
2013-01-15T15:00:00.000,106,47,59
2013-01-15T16:00:00.000,163,61,102
2013-01-15T17:00:00.000,308,115,193
2013-01-15T18:00:00.000,230,72,158
2013-01-15T19:00:00.000,90,35,55
2013-01-15T20:00:00.000,54,19,35
2013-01-15T21:00:00.000,33,16,17
2013-01-15T22:00:00.000,16,7,9
2013-01-15T23:00:00.000,7,6,1
2013-01-16T00:00:00.000,6,1,5
2013-01-16T01:00:00.000,2,2,0
2013-01-16T02:00:00.000,4,2,2
2013-01-16T03:00:00.000,4,2,2
2013-01-16T04:00:00.000,13,8,5
2013-01-16T05:00:00.000,15,12,3
2013-01-16T06:00:00.000,75,49,26
2013-01-16T07:00:00.000,165,119,46
2013-01-16T08:00:00.000,251,168,83
2013-01-16T09:00:00.000,154,98,56
2013-01-16T10:00:00.000,64,33,31
2013-01-16T11:00:00.000,51,25,26
2013-01-16T12:00:00.000,50,27,23
2013-01-16T13:00:00.000,55,26,29
2013-01-16T14:00:00.000,80,49,31
2013-01-16T15:00:00.000,95,55,40
2013-01-16T16:00:00.000,160,60,100
2013-01-16T17:00:00.000,288,86,202
2013-01-16T18:00:00.000,206,78,128
2013-01-16T19:00:00.000,85,21,64
2013-01-16T20:00:00.000,67,27,40
2013-01-16T21:00:00.000,24,6,18
2013-01-16T22:00:00.000,24,10,14
2013-01-16T23:00:00.000,12,6,6
2013-01-17T00:00:00.000,3,2,1
2013-01-17T01:00:00.000,3,1,2
2013-01-17T02:00:00.000,3,2,1
2013-01-17T03:00:00.000,2,1,1
2013-01-17T04:00:00.000,11,7,4
2013-01-17T05:00:00.000,15,13,2
2013-01-17T06:00:00.000,72,56,16
2013-01-17T07:00:00.000,164,120,44
2013-01-17T08:00:00.000,245,167,78
2013-01-17T09:00:00.000,134,84,50
2013-01-17T10:00:00.000,65,33,32
2013-01-17T11:00:00.000,47,22,25
2013-01-17T12:00:00.000,45,24,21
2013-01-17T13:00:00.000,55,23,32
2013-01-17T14:00:00.000,60,27,33
2013-01-17T15:00:00.000,71,26,45
2013-01-17T16:00:00.000,117,53,64
2013-01-17T17:00:00.000,278,74,204
2013-01-17T18:00:00.000,197,64,133
2013-01-17T19:00:00.000,88,37,51
2013-01-17T20:00:00.000,28,12,16
2013-01-17T21:00:00.000,30,14,16
2013-01-17T22:00:00.000,27,10,17
2013-01-17T23:00:00.000,17,11,6
2013-01-18T00:00:00.000,10,2,8
2013-01-18T01:00:00.000,6,1,5
2013-01-18T02:00:00.000,2,2,0
2013-01-18T03:00:00.000,2,2,0
2013-01-18T04:00:00.000,4,2,2
2013-01-18T05:00:00.000,7,4,3
2013-01-18T06:00:00.000,52,36,16
2013-01-18T07:00:00.000,137,91,46
2013-01-18T08:00:00.000,195,137,58
2013-01-18T09:00:00.000,139,81,58
2013-01-18T10:00:00.000,55,40,15
2013-01-18T11:00:00.000,53,31,22
2013-01-18T12:00:00.000,49,24,25
2013-01-18T13:00:00.000,55,25,30
2013-01-18T14:00:00.000,66,36,30
2013-01-18T15:00:00.000,66,29,37
2013-01-18T16:00:00.000,119,57,62
2013-01-18T17:00:00.000,245,87,158
2013-01-18T18:00:00.000,157,60,97
2013-01-18T19:00:00.000,70,23,47
2013-01-18T20:00:00.000,33,9,24
2013-01-18T21:00:00.000,21,13,8
2013-01-18T22:00:00.000,21,9,12
2013-01-18T23:00:00.000,21,9,12
2013-01-19T00:00:00.000,14,5,9
2013-01-19T01:00:00.000,8,2,6
2013-01-19T02:00:00.000,6,3,3
2013-01-19T03:00:00.000,2,2,0
2013-01-19T04:00:00.000,1,1,0
2013-01-19T05:00:00.000,5,4,1
2013-01-19T06:00:00.000,10,4,6
2013-01-19T07:00:00.000,19,13,6
2013-01-19T08:00:00.000,27,16,11
2013-01-19T09:00:00.000,37,20,17
2013-01-19T10:00:00.000,37,22,15
2013-01-19T11:00:00.000,64,34,30
2013-01-19T12:00:00.000,68,37,31
2013-01-19T13:00:00.000,77,42,35
2013-01-19T14:00:00.000,71,45,26
2013-01-19T15:00:00.000,79,51,28
2013-01-19T16:00:00.000,79,53,26
2013-01-19T17:00:00.000,46,18,28
2013-01-19T18:00:00.000,26,9,17
2013-01-19T19:00:00.000,21,12,9
2013-01-19T20:00:00.000,24,9,15
2013-01-19T21:00:00.000,15,6,9
2013-01-19T22:00:00.000,14,9,5
2013-01-19T23:00:00.000,10,4,6
2013-01-20T00:00:00.000,11,3,8
2013-01-20T01:00:00.000,11,5,6
2013-01-20T02:00:00.000,7,5,2
2013-01-20T03:00:00.000,0,0,0
2013-01-20T04:00:00.000,5,1,4
2013-01-20T05:00:00.000,1,1,0
2013-01-20T06:00:00.000,8,3,5
2013-01-20T07:00:00.000,16,9,7
2013-01-20T08:00:00.000,26,18,8
2013-01-20T09:00:00.000,31,15,16
2013-01-20T10:00:00.000,40,24,16
2013-01-20T11:00:00.000,61,33,28
2013-01-20T12:00:00.000,74,50,24
2013-01-20T13:00:00.000,79,52,27
2013-01-20T14:00:00.000,92,60,32
2013-01-20T15:00:00.000,95,54,41
2013-01-20T16:00:00.000,87,47,40
2013-01-20T17:00:00.000,50,24,26
2013-01-20T18:00:00.000,22,11,11
2013-01-20T19:00:00.000,24,15,9
2013-01-20T20:00:00.000,18,12,6
2013-01-20T21:00:00.000,10,4,6
2013-01-20T22:00:00.000,17,11,6
2013-01-20T23:00:00.000,16,10,6
2013-01-21T00:00:00.000,7,4,3
2013-01-21T01:00:00.000,1,1,0
2013-01-21T02:00:00.000,6,2,4
2013-01-21T03:00:00.000,2,1,1
2013-01-21T04:00:00.000,5,4,1
2013-01-21T05:00:00.000,10,8,2
2013-01-21T06:00:00.000,32,22,10
2013-01-21T07:00:00.000,90,56,34
2013-01-21T08:00:00.000,134,90,44
2013-01-21T09:00:00.000,102,63,39
2013-01-21T10:00:00.000,48,27,21
2013-01-21T11:00:00.000,38,23,15
2013-01-21T12:00:00.000,65,36,29
2013-01-21T13:00:00.000,48,31,17
2013-01-21T14:00:00.000,64,29,35
2013-01-21T15:00:00.000,57,41,16
2013-01-21T16:00:00.000,113,50,63
2013-01-21T17:00:00.000,162,51,111
2013-01-21T18:00:00.000,120,39,81
2013-01-21T19:00:00.000,71,27,44
2013-01-21T20:00:00.000,34,13,21
2013-01-21T21:00:00.000,21,9,12
2013-01-21T22:00:00.000,27,10,17
2013-01-21T23:00:00.000,19,7,12
2013-01-22T00:00:00.000,6,4,2
2013-01-22T01:00:00.000,2,0,2
2013-01-22T02:00:00.000,4,1,3
2013-01-22T03:00:00.000,1,0,1
2013-01-22T04:00:00.000,5,4,1
2013-01-22T05:00:00.000,20,15,5
2013-01-22T06:00:00.000,84,63,21
2013-01-22T07:00:00.000,195,144,51
2013-01-22T08:00:00.000,261,171,90
2013-01-22T09:00:00.000,147,84,63
2013-01-22T10:00:00.000,62,40,22
2013-01-22T11:00:00.000,52,31,21
2013-01-22T12:00:00.000,49,27,22
2013-01-22T13:00:00.000,59,26,33
2013-01-22T14:00:00.000,62,26,36
2013-01-22T15:00:00.000,95,37,58
2013-01-22T16:00:00.000,146,72,74
2013-01-22T17:00:00.000,317,100,217
2013-01-22T18:00:00.000,217,62,155
2013-01-22T19:00:00.000,82,31,51
2013-01-22T20:00:00.000,38,16,22
2013-01-22T21:00:00.000,29,17,12
2013-01-22T22:00:00.000,19,6,13
2013-01-22T23:00:00.000,13,7,6
2013-01-23T00:00:00.000,6,3,3
2013-01-23T01:00:00.000,3,3,0
2013-01-23T02:00:00.000,3,2,1
2013-01-23T03:00:00.000,2,1,1
2013-01-23T04:00:00.000,10,7,3
2013-01-23T05:00:00.000,29,23,6
2013-01-23T06:00:00.000,84,63,21
2013-01-23T07:00:00.000,190,122,68
2013-01-23T08:00:00.000,281,193,88
2013-01-23T09:00:00.000,160,101,59
2013-01-23T10:00:00.000,56,38,18
2013-01-23T11:00:00.000,27,13,14
2013-01-23T12:00:00.000,27,15,12
2013-01-23T13:00:00.000,35,17,18
2013-01-23T14:00:00.000,38,23,15
2013-01-23T15:00:00.000,55,24,31
2013-01-23T16:00:00.000,112,44,68
2013-01-23T17:00:00.000,286,81,205
2013-01-23T18:00:00.000,183,58,125
2013-01-23T19:00:00.000,75,23,52
2013-01-23T20:00:00.000,57,22,35
2013-01-23T21:00:00.000,18,6,12
2013-01-23T22:00:00.000,18,9,9
2013-01-23T23:00:00.000,12,5,7
2013-01-24T00:00:00.000,5,4,1
2013-01-24T01:00:00.000,4,3,1
2013-01-24T02:00:00.000,3,2,1
2013-01-24T03:00:00.000,3,2,1
2013-01-24T04:00:00.000,7,6,1
2013-01-24T05:00:00.000,18,12,6
2013-01-24T06:00:00.000,98,72,26
2013-01-24T07:00:00.000,173,128,45
2013-01-24T08:00:00.000,268,179,89
2013-01-24T09:00:00.000,163,101,62
2013-01-24T10:00:00.000,72,39,33
2013-01-24T11:00:00.000,57,28,29
2013-01-24T12:00:00.000,68,43,25
2013-01-24T13:00:00.000,54,23,31
2013-01-24T14:00:00.000,66,36,30
2013-01-24T15:00:00.000,92,46,46
2013-01-24T16:00:00.000,125,45,80
2013-01-24T17:00:00.000,283,85,198
2013-01-24T18:00:00.000,190,67,123
2013-01-24T19:00:00.000,93,40,53
2013-01-24T20:00:00.000,54,17,37
2013-01-24T21:00:00.000,26,12,14
2013-01-24T22:00:00.000,20,6,14
2013-01-24T23:00:00.000,13,7,6
2013-01-25T00:00:00.000,6,3,3
2013-01-25T01:00:00.000,3,3,0
2013-01-25T02:00:00.000,4,2,2
2013-01-25T03:00:00.000,0,0,0
2013-01-25T04:00:00.000,5,5,0
2013-01-25T05:00:00.000,18,12,6
2013-01-25T06:00:00.000,89,58,31
2013-01-25T07:00:00.000,144,99,45
2013-01-25T08:00:00.000,248,164,84
2013-01-25T09:00:00.000,135,82,53
2013-01-25T10:00:00.000,54,34,20
2013-01-25T11:00:00.000,37,21,16
2013-01-25T12:00:00.000,54,34,20
2013-01-25T13:00:00.000,53,23,30
2013-01-25T14:00:00.000,62,26,36
2013-01-25T15:00:00.000,112,48,64
2013-01-25T16:00:00.000,194,80,114
2013-01-25T17:00:00.000,287,95,192
2013-01-25T18:00:00.000,162,53,109
2013-01-25T19:00:00.000,67,22,45
2013-01-25T20:00:00.000,54,20,34
2013-01-25T21:00:00.000,27,15,12
2013-01-25T22:00:00.000,22,8,14
2013-01-25T23:00:00.000,24,18,6
2013-01-26T00:00:00.000,18,9,9
2013-01-26T01:00:00.000,7,5,2
2013-01-26T02:00:00.000,8,1,7
2013-01-26T03:00:00.000,4,4,0
2013-01-26T04:00:00.000,2,0,2
2013-01-26T05:00:00.000,7,5,2
2013-01-26T06:00:00.000,13,5,8
2013-01-26T07:00:00.000,11,10,1
2013-01-26T08:00:00.000,19,12,7
2013-01-26T09:00:00.000,32,15,17
2013-01-26T10:00:00.000,35,17,18
2013-01-26T11:00:00.000,46,16,30
2013-01-26T12:00:00.000,42,20,22
2013-01-26T13:00:00.000,46,31,15
2013-01-26T14:00:00.000,34,16,18
2013-01-26T15:00:00.000,45,23,22
2013-01-26T16:00:00.000,47,31,16
2013-01-26T17:00:00.000,30,17,13
2013-01-26T18:00:00.000,27,13,14
2013-01-26T19:00:00.000,15,5,10
2013-01-26T20:00:00.000,17,11,6
2013-01-26T21:00:00.000,16,6,10
2013-01-26T22:00:00.000,9,5,4
2013-01-26T23:00:00.000,14,9,5
2013-01-27T00:00:00.000,10,3,7
2013-01-27T01:00:00.000,12,10,2
2013-01-27T02:00:00.000,2,1,1
2013-01-27T03:00:00.000,1,0,1
2013-01-27T04:00:00.000,1,1,0
2013-01-27T05:00:00.000,2,1,1
2013-01-27T06:00:00.000,12,3,9
2013-01-27T07:00:00.000,17,10,7
2013-01-27T08:00:00.000,27,17,10
2013-01-27T09:00:00.000,48,27,21
2013-01-27T10:00:00.000,66,33,33
2013-01-27T11:00:00.000,69,49,20
2013-01-27T12:00:00.000,59,39,20
2013-01-27T13:00:00.000,43,20,23
2013-01-27T14:00:00.000,59,39,20
2013-01-27T15:00:00.000,50,26,24
2013-01-27T16:00:00.000,52,28,24
2013-01-27T17:00:00.000,26,14,12
2013-01-27T18:00:00.000,24,12,12
2013-01-27T19:00:00.000,18,4,14
2013-01-27T20:00:00.000,14,5,9
2013-01-27T21:00:00.000,12,7,5
2013-01-27T22:00:00.000,9,3,6
2013-01-27T23:00:00.000,10,6,4
2013-01-28T00:00:00.000,5,5,0
2013-01-28T01:00:00.000,2,2,0
2013-01-28T02:00:00.000,2,1,1
2013-01-28T03:00:00.000,1,0,1
2013-01-28T04:00:00.000,3,2,1
2013-01-28T05:00:00.000,20,17,3
2013-01-28T06:00:00.000,97,71,26
2013-01-28T07:00:00.000,177,136,41
2013-01-28T08:00:00.000,268,181,87
2013-01-28T09:00:00.000,137,84,53
2013-01-28T10:00:00.000,44,26,18
2013-01-28T11:00:00.000,44,25,19
2013-01-28T12:00:00.000,38,19,19
2013-01-28T13:00:00.000,34,14,20
2013-01-28T14:00:00.000,31,13,18
2013-01-28T15:00:00.000,55,22,33
2013-01-28T16:00:00.000,151,62,89
2013-01-28T17:00:00.000,272,80,192
2013-01-28T18:00:00.000,185,61,124
2013-01-28T19:00:00.000,70,28,42
2013-01-28T20:00:00.000,35,10,25
2013-01-28T21:00:00.000,17,5,12
2013-01-28T22:00:00.000,15,9,6
2013-01-28T23:00:00.000,5,4,1
2013-01-29T00:00:00.000,6,5,1
2013-01-29T01:00:00.000,2,1,1
2013-01-29T02:00:00.000,2,2,0
2013-01-29T03:00:00.000,4,2,2
2013-01-29T04:00:00.000,8,6,2
2013-01-29T05:00:00.000,21,16,5
2013-01-29T06:00:00.000,83,62,21
2013-01-29T07:00:00.000,189,130,59
2013-01-29T08:00:00.000,251,175,76
2013-01-29T09:00:00.000,142,89,53
2013-01-29T10:00:00.000,48,39,9
2013-01-29T11:00:00.000,46,33,13
2013-01-29T12:00:00.000,52,28,24
2013-01-29T13:00:00.000,41,24,17
2013-01-29T14:00:00.000,43,22,21
2013-01-29T15:00:00.000,59,24,35
2013-01-29T16:00:00.000,133,46,87
2013-01-29T17:00:00.000,286,88,198
2013-01-29T18:00:00.000,191,53,138
2013-01-29T19:00:00.000,88,27,61
2013-01-29T20:00:00.000,40,17,23
2013-01-29T21:00:00.000,26,9,17
2013-01-29T22:00:00.000,18,8,10
2013-01-29T23:00:00.000,10,4,6
2013-01-30T00:00:00.000,4,3,1
2013-01-30T01:00:00.000,0,0,0
2013-01-30T02:00:00.000,4,4,0
2013-01-30T03:00:00.000,2,2,0
2013-01-30T04:00:00.000,11,8,3
2013-01-30T05:00:00.000,22,15,7
2013-01-30T06:00:00.000,72,42,30
2013-01-30T07:00:00.000,174,120,54
2013-01-30T08:00:00.000,259,186,73
2013-01-30T09:00:00.000,135,83,52
2013-01-30T10:00:00.000,56,38,18
2013-01-30T11:00:00.000,35,22,13
2013-01-30T12:00:00.000,43,20,23
2013-01-30T13:00:00.000,31,20,11
2013-01-30T14:00:00.000,50,24,26
2013-01-30T15:00:00.000,56,30,26
2013-01-30T16:00:00.000,127,53,74
2013-01-30T17:00:00.000,286,84,202
2013-01-30T18:00:00.000,192,49,143
2013-01-30T19:00:00.000,87,25,62
2013-01-30T20:00:00.000,53,23,30
2013-01-30T21:00:00.000,29,7,22
2013-01-30T22:00:00.000,17,9,8
2013-01-30T23:00:00.000,15,6,9
2013-01-31T00:00:00.000,5,4,1
2013-01-31T01:00:00.000,3,2,1
2013-01-31T02:00:00.000,2,2,0
2013-01-31T03:00:00.000,1,1,0
2013-01-31T04:00:00.000,7,6,1
2013-01-31T05:00:00.000,25,14,11
2013-01-31T06:00:00.000,85,59,26
2013-01-31T07:00:00.000,177,128,49
2013-01-31T08:00:00.000,271,184,87
2013-01-31T09:00:00.000,160,104,56
2013-01-31T10:00:00.000,39,27,12
2013-01-31T11:00:00.000,45,28,17
2013-01-31T12:00:00.000,47,32,15
2013-01-31T13:00:00.000,54,30,24
2013-01-31T14:00:00.000,61,32,29
2013-01-31T15:00:00.000,61,32,29
2013-01-31T16:00:00.000,141,49,92
2013-01-31T17:00:00.000,310,95,215
2013-01-31T18:00:00.000,177,67,110
2013-01-31T19:00:00.000,114,35,79
2013-01-31T20:00:00.000,67,15,52
2013-01-31T21:00:00.000,30,8,22
2013-01-31T22:00:00.000,24,12,12
2013-01-31T23:00:00.000,15,8,7
2013-02-01T00:00:00.000,12,4,8
2013-02-01T01:00:00.000,4,4,0
2013-02-01T02:00:00.000,3,3,0
2013-02-01T03:00:00.000,0,0,0
2013-02-01T04:00:00.000,6,4,2
2013-02-01T05:00:00.000,15,12,3
2013-02-01T06:00:00.000,74,53,21
2013-02-01T07:00:00.000,195,142,53
2013-02-01T08:00:00.000,261,189,72
2013-02-01T09:00:00.000,154,96,58
2013-02-01T10:00:00.000,92,58,34
2013-02-01T11:00:00.000,58,27,31
2013-02-01T12:00:00.000,71,36,35
2013-02-01T13:00:00.000,74,34,40
2013-02-01T14:00:00.000,96,53,43
2013-02-01T15:00:00.000,131,72,59
2013-02-01T16:00:00.000,182,73,109
2013-02-01T17:00:00.000,301,94,207
2013-02-01T18:00:00.000,190,72,118
2013-02-01T19:00:00.000,82,31,51
2013-02-01T20:00:00.000,43,12,31
2013-02-01T21:00:00.000,15,5,10
2013-02-01T22:00:00.000,27,7,20
2013-02-01T23:00:00.000,22,11,11
2013-02-02T00:00:00.000,16,7,9
2013-02-02T01:00:00.000,12,5,7
2013-02-02T02:00:00.000,7,3,4
2013-02-02T03:00:00.000,2,2,0
2013-02-02T04:00:00.000,1,0,1
2013-02-02T05:00:00.000,3,2,1
2013-02-02T06:00:00.000,15,7,8
2013-02-02T07:00:00.000,24,17,7
2013-02-02T08:00:00.000,56,28,28
2013-02-02T09:00:00.000,58,32,26
2013-02-02T10:00:00.000,58,40,18
2013-02-02T11:00:00.000,113,67,46
2013-02-02T12:00:00.000,109,69,40
2013-02-02T13:00:00.000,104,66,38
2013-02-02T14:00:00.000,122,63,59
2013-02-02T15:00:00.000,122,70,52
2013-02-02T16:00:00.000,119,75,44
2013-02-02T17:00:00.000,68,30,38
2013-02-02T18:00:00.000,40,21,19
2013-02-02T19:00:00.000,27,9,18
2013-02-02T20:00:00.000,21,15,6
2013-02-02T21:00:00.000,17,9,8
2013-02-02T22:00:00.000,9,4,5
2013-02-02T23:00:00.000,10,4,6
2013-02-03T00:00:00.000,14,3,11
2013-02-03T01:00:00.000,9,4,5
2013-02-03T02:00:00.000,7,3,4
2013-02-03T03:00:00.000,0,0,0
2013-02-03T04:00:00.000,3,2,1
2013-02-03T05:00:00.000,3,3,0
2013-02-03T06:00:00.000,13,7,6
2013-02-03T07:00:00.000,14,7,7
2013-02-03T08:00:00.000,28,16,12
2013-02-03T09:00:00.000,46,24,22
2013-02-03T10:00:00.000,92,62,30
2013-02-03T11:00:00.000,71,43,28
2013-02-03T12:00:00.000,90,48,42
2013-02-03T13:00:00.000,94,44,50
2013-02-03T14:00:00.000,85,43,42
2013-02-03T15:00:00.000,90,62,28
2013-02-03T16:00:00.000,53,21,32
2013-02-03T17:00:00.000,43,25,18
2013-02-03T18:00:00.000,25,12,13
2013-02-03T19:00:00.000,18,9,9
2013-02-03T20:00:00.000,26,17,9
2013-02-03T21:00:00.000,21,11,10
2013-02-03T22:00:00.000,13,7,6
2013-02-03T23:00:00.000,10,4,6
2013-02-04T00:00:00.000,4,2,2
2013-02-04T01:00:00.000,4,2,2
2013-02-04T02:00:00.000,3,2,1
2013-02-04T03:00:00.000,1,1,0
2013-02-04T04:00:00.000,6,4,2
2013-02-04T05:00:00.000,24,19,5
2013-02-04T06:00:00.000,114,82,32
2013-02-04T07:00:00.000,210,152,58
2013-02-04T08:00:00.000,316,214,102
2013-02-04T09:00:00.000,197,123,74
2013-02-04T10:00:00.000,67,36,31
2013-02-04T11:00:00.000,51,26,25
2013-02-04T12:00:00.000,60,29,31
2013-02-04T13:00:00.000,46,26,20
2013-02-04T14:00:00.000,69,39,30
2013-02-04T15:00:00.000,99,56,43
2013-02-04T16:00:00.000,170,74,96
2013-02-04T17:00:00.000,378,123,255
2013-02-04T18:00:00.000,252,83,169
2013-02-04T19:00:00.000,107,42,65
2013-02-04T20:00:00.000,43,13,30
2013-02-04T21:00:00.000,39,16,23
2013-02-04T22:00:00.000,17,7,10
2013-02-04T23:00:00.000,11,3,8
2013-02-05T00:00:00.000,8,3,5
2013-02-05T01:00:00.000,4,1,3
2013-02-05T02:00:00.000,3,2,1
2013-02-05T03:00:00.000,3,2,1
2013-02-05T04:00:00.000,6,4,2
2013-02-05T05:00:00.000,19,13,6
2013-02-05T06:00:00.000,87,57,30
2013-02-05T07:00:00.000,192,148,44
2013-02-05T08:00:00.000,305,217,88
2013-02-05T09:00:00.000,171,108,63
2013-02-05T10:00:00.000,62,39,23
2013-02-05T11:00:00.000,55,36,19
2013-02-05T12:00:00.000,47,28,19
2013-02-05T13:00:00.000,56,26,30
2013-02-05T14:00:00.000,70,40,30
2013-02-05T15:00:00.000,59,28,31
2013-02-05T16:00:00.000,126,48,78
2013-02-05T17:00:00.000,306,82,224
2013-02-05T18:00:00.000,227,67,160
2013-02-05T19:00:00.000,86,33,53
2013-02-05T20:00:00.000,50,18,32
2013-02-05T21:00:00.000,31,15,16
2013-02-05T22:00:00.000,23,8,15
2013-02-05T23:00:00.000,16,7,9
2013-02-06T00:00:00.000,7,4,3
2013-02-06T01:00:00.000,4,0,4
2013-02-06T02:00:00.000,2,2,0
2013-02-06T03:00:00.000,1,1,0
2013-02-06T04:00:00.000,7,5,2
2013-02-06T05:00:00.000,26,19,7
2013-02-06T06:00:00.000,91,67,24
2013-02-06T07:00:00.000,192,125,67
2013-02-06T08:00:00.000,285,192,93
2013-02-06T09:00:00.000,155,100,55
2013-02-06T10:00:00.000,54,33,21
2013-02-06T11:00:00.000,65,34,31
2013-02-06T12:00:00.000,62,31,31
2013-02-06T13:00:00.000,48,29,19
2013-02-06T14:00:00.000,68,43,25
2013-02-06T15:00:00.000,75,32,43
2013-02-06T16:00:00.000,155,56,99
2013-02-06T17:00:00.000,293,91,202
2013-02-06T18:00:00.000,196,74,122
2013-02-06T19:00:00.000,87,36,51
2013-02-06T20:00:00.000,59,17,42
2013-02-06T21:00:00.000,30,12,18
2013-02-06T22:00:00.000,20,9,11
2013-02-06T23:00:00.000,13,4,9
2013-02-07T00:00:00.000,6,2,4
2013-02-07T01:00:00.000,6,5,1
2013-02-07T02:00:00.000,2,2,0
2013-02-07T03:00:00.000,0,0,0
2013-02-07T04:00:00.000,6,4,2
2013-02-07T05:00:00.000,17,12,5
2013-02-07T06:00:00.000,68,47,21
2013-02-07T07:00:00.000,196,144,52
2013-02-07T08:00:00.000,278,186,92
2013-02-07T09:00:00.000,160,100,60
2013-02-07T10:00:00.000,59,33,26
2013-02-07T11:00:00.000,64,38,26
2013-02-07T12:00:00.000,60,37,23
2013-02-07T13:00:00.000,69,39,30
2013-02-07T14:00:00.000,104,48,56
2013-02-07T15:00:00.000,104,49,55
2013-02-07T16:00:00.000,179,83,96
2013-02-07T17:00:00.000,324,120,204
2013-02-07T18:00:00.000,223,79,144
2013-02-07T19:00:00.000,96,29,67
2013-02-07T20:00:00.000,62,22,40
2013-02-07T21:00:00.000,55,14,41
2013-02-07T22:00:00.000,32,15,17
2013-02-07T23:00:00.000,17,7,10
2013-02-08T00:00:00.000,13,4,9
2013-02-08T01:00:00.000,6,3,3
2013-02-08T02:00:00.000,3,2,1
2013-02-08T03:00:00.000,0,0,0
2013-02-08T04:00:00.000,4,0,4
2013-02-08T05:00:00.000,12,6,6
2013-02-08T06:00:00.000,93,63,30
2013-02-08T07:00:00.000,205,145,60
2013-02-08T08:00:00.000,295,215,80
2013-02-08T09:00:00.000,174,107,67
2013-02-08T10:00:00.000,68,49,19
2013-02-08T11:00:00.000,62,36,26
2013-02-08T12:00:00.000,68,38,30
2013-02-08T13:00:00.000,90,39,51
2013-02-08T14:00:00.000,87,46,41
2013-02-08T15:00:00.000,95,44,51
2013-02-08T16:00:00.000,196,79,117
2013-02-08T17:00:00.000,323,105,218
2013-02-08T18:00:00.000,187,59,128
2013-02-08T19:00:00.000,67,24,43
2013-02-08T20:00:00.000,38,19,19
2013-02-08T21:00:00.000,33,13,20
2013-02-08T22:00:00.000,20,12,8
2013-02-08T23:00:00.000,22,11,11
2013-02-09T00:00:00.000,17,7,10
2013-02-09T01:00:00.000,9,3,6
2013-02-09T02:00:00.000,6,2,4
2013-02-09T03:00:00.000,1,1,0
2013-02-09T04:00:00.000,3,0,3
2013-02-09T05:00:00.000,4,3,1
2013-02-09T06:00:00.000,16,6,10
2013-02-09T07:00:00.000,24,16,8
2013-02-09T08:00:00.000,56,26,30
2013-02-09T09:00:00.000,65,38,27
2013-02-09T10:00:00.000,87,61,26
2013-02-09T11:00:00.000,96,63,33
2013-02-09T12:00:00.000,104,61,43
2013-02-09T13:00:00.000,113,66,47
2013-02-09T14:00:00.000,135,73,62
2013-02-09T15:00:00.000,106,61,45
2013-02-09T16:00:00.000,76,39,37
2013-02-09T17:00:00.000,69,37,32
2013-02-09T18:00:00.000,29,12,17
2013-02-09T19:00:00.000,32,14,18
2013-02-09T20:00:00.000,24,15,9
2013-02-09T21:00:00.000,13,8,5
2013-02-09T22:00:00.000,18,10,8
2013-02-09T23:00:00.000,11,5,6
2013-02-10T00:00:00.000,13,7,6
2013-02-10T01:00:00.000,2,2,0
2013-02-10T02:00:00.000,3,2,1
2013-02-10T03:00:00.000,4,3,1
2013-02-10T04:00:00.000,4,2,2
2013-02-10T05:00:00.000,3,3,0
2013-02-10T06:00:00.000,10,5,5
2013-02-10T07:00:00.000,18,6,12
2013-02-10T08:00:00.000,44,27,17
2013-02-10T09:00:00.000,74,48,26
2013-02-10T10:00:00.000,83,45,38
2013-02-10T11:00:00.000,102,55,47
2013-02-10T12:00:00.000,149,97,52
2013-02-10T13:00:00.000,164,88,76
2013-02-10T14:00:00.000,206,113,93
2013-02-10T15:00:00.000,147,80,67
2013-02-10T16:00:00.000,106,66,40
2013-02-10T17:00:00.000,66,31,35
2013-02-10T18:00:00.000,39,19,20
2013-02-10T19:00:00.000,21,13,8
2013-02-10T20:00:00.000,15,6,9
2013-02-10T21:00:00.000,16,7,9
2013-02-10T22:00:00.000,11,8,3
2013-02-10T23:00:00.000,12,2,10
2013-02-11T00:00:00.000,6,4,2
2013-02-11T01:00:00.000,3,1,2
2013-02-11T02:00:00.000,1,1,0
2013-02-11T03:00:00.000,0,0,0
2013-02-11T04:00:00.000,10,7,3
2013-02-11T05:00:00.000,17,14,3
2013-02-11T06:00:00.000,100,63,37
2013-02-11T07:00:00.000,237,164,73
2013-02-11T08:00:00.000,286,194,92
2013-02-11T09:00:00.000,149,102,47
2013-02-11T10:00:00.000,64,34,30
2013-02-11T11:00:00.000,38,20,18
2013-02-11T12:00:00.000,58,34,24
2013-02-11T13:00:00.000,42,16,26
2013-02-11T14:00:00.000,61,32,29
2013-02-11T15:00:00.000,91,44,47
2013-02-11T16:00:00.000,179,85,94
2013-02-11T17:00:00.000,334,93,241
2013-02-11T18:00:00.000,259,87,172
2013-02-11T19:00:00.000,87,33,54
2013-02-11T20:00:00.000,54,23,31
2013-02-11T21:00:00.000,37,12,25
2013-02-11T22:00:00.000,22,9,13
2013-02-11T23:00:00.000,10,4,6
2013-02-12T00:00:00.000,8,5,3
2013-02-12T01:00:00.000,4,4,0
2013-02-12T02:00:00.000,0,0,0
2013-02-12T03:00:00.000,3,2,1
2013-02-12T04:00:00.000,8,5,3
2013-02-12T05:00:00.000,22,17,5
2013-02-12T06:00:00.000,97,69,28
2013-02-12T07:00:00.000,220,163,57
2013-02-12T08:00:00.000,323,221,102
2013-02-12T09:00:00.000,162,105,57
2013-02-12T10:00:00.000,56,26,30
2013-02-12T11:00:00.000,43,20,23
2013-02-12T12:00:00.000,34,17,17
2013-02-12T13:00:00.000,45,20,25
2013-02-12T14:00:00.000,54,26,28
2013-02-12T15:00:00.000,67,29,38
2013-02-12T16:00:00.000,153,61,92
2013-02-12T17:00:00.000,336,99,237
2013-02-12T18:00:00.000,229,83,146
2013-02-12T19:00:00.000,114,50,64
2013-02-12T20:00:00.000,54,26,28
2013-02-12T21:00:00.000,29,13,16
2013-02-12T22:00:00.000,25,9,16
2013-02-12T23:00:00.000,19,12,7
2013-02-13T00:00:00.000,7,3,4
2013-02-13T01:00:00.000,3,2,1
2013-02-13T02:00:00.000,1,0,1
2013-02-13T03:00:00.000,1,1,0
2013-02-13T04:00:00.000,11,9,2
2013-02-13T05:00:00.000,18,12,6
2013-02-13T06:00:00.000,83,61,22
2013-02-13T07:00:00.000,204,148,56
2013-02-13T08:00:00.000,292,198,94
2013-02-13T09:00:00.000,152,95,57
2013-02-13T10:00:00.000,59,31,28
2013-02-13T11:00:00.000,55,34,21
2013-02-13T12:00:00.000,51,35,16
2013-02-13T13:00:00.000,40,21,19
2013-02-13T14:00:00.000,49,25,24
2013-02-13T15:00:00.000,86,42,44
2013-02-13T16:00:00.000,166,71,95
2013-02-13T17:00:00.000,334,104,230
2013-02-13T18:00:00.000,209,69,140
2013-02-13T19:00:00.000,91,36,55
2013-02-13T20:00:00.000,68,21,47
2013-02-13T21:00:00.000,42,16,26
2013-02-13T22:00:00.000,24,10,14
2013-02-13T23:00:00.000,20,6,14
2013-02-14T00:00:00.000,5,1,4
2013-02-14T01:00:00.000,4,4,0
2013-02-14T02:00:00.000,2,2,0
2013-02-14T03:00:00.000,0,0,0
2013-02-14T04:00:00.000,6,5,1
2013-02-14T05:00:00.000,18,11,7
2013-02-14T06:00:00.000,93,58,35
2013-02-14T07:00:00.000,160,113,47
2013-02-14T08:00:00.000,255,176,79
2013-02-14T09:00:00.000,135,79,56
2013-02-14T10:00:00.000,46,26,20
2013-02-14T11:00:00.000,45,23,22
2013-02-14T12:00:00.000,54,30,24
2013-02-14T13:00:00.000,48,32,16
2013-02-14T14:00:00.000,64,31,33
2013-02-14T15:00:00.000,89,56,33
2013-02-14T16:00:00.000,142,59,83
2013-02-14T17:00:00.000,284,97,187
2013-02-14T18:00:00.000,210,74,136
2013-02-14T19:00:00.000,83,27,56
2013-02-14T20:00:00.000,53,21,32
2013-02-14T21:00:00.000,24,12,12
2013-02-14T22:00:00.000,29,18,11
2013-02-14T23:00:00.000,35,25,10
2013-02-15T00:00:00.000,11,5,6
2013-02-15T01:00:00.000,10,7,3
2013-02-15T02:00:00.000,2,2,0
2013-02-15T03:00:00.000,4,2,2
2013-02-15T04:00:00.000,5,3,2
2013-02-15T05:00:00.000,11,8,3
2013-02-15T06:00:00.000,79,53,26
2013-02-15T07:00:00.000,170,118,52
2013-02-15T08:00:00.000,255,177,78
2013-02-15T09:00:00.000,162,103,59
2013-02-15T10:00:00.000,84,56,28
2013-02-15T11:00:00.000,61,34,27
2013-02-15T12:00:00.000,86,45,41
2013-02-15T13:00:00.000,100,59,41
2013-02-15T14:00:00.000,133,76,57
2013-02-15T15:00:00.000,165,90,75
2013-02-15T16:00:00.000,249,96,153
2013-02-15T17:00:00.000,325,118,207
2013-02-15T18:00:00.000,207,84,123
2013-02-15T19:00:00.000,71,17,54
2013-02-15T20:00:00.000,50,28,22
2013-02-15T21:00:00.000,29,9,20
2013-02-15T22:00:00.000,19,9,10
2013-02-15T23:00:00.000,16,7,9
2013-02-16T00:00:00.000,21,11,10
2013-02-16T01:00:00.000,4,0,4
2013-02-16T02:00:00.000,7,3,4
2013-02-16T03:00:00.000,9,6,3
2013-02-16T04:00:00.000,3,2,1
2013-02-16T05:00:00.000,6,4,2
2013-02-16T06:00:00.000,10,7,3
2013-02-16T07:00:00.000,28,18,10
2013-02-16T08:00:00.000,39,21,18
2013-02-16T09:00:00.000,60,39,21
2013-02-16T10:00:00.000,55,40,15
2013-02-16T11:00:00.000,65,40,25
2013-02-16T12:00:00.000,92,45,47
2013-02-16T13:00:00.000,120,55,65
2013-02-16T14:00:00.000,121,73,48
2013-02-16T15:00:00.000,117,73,44
2013-02-16T16:00:00.000,67,30,37
2013-02-16T17:00:00.000,59,34,25
2013-02-16T18:00:00.000,56,29,27
2013-02-16T19:00:00.000,19,11,8
2013-02-16T20:00:00.000,23,11,12
2013-02-16T21:00:00.000,19,11,8
2013-02-16T22:00:00.000,5,3,2
2013-02-16T23:00:00.000,12,7,5
2013-02-17T00:00:00.000,14,6,8
2013-02-17T01:00:00.000,5,3,2
2013-02-17T02:00:00.000,7,3,4
2013-02-17T03:00:00.000,10,3,7
2013-02-17T04:00:00.000,2,1,1
2013-02-17T05:00:00.000,3,2,1
2013-02-17T06:00:00.000,6,1,5
2013-02-17T07:00:00.000,20,13,7
2013-02-17T08:00:00.000,26,7,19
2013-02-17T09:00:00.000,55,31,24
2013-02-17T10:00:00.000,50,25,25
2013-02-17T11:00:00.000,50,30,20
2013-02-17T12:00:00.000,62,37,25
2013-02-17T13:00:00.000,83,46,37
2013-02-17T14:00:00.000,94,56,38
2013-02-17T15:00:00.000,98,60,38
2013-02-17T16:00:00.000,92,49,43
2013-02-17T17:00:00.000,68,29,39
2013-02-17T18:00:00.000,41,24,17
2013-02-17T19:00:00.000,28,15,13
2013-02-17T20:00:00.000,18,12,6
2013-02-17T21:00:00.000,13,7,6
2013-02-17T22:00:00.000,15,7,8
2013-02-17T23:00:00.000,9,4,5
2013-02-18T00:00:00.000,7,3,4
2013-02-18T01:00:00.000,3,1,2
2013-02-18T02:00:00.000,5,2,3
2013-02-18T03:00:00.000,3,2,1
2013-02-18T04:00:00.000,4,3,1
2013-02-18T05:00:00.000,11,8,3
2013-02-18T06:00:00.000,37,20,17
2013-02-18T07:00:00.000,95,68,27
2013-02-18T08:00:00.000,140,98,42
2013-02-18T09:00:00.000,111,59,52
2013-02-18T10:00:00.000,76,43,33
2013-02-18T11:00:00.000,72,42,30
2013-02-18T12:00:00.000,78,47,31
2013-02-18T13:00:00.000,83,40,43
2013-02-18T14:00:00.000,94,52,42
2013-02-18T15:00:00.000,111,50,61
2013-02-18T16:00:00.000,139,78,61
2013-02-18T17:00:00.000,169,50,119
2013-02-18T18:00:00.000,107,40,67
2013-02-18T19:00:00.000,67,23,44
2013-02-18T20:00:00.000,28,11,17
2013-02-18T21:00:00.000,12,6,6
2013-02-18T22:00:00.000,20,8,12
2013-02-18T23:00:00.000,9,4,5
2013-02-19T00:00:00.000,4,1,3
2013-02-19T01:00:00.000,3,0,3
2013-02-19T02:00:00.000,1,1,0
2013-02-19T03:00:00.000,2,0,2
2013-02-19T04:00:00.000,5,3,2
2013-02-19T05:00:00.000,21,14,7
2013-02-19T06:00:00.000,97,72,25
2013-02-19T07:00:00.000,234,168,66
2013-02-19T08:00:00.000,341,241,100
2013-02-19T09:00:00.000,197,127,70
2013-02-19T10:00:00.000,79,47,32
2013-02-19T11:00:00.000,58,28,30
2013-02-19T12:00:00.000,83,53,30
2013-02-19T13:00:00.000,89,50,39
2013-02-19T14:00:00.000,101,52,49
2013-02-19T15:00:00.000,106,50,56
2013-02-19T16:00:00.000,220,104,116
2013-02-19T17:00:00.000,399,124,275
2013-02-19T18:00:00.000,285,95,190
2013-02-19T19:00:00.000,120,44,76
2013-02-19T20:00:00.000,47,24,23
2013-02-19T21:00:00.000,41,17,24
2013-02-19T22:00:00.000,28,11,17
2013-02-19T23:00:00.000,25,7,18
2013-02-20T00:00:00.000,8,4,4
2013-02-20T01:00:00.000,1,0,1
2013-02-20T02:00:00.000,2,2,0
2013-02-20T03:00:00.000,1,0,1
2013-02-20T04:00:00.000,9,8,1
2013-02-20T05:00:00.000,24,21,3
2013-02-20T06:00:00.000,107,82,25
2013-02-20T07:00:00.000,220,159,61
2013-02-20T08:00:00.000,320,220,100
2013-02-20T09:00:00.000,187,130,57
2013-02-20T10:00:00.000,73,40,33
2013-02-20T11:00:00.000,56,36,20
2013-02-20T12:00:00.000,69,38,31
2013-02-20T13:00:00.000,60,28,32
2013-02-20T14:00:00.000,73,38,35
2013-02-20T15:00:00.000,77,31,46
2013-02-20T16:00:00.000,153,61,92
2013-02-20T17:00:00.000,330,101,229
2013-02-20T18:00:00.000,229,66,163
2013-02-20T19:00:00.000,77,25,52
2013-02-20T20:00:00.000,54,12,42
2013-02-20T21:00:00.000,44,20,24
2013-02-20T22:00:00.000,26,11,15
2013-02-20T23:00:00.000,17,9,8
2013-02-21T00:00:00.000,4,1,3
2013-02-21T01:00:00.000,0,0,0
2013-02-21T02:00:00.000,2,1,1
2013-02-21T03:00:00.000,1,1,0
2013-02-21T04:00:00.000,5,5,0
2013-02-21T05:00:00.000,19,12,7
2013-02-21T06:00:00.000,93,67,26
2013-02-21T07:00:00.000,171,119,52
2013-02-21T08:00:00.000,253,171,82
2013-02-21T09:00:00.000,145,92,53
2013-02-21T10:00:00.000,55,33,22
2013-02-21T11:00:00.000,48,24,24
2013-02-21T12:00:00.000,37,17,20
2013-02-21T13:00:00.000,44,25,19
2013-02-21T14:00:00.000,57,28,29
2013-02-21T15:00:00.000,73,32,41
2013-02-21T16:00:00.000,138,46,92
2013-02-21T17:00:00.000,310,102,208
2013-02-21T18:00:00.000,213,84,129
2013-02-21T19:00:00.000,93,35,58
2013-02-21T20:00:00.000,59,24,35
2013-02-21T21:00:00.000,24,8,16
2013-02-21T22:00:00.000,35,18,17
2013-02-21T23:00:00.000,12,7,5
2013-02-22T00:00:00.000,6,2,4
2013-02-22T01:00:00.000,3,0,3
2013-02-22T02:00:00.000,4,3,1
2013-02-22T03:00:00.000,2,1,1
2013-02-22T04:00:00.000,5,3,2
2013-02-22T05:00:00.000,16,10,6
2013-02-22T06:00:00.000,80,50,30
2013-02-22T07:00:00.000,131,100,31
2013-02-22T08:00:00.000,206,138,68
2013-02-22T09:00:00.000,102,68,34
2013-02-22T10:00:00.000,35,21,14
2013-02-22T11:00:00.000,20,15,5
2013-02-22T12:00:00.000,29,11,18
2013-02-22T13:00:00.000,29,12,17
2013-02-22T14:00:00.000,40,15,25
2013-02-22T15:00:00.000,58,27,31
2013-02-22T16:00:00.000,117,43,74
2013-02-22T17:00:00.000,204,64,140
2013-02-22T18:00:00.000,128,39,89
2013-02-22T19:00:00.000,66,22,44
2013-02-22T20:00:00.000,25,6,19
2013-02-22T21:00:00.000,21,6,15
2013-02-22T22:00:00.000,14,6,8
2013-02-22T23:00:00.000,19,8,11
2013-02-23T00:00:00.000,10,3,7
2013-02-23T01:00:00.000,3,1,2
2013-02-23T02:00:00.000,2,0,2
2013-02-23T03:00:00.000,7,5,2
2013-02-23T04:00:00.000,1,0,1
2013-02-23T05:00:00.000,4,4,0
2013-02-23T06:00:00.000,16,4,12
2013-02-23T07:00:00.000,30,17,13
2013-02-23T08:00:00.000,42,14,28
2013-02-23T09:00:00.000,47,18,29
2013-02-23T10:00:00.000,61,32,29
2013-02-23T11:00:00.000,91,55,36
2013-02-23T12:00:00.000,114,51,63
2013-02-23T13:00:00.000,101,58,43
2013-02-23T14:00:00.000,129,74,55
2013-02-23T15:00:00.000,117,70,47
2013-02-23T16:00:00.000,100,62,38
2013-02-23T17:00:00.000,71,40,31
2013-02-23T18:00:00.000,55,31,24
2013-02-23T19:00:00.000,36,19,17
2013-02-23T20:00:00.000,34,12,22
2013-02-23T21:00:00.000,27,15,12
2013-02-23T22:00:00.000,13,6,7
2013-02-23T23:00:00.000,15,12,3
2013-02-24T00:00:00.000,22,12,10
2013-02-24T01:00:00.000,4,2,2
2013-02-24T02:00:00.000,4,3,1
2013-02-24T03:00:00.000,4,1,3
2013-02-24T04:00:00.000,6,2,4
2013-02-24T05:00:00.000,2,2,0
2013-02-24T06:00:00.000,22,17,5
2013-02-24T07:00:00.000,78,64,14
2013-02-24T08:00:00.000,101,77,24
2013-02-24T09:00:00.000,58,32,26
2013-02-24T10:00:00.000,66,47,19
2013-02-24T11:00:00.000,93,60,33
2013-02-24T12:00:00.000,81,44,37
2013-02-24T13:00:00.000,98,33,65
2013-02-24T14:00:00.000,110,46,64
2013-02-24T15:00:00.000,92,51,41
2013-02-24T16:00:00.000,87,33,54
2013-02-24T17:00:00.000,81,27,54
2013-02-24T18:00:00.000,26,16,10
2013-02-24T19:00:00.000,32,9,23
2013-02-24T20:00:00.000,17,9,8
2013-02-24T21:00:00.000,13,7,6
2013-02-24T22:00:00.000,16,6,10
2013-02-24T23:00:00.000,9,5,4
2013-02-25T00:00:00.000,7,5,2
2013-02-25T01:00:00.000,3,3,0
2013-02-25T02:00:00.000,1,0,1
2013-02-25T03:00:00.000,0,0,0
2013-02-25T04:00:00.000,5,3,2
2013-02-25T05:00:00.000,22,18,4
2013-02-25T06:00:00.000,83,57,26
2013-02-25T07:00:00.000,189,135,54
2013-02-25T08:00:00.000,267,172,95
2013-02-25T09:00:00.000,142,89,53
2013-02-25T10:00:00.000,56,34,22
2013-02-25T11:00:00.000,45,24,21
2013-02-25T12:00:00.000,50,27,23
2013-02-25T13:00:00.000,51,32,19
2013-02-25T14:00:00.000,81,39,42
2013-02-25T15:00:00.000,111,63,48
2013-02-25T16:00:00.000,176,81,95
2013-02-25T17:00:00.000,352,132,220
2013-02-25T18:00:00.000,232,73,159
2013-02-25T19:00:00.000,100,36,64
2013-02-25T20:00:00.000,46,23,23
2013-02-25T21:00:00.000,35,16,19
2013-02-25T22:00:00.000,21,9,12
2013-02-25T23:00:00.000,11,6,5
2013-02-26T00:00:00.000,8,4,4
2013-02-26T01:00:00.000,4,2,2
2013-02-26T02:00:00.000,3,3,0
2013-02-26T03:00:00.000,5,3,2
2013-02-26T04:00:00.000,5,4,1
2013-02-26T05:00:00.000,28,18,10
2013-02-26T06:00:00.000,102,75,27
2013-02-26T07:00:00.000,235,168,67
2013-02-26T08:00:00.000,367,237,130
2013-02-26T09:00:00.000,215,134,81
2013-02-26T10:00:00.000,76,50,26
2013-02-26T11:00:00.000,57,34,23
2013-02-26T12:00:00.000,43,25,18
2013-02-26T13:00:00.000,78,44,34
2013-02-26T14:00:00.000,68,31,37
2013-02-26T15:00:00.000,93,38,55
2013-02-26T16:00:00.000,197,66,131
2013-02-26T17:00:00.000,395,128,267
2013-02-26T18:00:00.000,270,94,176
2013-02-26T19:00:00.000,117,35,82
2013-02-26T20:00:00.000,59,25,34
2013-02-26T21:00:00.000,30,10,20
2013-02-26T22:00:00.000,24,17,7
2013-02-26T23:00:00.000,18,8,10
2013-02-27T00:00:00.000,6,1,5
2013-02-27T01:00:00.000,3,3,0
2013-02-27T02:00:00.000,2,2,0
2013-02-27T03:00:00.000,3,2,1
2013-02-27T04:00:00.000,9,7,2
2013-02-27T05:00:00.000,23,17,6
2013-02-27T06:00:00.000,123,91,32
2013-02-27T07:00:00.000,240,160,80
2013-02-27T08:00:00.000,318,213,105
2013-02-27T09:00:00.000,200,121,79
2013-02-27T10:00:00.000,84,49,35
2013-02-27T11:00:00.000,56,38,18
2013-02-27T12:00:00.000,67,43,24
2013-02-27T13:00:00.000,61,28,33
2013-02-27T14:00:00.000,57,36,21
2013-02-27T15:00:00.000,95,39,56
2013-02-27T16:00:00.000,169,67,102
2013-02-27T17:00:00.000,360,110,250
2013-02-27T18:00:00.000,250,70,180
2013-02-27T19:00:00.000,96,29,67
2013-02-27T20:00:00.000,45,13,32
2013-02-27T21:00:00.000,34,13,21
2013-02-27T22:00:00.000,20,6,14
2013-02-27T23:00:00.000,13,5,8
2013-02-28T00:00:00.000,7,3,4
2013-02-28T01:00:00.000,4,2,2
2013-02-28T02:00:00.000,3,1,2
2013-02-28T03:00:00.000,1,0,1
2013-02-28T04:00:00.000,4,3,1
2013-02-28T05:00:00.000,21,15,6
2013-02-28T06:00:00.000,72,52,20
2013-02-28T07:00:00.000,166,119,47
2013-02-28T08:00:00.000,233,159,74
2013-02-28T09:00:00.000,143,93,50
2013-02-28T10:00:00.000,52,30,22
2013-02-28T11:00:00.000,40,16,24
2013-02-28T12:00:00.000,43,26,17
2013-02-28T13:00:00.000,37,19,18
2013-02-28T14:00:00.000,44,19,25
2013-02-28T15:00:00.000,65,26,39
2013-02-28T16:00:00.000,118,41,77
2013-02-28T17:00:00.000,289,91,198
2013-02-28T18:00:00.000,222,81,141
2013-02-28T19:00:00.000,66,24,42
2013-02-28T20:00:00.000,52,19,33
2013-02-28T21:00:00.000,45,21,24
2013-02-28T22:00:00.000,21,10,11
2013-02-28T23:00:00.000,11,4,7
2013-03-01T00:00:00.000,5,2,3
2013-03-01T01:00:00.000,4,2,2
2013-03-01T02:00:00.000,0,0,0
2013-03-01T03:00:00.000,3,2,1
2013-03-01T04:00:00.000,2,1,1
2013-03-01T05:00:00.000,19,9,10
2013-03-01T06:00:00.000,91,61,30
2013-03-01T07:00:00.000,147,109,38
2013-03-01T08:00:00.000,235,163,72
2013-03-01T09:00:00.000,131,77,54
2013-03-01T10:00:00.000,56,37,19
2013-03-01T11:00:00.000,40,18,22
2013-03-01T12:00:00.000,58,32,26
2013-03-01T13:00:00.000,62,36,26
2013-03-01T14:00:00.000,81,40,41
2013-03-01T15:00:00.000,101,47,54
2013-03-01T16:00:00.000,170,68,102
2013-03-01T17:00:00.000,279,90,189
2013-03-01T18:00:00.000,153,50,103
2013-03-01T19:00:00.000,91,33,58
2013-03-01T20:00:00.000,39,24,15
2013-03-01T21:00:00.000,34,10,24
2013-03-01T22:00:00.000,17,7,10
2013-03-01T23:00:00.000,27,6,21
2013-03-02T00:00:00.000,20,10,10
2013-03-02T01:00:00.000,6,3,3
2013-03-02T02:00:00.000,9,5,4
2013-03-02T03:00:00.000,7,5,2
2013-03-02T04:00:00.000,3,2,1
2013-03-02T05:00:00.000,1,1,0
2013-03-02T06:00:00.000,13,7,6
2013-03-02T07:00:00.000,32,15,17
2013-03-02T08:00:00.000,60,37,23
2013-03-02T09:00:00.000,89,45,44
2013-03-02T10:00:00.000,93,44,49
2013-03-02T11:00:00.000,120,66,54
2013-03-02T12:00:00.000,135,87,48
2013-03-02T13:00:00.000,133,80,53
2013-03-02T14:00:00.000,118,62,56
2013-03-02T15:00:00.000,87,50,37
2013-03-02T16:00:00.000,81,39,42
2013-03-02T17:00:00.000,79,34,45
2013-03-02T18:00:00.000,46,22,24
2013-03-02T19:00:00.000,25,12,13
2013-03-02T20:00:00.000,22,8,14
2013-03-02T21:00:00.000,18,12,6
2013-03-02T22:00:00.000,23,6,17
2013-03-02T23:00:00.000,13,5,8
2013-03-03T00:00:00.000,15,5,10
2013-03-03T01:00:00.000,9,7,2
2013-03-03T02:00:00.000,2,1,1
2013-03-03T03:00:00.000,3,1,2
2013-03-03T04:00:00.000,2,1,1
2013-03-03T05:00:00.000,6,3,3
2013-03-03T06:00:00.000,11,4,7
2013-03-03T07:00:00.000,22,16,6
2013-03-03T08:00:00.000,63,32,31
2013-03-03T09:00:00.000,77,49,28
2013-03-03T10:00:00.000,142,91,51
2013-03-03T11:00:00.000,161,91,70
2013-03-03T12:00:00.000,170,94,76
2013-03-03T13:00:00.000,238,147,91
2013-03-03T14:00:00.000,211,121,90
2013-03-03T15:00:00.000,158,91,67
2013-03-03T16:00:00.000,143,92,51
2013-03-03T17:00:00.000,105,69,36
2013-03-03T18:00:00.000,63,33,30
2013-03-03T19:00:00.000,35,18,17
2013-03-03T20:00:00.000,15,9,6
2013-03-03T21:00:00.000,8,2,6
2013-03-03T22:00:00.000,20,8,12
2013-03-03T23:00:00.000,11,4,7
2013-03-04T00:00:00.000,6,4,2
2013-03-04T01:00:00.000,2,1,1
2013-03-04T02:00:00.000,1,1,0
2013-03-04T03:00:00.000,1,0,1
2013-03-04T04:00:00.000,6,4,2
2013-03-04T05:00:00.000,24,20,4
2013-03-04T06:00:00.000,106,74,32
2013-03-04T07:00:00.000,259,188,71
2013-03-04T08:00:00.000,402,288,114
2013-03-04T09:00:00.000,205,131,74
2013-03-04T10:00:00.000,65,41,24
2013-03-04T11:00:00.000,73,46,27
2013-03-04T12:00:00.000,78,45,33
2013-03-04T13:00:00.000,96,44,52
2013-03-04T14:00:00.000,75,44,31
2013-03-04T15:00:00.000,141,72,69
2013-03-04T16:00:00.000,212,99,113
2013-03-04T17:00:00.000,486,164,322
2013-03-04T18:00:00.000,303,96,207
2013-03-04T19:00:00.000,104,43,61
2013-03-04T20:00:00.000,59,22,37
2013-03-04T21:00:00.000,36,13,23
2013-03-04T22:00:00.000,34,15,19
2013-03-04T23:00:00.000,17,9,8
2013-03-05T00:00:00.000,5,3,2
2013-03-05T01:00:00.000,5,2,3
2013-03-05T02:00:00.000,3,2,1
2013-03-05T03:00:00.000,2,0,2
2013-03-05T04:00:00.000,5,3,2
2013-03-05T05:00:00.000,23,16,7
2013-03-05T06:00:00.000,112,73,39
2013-03-05T07:00:00.000,257,188,69
2013-03-05T08:00:00.000,357,245,112
2013-03-05T09:00:00.000,171,106,65
2013-03-05T10:00:00.000,65,38,27
2013-03-05T11:00:00.000,55,30,25
2013-03-05T12:00:00.000,44,28,16
2013-03-05T13:00:00.000,59,32,27
2013-03-05T14:00:00.000,63,25,38
2013-03-05T15:00:00.000,100,43,57
2013-03-05T16:00:00.000,178,68,110
2013-03-05T17:00:00.000,397,105,292
2013-03-05T18:00:00.000,241,87,154
2013-03-05T19:00:00.000,109,40,69
2013-03-05T20:00:00.000,70,30,40
2013-03-05T21:00:00.000,39,20,19
2013-03-05T22:00:00.000,23,13,10
2013-03-05T23:00:00.000,15,8,7
2013-03-06T00:00:00.000,4,2,2
2013-03-06T01:00:00.000,4,3,1
2013-03-06T02:00:00.000,2,2,0
2013-03-06T03:00:00.000,1,0,1
2013-03-06T04:00:00.000,7,4,3
2013-03-06T05:00:00.000,29,25,4
2013-03-06T06:00:00.000,115,80,35
2013-03-06T07:00:00.000,251,185,66
2013-03-06T08:00:00.000,321,222,99
2013-03-06T09:00:00.000,214,115,99
2013-03-06T10:00:00.000,49,29,20
2013-03-06T11:00:00.000,37,24,13
2013-03-06T12:00:00.000,33,17,16
2013-03-06T13:00:00.000,33,14,19
2013-03-06T14:00:00.000,35,13,22
2013-03-06T15:00:00.000,66,33,33
2013-03-06T16:00:00.000,129,48,81
2013-03-06T17:00:00.000,327,91,236
2013-03-06T18:00:00.000,202,71,131
2013-03-06T19:00:00.000,90,30,60
2013-03-06T20:00:00.000,32,12,20
2013-03-06T21:00:00.000,37,17,20
2013-03-06T22:00:00.000,16,7,9
2013-03-06T23:00:00.000,7,5,2
2013-03-07T00:00:00.000,5,2,3
2013-03-07T01:00:00.000,2,2,0
2013-03-07T02:00:00.000,3,1,2
2013-03-07T03:00:00.000,1,1,0
2013-03-07T04:00:00.000,4,3,1
2013-03-07T05:00:00.000,21,16,5
2013-03-07T06:00:00.000,81,54,27
2013-03-07T07:00:00.000,193,126,67
2013-03-07T08:00:00.000,236,168,68
2013-03-07T09:00:00.000,147,81,66
2013-03-07T10:00:00.000,74,48,26
2013-03-07T11:00:00.000,68,40,28
2013-03-07T12:00:00.000,42,23,19
2013-03-07T13:00:00.000,72,42,30
2013-03-07T14:00:00.000,67,32,35
2013-03-07T15:00:00.000,96,48,48
2013-03-07T16:00:00.000,197,89,108
2013-03-07T17:00:00.000,313,94,219
2013-03-07T18:00:00.000,217,85,132
2013-03-07T19:00:00.000,144,62,82
2013-03-07T20:00:00.000,62,19,43
2013-03-07T21:00:00.000,49,20,29
2013-03-07T22:00:00.000,34,6,28
2013-03-07T23:00:00.000,22,6,16
2013-03-08T00:00:00.000,7,4,3
2013-03-08T01:00:00.000,7,2,5
2013-03-08T02:00:00.000,1,0,1
2013-03-08T03:00:00.000,1,0,1
2013-03-08T04:00:00.000,2,1,1
2013-03-08T05:00:00.000,21,16,5
2013-03-08T06:00:00.000,106,73,33
2013-03-08T07:00:00.000,237,168,69
2013-03-08T08:00:00.000,338,239,99
2013-03-08T09:00:00.000,189,116,73
2013-03-08T10:00:00.000,88,53,35
2013-03-08T11:00:00.000,82,35,47
2013-03-08T12:00:00.000,77,51,26
2013-03-08T13:00:00.000,113,53,60
2013-03-08T14:00:00.000,123,51,72
2013-03-08T15:00:00.000,177,90,87
2013-03-08T16:00:00.000,278,112,166
2013-03-08T17:00:00.000,430,157,273
2013-03-08T18:00:00.000,246,91,155
2013-03-08T19:00:00.000,93,41,52
2013-03-08T20:00:00.000,43,18,25
2013-03-08T21:00:00.000,31,15,16
2013-03-08T22:00:00.000,30,12,18
2013-03-08T23:00:00.000,19,11,8
2013-03-09T00:00:00.000,22,10,12
2013-03-09T01:00:00.000,6,1,5
2013-03-09T02:00:00.000,9,4,5
2013-03-09T03:00:00.000,5,2,3
2013-03-09T04:00:00.000,2,1,1
2013-03-09T05:00:00.000,10,5,5
2013-03-09T06:00:00.000,18,9,9
2013-03-09T07:00:00.000,40,26,14
2013-03-09T08:00:00.000,93,62,31
2013-03-09T09:00:00.000,106,67,39
2013-03-09T10:00:00.000,143,97,46
2013-03-09T11:00:00.000,208,131,77
2013-03-09T12:00:00.000,174,105,69
2013-03-09T13:00:00.000,250,142,108
2013-03-09T14:00:00.000,256,136,120
2013-03-09T15:00:00.000,296,154,142
2013-03-09T16:00:00.000,277,150,127
2013-03-09T17:00:00.000,175,98,77
2013-03-09T18:00:00.000,160,80,80
2013-03-09T19:00:00.000,66,31,35
2013-03-09T20:00:00.000,37,26,11
2013-03-09T21:00:00.000,33,18,15
2013-03-09T22:00:00.000,22,7,15
2013-03-09T23:00:00.000,22,10,12
2013-03-10T00:00:00.000,11,2,9
2013-03-10T01:00:00.000,18,8,10
2013-03-10T02:00:00.000,0,0,0
2013-03-10T03:00:00.000,11,2,9
2013-03-10T04:00:00.000,0,0,0
2013-03-10T05:00:00.000,2,1,1
2013-03-10T06:00:00.000,6,1,5
2013-03-10T07:00:00.000,18,10,8
2013-03-10T08:00:00.000,34,20,14
2013-03-10T09:00:00.000,63,38,25
2013-03-10T10:00:00.000,88,67,21
2013-03-10T11:00:00.000,65,43,22
2013-03-10T12:00:00.000,100,60,40
2013-03-10T13:00:00.000,105,56,49
2013-03-10T14:00:00.000,104,65,39
2013-03-10T15:00:00.000,93,45,48
2013-03-10T16:00:00.000,122,66,56
2013-03-10T17:00:00.000,68,38,30
2013-03-10T18:00:00.000,58,27,31
2013-03-10T19:00:00.000,17,10,7
2013-03-10T20:00:00.000,15,8,7
2013-03-10T21:00:00.000,12,7,5
2013-03-10T22:00:00.000,25,16,9
2013-03-10T23:00:00.000,11,4,7
2013-03-11T00:00:00.000,10,7,3
2013-03-11T01:00:00.000,6,3,3
2013-03-11T02:00:00.000,1,1,0
2013-03-11T03:00:00.000,3,1,2
2013-03-11T04:00:00.000,8,4,4
2013-03-11T05:00:00.000,26,20,6
2013-03-11T06:00:00.000,103,72,31
2013-03-11T07:00:00.000,185,138,47
2013-03-11T08:00:00.000,319,216,103
2013-03-11T09:00:00.000,187,115,72
2013-03-11T10:00:00.000,75,47,28
2013-03-11T11:00:00.000,51,30,21
2013-03-11T12:00:00.000,56,33,23
2013-03-11T13:00:00.000,64,36,28
2013-03-11T14:00:00.000,65,36,29
2013-03-11T15:00:00.000,86,33,53
2013-03-11T16:00:00.000,196,83,113
2013-03-11T17:00:00.000,338,102,236
2013-03-11T18:00:00.000,247,80,167
2013-03-11T19:00:00.000,94,42,52
2013-03-11T20:00:00.000,53,14,39
2013-03-11T21:00:00.000,26,13,13
2013-03-11T22:00:00.000,30,11,19
2013-03-11T23:00:00.000,21,7,14
2013-03-12T00:00:00.000,9,5,4
2013-03-12T01:00:00.000,2,0,2
2013-03-12T02:00:00.000,4,1,3
2013-03-12T03:00:00.000,0,0,0
2013-03-12T04:00:00.000,6,4,2
2013-03-12T05:00:00.000,22,17,5
2013-03-12T06:00:00.000,98,69,29
2013-03-12T07:00:00.000,199,146,53
2013-03-12T08:00:00.000,263,171,92
2013-03-12T09:00:00.000,157,104,53
2013-03-12T10:00:00.000,69,45,24
2013-03-12T11:00:00.000,49,26,23
2013-03-12T12:00:00.000,45,25,20
2013-03-12T13:00:00.000,54,27,27
2013-03-12T14:00:00.000,62,28,34
2013-03-12T15:00:00.000,86,33,53
2013-03-12T16:00:00.000,134,56,78
2013-03-12T17:00:00.000,283,82,201
2013-03-12T18:00:00.000,215,69,146
2013-03-12T19:00:00.000,102,42,60
2013-03-12T20:00:00.000,46,18,28
2013-03-12T21:00:00.000,42,10,32
2013-03-12T22:00:00.000,19,8,11
2013-03-12T23:00:00.000,14,8,6
2013-03-13T00:00:00.000,5,1,4
2013-03-13T01:00:00.000,1,1,0
2013-03-13T02:00:00.000,1,1,0
2013-03-13T03:00:00.000,3,2,1
2013-03-13T04:00:00.000,6,4,2
2013-03-13T05:00:00.000,17,12,5
2013-03-13T06:00:00.000,78,51,27
2013-03-13T07:00:00.000,182,127,55
2013-03-13T08:00:00.000,282,193,89
2013-03-13T09:00:00.000,189,115,74
2013-03-13T10:00:00.000,65,46,19
2013-03-13T11:00:00.000,35,18,17
2013-03-13T12:00:00.000,26,13,13
2013-03-13T13:00:00.000,40,24,16
2013-03-13T14:00:00.000,34,14,20
2013-03-13T15:00:00.000,46,21,25
2013-03-13T16:00:00.000,128,51,77
2013-03-13T17:00:00.000,299,84,215
2013-03-13T18:00:00.000,216,70,146
2013-03-13T19:00:00.000,123,34,89
2013-03-13T20:00:00.000,42,21,21
2013-03-13T21:00:00.000,34,7,27
2013-03-13T22:00:00.000,29,16,13
2013-03-13T23:00:00.000,13,9,4
2013-03-14T00:00:00.000,4,2,2
2013-03-14T01:00:00.000,3,2,1
2013-03-14T02:00:00.000,3,0,3
2013-03-14T03:00:00.000,2,1,1
2013-03-14T04:00:00.000,5,4,1
2013-03-14T05:00:00.000,26,19,7
2013-03-14T06:00:00.000,85,61,24
2013-03-14T07:00:00.000,208,145,63
2013-03-14T08:00:00.000,305,207,98
2013-03-14T09:00:00.000,183,132,51
2013-03-14T10:00:00.000,78,49,29
2013-03-14T11:00:00.000,47,33,14
2013-03-14T12:00:00.000,59,31,28
2013-03-14T13:00:00.000,63,26,37
2013-03-14T14:00:00.000,75,39,36
2013-03-14T15:00:00.000,77,38,39
2013-03-14T16:00:00.000,161,70,91
2013-03-14T17:00:00.000,341,106,235
2013-03-14T18:00:00.000,249,85,164
2013-03-14T19:00:00.000,107,41,66
2013-03-14T20:00:00.000,56,22,34
2013-03-14T21:00:00.000,31,11,20
2013-03-14T22:00:00.000,23,8,15
2013-03-14T23:00:00.000,11,7,4
2013-03-15T00:00:00.000,12,6,6
2013-03-15T01:00:00.000,9,4,5
2013-03-15T02:00:00.000,4,4,0
2013-03-15T03:00:00.000,3,2,1
2013-03-15T04:00:00.000,3,2,1
2013-03-15T05:00:00.000,17,9,8
2013-03-15T06:00:00.000,86,64,22
2013-03-15T07:00:00.000,172,122,50
2013-03-15T08:00:00.000,277,185,92
2013-03-15T09:00:00.000,185,114,71
2013-03-15T10:00:00.000,78,51,27
2013-03-15T11:00:00.000,76,47,29
2013-03-15T12:00:00.000,69,41,28
2013-03-15T13:00:00.000,88,44,44
2013-03-15T14:00:00.000,94,54,40
2013-03-15T15:00:00.000,106,55,51
2013-03-15T16:00:00.000,215,90,125
2013-03-15T17:00:00.000,365,112,253
2013-03-15T18:00:00.000,253,82,171
2013-03-15T19:00:00.000,100,34,66
2013-03-15T20:00:00.000,57,20,37
2013-03-15T21:00:00.000,37,13,24
2013-03-15T22:00:00.000,26,7,19
2013-03-15T23:00:00.000,23,10,13
2013-03-16T00:00:00.000,15,7,8
2013-03-16T01:00:00.000,10,2,8
2013-03-16T02:00:00.000,11,3,8
2013-03-16T03:00:00.000,5,2,3
2013-03-16T04:00:00.000,3,2,1
2013-03-16T05:00:00.000,9,5,4
2013-03-16T06:00:00.000,19,10,9
2013-03-16T07:00:00.000,37,15,22
2013-03-16T08:00:00.000,64,40,24
2013-03-16T09:00:00.000,84,49,35
2013-03-16T10:00:00.000,82,47,35
2013-03-16T11:00:00.000,85,49,36
2013-03-16T12:00:00.000,90,60,30
2013-03-16T13:00:00.000,78,53,25
2013-03-16T14:00:00.000,71,41,30
2013-03-16T15:00:00.000,80,41,39
2013-03-16T16:00:00.000,83,51,32
2013-03-16T17:00:00.000,65,36,29
2013-03-16T18:00:00.000,56,22,34
2013-03-16T19:00:00.000,34,22,12
2013-03-16T20:00:00.000,28,9,19
2013-03-16T21:00:00.000,21,13,8
2013-03-16T22:00:00.000,19,9,10
2013-03-16T23:00:00.000,14,7,7
2013-03-17T00:00:00.000,8,3,5
2013-03-17T01:00:00.000,8,4,4
2013-03-17T02:00:00.000,6,4,2
2013-03-17T03:00:00.000,4,3,1
2013-03-17T04:00:00.000,4,3,1
2013-03-17T05:00:00.000,1,1,0
2013-03-17T06:00:00.000,12,5,7
2013-03-17T07:00:00.000,28,22,6
2013-03-17T08:00:00.000,36,24,12
2013-03-17T09:00:00.000,91,51,40
2013-03-17T10:00:00.000,102,63,39
2013-03-17T11:00:00.000,135,75,60
2013-03-17T12:00:00.000,139,79,60
2013-03-17T13:00:00.000,143,74,69
2013-03-17T14:00:00.000,157,101,56
2013-03-17T15:00:00.000,147,90,57
2013-03-17T16:00:00.000,102,51,51
2013-03-17T17:00:00.000,46,26,20
2013-03-17T18:00:00.000,51,32,19
2013-03-17T19:00:00.000,23,12,11
2013-03-17T20:00:00.000,21,9,12
2013-03-17T21:00:00.000,9,6,3
2013-03-17T22:00:00.000,11,3,8
2013-03-17T23:00:00.000,11,4,7
2013-03-18T00:00:00.000,6,3,3
2013-03-18T01:00:00.000,4,1,3
2013-03-18T02:00:00.000,4,3,1
2013-03-18T03:00:00.000,1,0,1
2013-03-18T04:00:00.000,6,4,2
2013-03-18T05:00:00.000,23,16,7
2013-03-18T06:00:00.000,98,68,30
2013-03-18T07:00:00.000,210,155,55
2013-03-18T08:00:00.000,305,198,107
2013-03-18T09:00:00.000,178,107,71
2013-03-18T10:00:00.000,64,44,20
2013-03-18T11:00:00.000,75,48,27
2013-03-18T12:00:00.000,60,37,23
2013-03-18T13:00:00.000,75,41,34
2013-03-18T14:00:00.000,81,35,46
2013-03-18T15:00:00.000,106,49,57
2013-03-18T16:00:00.000,167,70,97
2013-03-18T17:00:00.000,392,124,268
2013-03-18T18:00:00.000,272,93,179
2013-03-18T19:00:00.000,119,32,87
2013-03-18T20:00:00.000,50,18,32
2013-03-18T21:00:00.000,40,21,19
2013-03-18T22:00:00.000,32,8,24
2013-03-18T23:00:00.000,13,6,7
2013-03-19T00:00:00.000,11,4,7
2013-03-19T01:00:00.000,5,2,3
2013-03-19T02:00:00.000,4,4,0
2013-03-19T03:00:00.000,1,0,1
2013-03-19T04:00:00.000,3,2,1
2013-03-19T05:00:00.000,21,15,6
2013-03-19T06:00:00.000,107,81,26
2013-03-19T07:00:00.000,235,172,63
2013-03-19T08:00:00.000,347,241,106
2013-03-19T09:00:00.000,195,124,71
2013-03-19T10:00:00.000,76,54,22
2013-03-19T11:00:00.000,56,30,26
2013-03-19T12:00:00.000,78,47,31
2013-03-19T13:00:00.000,64,35,29
2013-03-19T14:00:00.000,72,32,40
2013-03-19T15:00:00.000,89,35,54
2013-03-19T16:00:00.000,166,58,108
2013-03-19T17:00:00.000,326,104,222
2013-03-19T18:00:00.000,252,77,175
2013-03-19T19:00:00.000,104,35,69
2013-03-19T20:00:00.000,48,17,31
2013-03-19T21:00:00.000,26,12,14
2013-03-19T22:00:00.000,18,8,10
2013-03-19T23:00:00.000,8,3,5
2013-03-20T00:00:00.000,5,1,4
2013-03-20T01:00:00.000,3,3,0
2013-03-20T02:00:00.000,1,1,0
2013-03-20T03:00:00.000,1,0,1
2013-03-20T04:00:00.000,6,4,2
2013-03-20T05:00:00.000,10,6,4
2013-03-20T06:00:00.000,43,29,14
2013-03-20T07:00:00.000,113,79,34
2013-03-20T08:00:00.000,181,123,58
2013-03-20T09:00:00.000,124,86,38
2013-03-20T10:00:00.000,38,27,11
2013-03-20T11:00:00.000,40,21,19
2013-03-20T12:00:00.000,28,17,11
2013-03-20T13:00:00.000,26,13,13
2013-03-20T14:00:00.000,41,18,23
2013-03-20T15:00:00.000,67,32,35
2013-03-20T16:00:00.000,116,50,66
2013-03-20T17:00:00.000,250,101,149
2013-03-20T18:00:00.000,187,67,120
2013-03-20T19:00:00.000,100,30,70
2013-03-20T20:00:00.000,53,28,25
2013-03-20T21:00:00.000,37,16,21
2013-03-20T22:00:00.000,27,10,17
2013-03-20T23:00:00.000,10,5,5
2013-03-21T00:00:00.000,2,2,0
2013-03-21T01:00:00.000,5,3,2
2013-03-21T02:00:00.000,3,2,1
2013-03-21T03:00:00.000,2,0,2
2013-03-21T04:00:00.000,5,3,2
2013-03-21T05:00:00.000,15,12,3
2013-03-21T06:00:00.000,79,57,22
2013-03-21T07:00:00.000,173,123,50
2013-03-21T08:00:00.000,266,172,94
2013-03-21T09:00:00.000,143,95,48
2013-03-21T10:00:00.000,106,53,53
2013-03-21T11:00:00.000,70,37,33
2013-03-21T12:00:00.000,51,35,16
2013-03-21T13:00:00.000,63,32,31
2013-03-21T14:00:00.000,65,39,26
2013-03-21T15:00:00.000,80,33,47
2013-03-21T16:00:00.000,112,46,66
2013-03-21T17:00:00.000,273,87,186
2013-03-21T18:00:00.000,212,61,151
2013-03-21T19:00:00.000,84,24,60
2013-03-21T20:00:00.000,45,21,24
2013-03-21T21:00:00.000,29,13,16
2013-03-21T22:00:00.000,23,7,16
2013-03-21T23:00:00.000,18,6,12
2013-03-22T00:00:00.000,6,2,4
2013-03-22T01:00:00.000,3,0,3
2013-03-22T02:00:00.000,7,3,4
2013-03-22T03:00:00.000,2,1,1
2013-03-22T04:00:00.000,5,5,0
2013-03-22T05:00:00.000,23,11,12
2013-03-22T06:00:00.000,87,61,26
2013-03-22T07:00:00.000,148,101,47
2013-03-22T08:00:00.000,231,170,61
2013-03-22T09:00:00.000,118,80,38
2013-03-22T10:00:00.000,52,29,23
2013-03-22T11:00:00.000,39,24,15
2013-03-22T12:00:00.000,40,22,18
2013-03-22T13:00:00.000,67,31,36
2013-03-22T14:00:00.000,71,29,42
2013-03-22T15:00:00.000,99,52,47
2013-03-22T16:00:00.000,174,77,97
2013-03-22T17:00:00.000,266,76,190
2013-03-22T18:00:00.000,188,70,118
2013-03-22T19:00:00.000,95,38,57
2013-03-22T20:00:00.000,47,18,29
2013-03-22T21:00:00.000,47,14,33
2013-03-22T22:00:00.000,30,7,23
2013-03-22T23:00:00.000,17,7,10
2013-03-23T00:00:00.000,29,24,5
2013-03-23T01:00:00.000,5,2,3
2013-03-23T02:00:00.000,12,8,4
2013-03-23T03:00:00.000,6,3,3
2013-03-23T04:00:00.000,4,1,3
2013-03-23T05:00:00.000,5,3,2
2013-03-23T06:00:00.000,17,10,7
2013-03-23T07:00:00.000,38,22,16
2013-03-23T08:00:00.000,58,25,33
2013-03-23T09:00:00.000,66,39,27
2013-03-23T10:00:00.000,105,68,37
2013-03-23T11:00:00.000,112,59,53
2013-03-23T12:00:00.000,120,82,38
2013-03-23T13:00:00.000,162,77,85
2013-03-23T14:00:00.000,203,109,94
2013-03-23T15:00:00.000,202,114,88
2013-03-23T16:00:00.000,164,91,73
2013-03-23T17:00:00.000,155,82,73
2013-03-23T18:00:00.000,108,60,48
2013-03-23T19:00:00.000,56,35,21
2013-03-23T20:00:00.000,50,24,26
2013-03-23T21:00:00.000,24,11,13
2013-03-23T22:00:00.000,29,15,14
2013-03-23T23:00:00.000,22,7,15
2013-03-24T00:00:00.000,12,4,8
2013-03-24T01:00:00.000,7,7,0
2013-03-24T02:00:00.000,6,1,5
2013-03-24T03:00:00.000,4,3,1
2013-03-24T04:00:00.000,2,0,2
2013-03-24T05:00:00.000,3,2,1
2013-03-24T06:00:00.000,9,3,6
2013-03-24T07:00:00.000,20,11,9
2013-03-24T08:00:00.000,43,26,17
2013-03-24T09:00:00.000,66,35,31
2013-03-24T10:00:00.000,91,53,38
2013-03-24T11:00:00.000,103,61,42
2013-03-24T12:00:00.000,128,60,68
2013-03-24T13:00:00.000,127,66,61
2013-03-24T14:00:00.000,149,75,74
2013-03-24T15:00:00.000,116,70,46
2013-03-24T16:00:00.000,172,103,69
2013-03-24T17:00:00.000,113,61,52
2013-03-24T18:00:00.000,82,49,33
2013-03-24T19:00:00.000,45,27,18
2013-03-24T20:00:00.000,39,20,19
2013-03-24T21:00:00.000,12,8,4
2013-03-24T22:00:00.000,13,6,7
2013-03-24T23:00:00.000,23,15,8
2013-03-25T00:00:00.000,8,3,5
2013-03-25T01:00:00.000,2,2,0
2013-03-25T02:00:00.000,1,1,0
2013-03-25T03:00:00.000,3,1,2
2013-03-25T04:00:00.000,8,5,3
2013-03-25T05:00:00.000,23,13,10
2013-03-25T06:00:00.000,117,82,35
2013-03-25T07:00:00.000,267,194,73
2013-03-25T08:00:00.000,379,271,108
2013-03-25T09:00:00.000,232,140,92
2013-03-25T10:00:00.000,86,48,38
2013-03-25T11:00:00.000,66,37,29
2013-03-25T12:00:00.000,100,58,42
2013-03-25T13:00:00.000,106,60,46
2013-03-25T14:00:00.000,135,70,65
2013-03-25T15:00:00.000,171,85,86
2013-03-25T16:00:00.000,276,135,141
2013-03-25T17:00:00.000,483,150,333
2013-03-25T18:00:00.000,355,125,230
2013-03-25T19:00:00.000,180,66,114
2013-03-25T20:00:00.000,73,23,50
2013-03-25T21:00:00.000,40,14,26
2013-03-25T22:00:00.000,35,13,22
2013-03-25T23:00:00.000,13,3,10
2013-03-26T00:00:00.000,13,6,7
2013-03-26T01:00:00.000,5,2,3
2013-03-26T02:00:00.000,2,2,0
2013-03-26T03:00:00.000,2,0,2
2013-03-26T04:00:00.000,8,5,3
2013-03-26T05:00:00.000,24,16,8
2013-03-26T06:00:00.000,124,87,37
2013-03-26T07:00:00.000,290,210,80
2013-03-26T08:00:00.000,412,297,115
2013-03-26T09:00:00.000,206,135,71
2013-03-26T10:00:00.000,74,46,28
2013-03-26T11:00:00.000,64,39,25
2013-03-26T12:00:00.000,57,37,20
2013-03-26T13:00:00.000,81,49,32
2013-03-26T14:00:00.000,81,36,45
2013-03-26T15:00:00.000,139,63,76
2013-03-26T16:00:00.000,219,97,122
2013-03-26T17:00:00.000,503,155,348
2013-03-26T18:00:00.000,359,132,227
2013-03-26T19:00:00.000,174,74,100
2013-03-26T20:00:00.000,77,33,44
2013-03-26T21:00:00.000,56,26,30
2013-03-26T22:00:00.000,26,9,17
2013-03-26T23:00:00.000,19,7,12
2013-03-27T00:00:00.000,12,8,4
2013-03-27T01:00:00.000,5,1,4
2013-03-27T02:00:00.000,4,3,1
2013-03-27T03:00:00.000,2,0,2
2013-03-27T04:00:00.000,10,8,2
2013-03-27T05:00:00.000,30,21,9
2013-03-27T06:00:00.000,110,84,26
2013-03-27T07:00:00.000,280,207,73
2013-03-27T08:00:00.000,341,238,103
2013-03-27T09:00:00.000,212,137,75
2013-03-27T10:00:00.000,97,54,43
2013-03-27T11:00:00.000,67,38,29
2013-03-27T12:00:00.000,72,37,35
2013-03-27T13:00:00.000,75,40,35
2013-03-27T14:00:00.000,87,39,48
2013-03-27T15:00:00.000,105,51,54
2013-03-27T16:00:00.000,167,65,102
2013-03-27T17:00:00.000,357,109,248
2013-03-27T18:00:00.000,289,100,189
2013-03-27T19:00:00.000,136,51,85
2013-03-27T20:00:00.000,81,27,54
2013-03-27T21:00:00.000,37,17,20
2013-03-27T22:00:00.000,30,13,17
2013-03-27T23:00:00.000,11,5,6
2013-03-28T00:00:00.000,10,6,4
2013-03-28T01:00:00.000,3,3,0
2013-03-28T02:00:00.000,3,0,3
2013-03-28T03:00:00.000,3,1,2
2013-03-28T04:00:00.000,9,9,0
2013-03-28T05:00:00.000,21,16,5
2013-03-28T06:00:00.000,84,54,30
2013-03-28T07:00:00.000,207,146,61
2013-03-28T08:00:00.000,303,209,94
2013-03-28T09:00:00.000,189,125,64
2013-03-28T10:00:00.000,78,41,37
2013-03-28T11:00:00.000,63,33,30
2013-03-28T12:00:00.000,71,49,22
2013-03-28T13:00:00.000,70,38,32
2013-03-28T14:00:00.000,80,37,43
2013-03-28T15:00:00.000,152,79,73
2013-03-28T16:00:00.000,236,127,109
2013-03-28T17:00:00.000,420,122,298
2013-03-28T18:00:00.000,337,129,208
2013-03-28T19:00:00.000,156,70,86
2013-03-28T20:00:00.000,90,38,52
2013-03-28T21:00:00.000,43,19,24
2013-03-28T22:00:00.000,55,25,30
2013-03-28T23:00:00.000,23,8,15
2013-03-29T00:00:00.000,14,6,8
2013-03-29T01:00:00.000,4,3,1
2013-03-29T02:00:00.000,3,1,2
2013-03-29T03:00:00.000,0,0,0
2013-03-29T04:00:00.000,2,1,1
2013-03-29T05:00:00.000,20,14,6
2013-03-29T06:00:00.000,110,73,37
2013-03-29T07:00:00.000,243,165,78
2013-03-29T08:00:00.000,349,256,93
2013-03-29T09:00:00.000,221,144,77
2013-03-29T10:00:00.000,129,80,49
2013-03-29T11:00:00.000,91,53,38
2013-03-29T12:00:00.000,115,60,55
2013-03-29T13:00:00.000,137,68,69
2013-03-29T14:00:00.000,168,95,73
2013-03-29T15:00:00.000,185,96,89
2013-03-29T16:00:00.000,302,126,176
2013-03-29T17:00:00.000,456,173,283
2013-03-29T18:00:00.000,320,138,182
2013-03-29T19:00:00.000,138,50,88
2013-03-29T20:00:00.000,76,34,42
2013-03-29T21:00:00.000,45,16,29
2013-03-29T22:00:00.000,47,19,28
2013-03-29T23:00:00.000,32,10,22
2013-03-30T00:00:00.000,21,12,9
2013-03-30T01:00:00.000,10,7,3
2013-03-30T02:00:00.000,8,5,3
2013-03-30T03:00:00.000,4,2,2
2013-03-30T04:00:00.000,1,0,1
2013-03-30T05:00:00.000,6,4,2
2013-03-30T06:00:00.000,19,11,8
2013-03-30T07:00:00.000,41,18,23
2013-03-30T08:00:00.000,84,56,28
2013-03-30T09:00:00.000,120,70,50
2013-03-30T10:00:00.000,168,82,86
2013-03-30T11:00:00.000,173,109,64
2013-03-30T12:00:00.000,250,149,101
2013-03-30T13:00:00.000,228,122,106
2013-03-30T14:00:00.000,269,140,129
2013-03-30T15:00:00.000,244,146,98
2013-03-30T16:00:00.000,219,132,87
2013-03-30T17:00:00.000,238,120,118
2013-03-30T18:00:00.000,158,72,86
2013-03-30T19:00:00.000,89,46,43
2013-03-30T20:00:00.000,52,28,24
2013-03-30T21:00:00.000,28,12,16
2013-03-30T22:00:00.000,40,17,23
2013-03-30T23:00:00.000,27,5,22
2013-03-31T00:00:00.000,19,14,5
2013-03-31T01:00:00.000,11,2,9
2013-03-31T02:00:00.000,11,4,7
2013-03-31T03:00:00.000,4,3,1
2013-03-31T04:00:00.000,7,3,4
2013-03-31T05:00:00.000,1,1,0
2013-03-31T06:00:00.000,12,5,7
2013-03-31T07:00:00.000,26,13,13
2013-03-31T08:00:00.000,44,25,19
2013-03-31T09:00:00.000,107,51,56
2013-03-31T10:00:00.000,163,96,67
2013-03-31T11:00:00.000,185,93,92
2013-03-31T12:00:00.000,196,99,97
2013-03-31T13:00:00.000,282,154,128
2013-03-31T14:00:00.000,249,148,101
2013-03-31T15:00:00.000,251,128,123
2013-03-31T16:00:00.000,217,113,104
2013-03-31T17:00:00.000,204,103,101
2013-03-31T18:00:00.000,170,101,69
2013-03-31T19:00:00.000,89,46,43
2013-03-31T20:00:00.000,49,37,12
2013-03-31T21:00:00.000,37,21,16
2013-03-31T22:00:00.000,18,11,7
2013-03-31T23:00:00.000,11,4,7
2013-04-01T00:00:00.000,6,4,2
2013-04-01T01:00:00.000,2,0,2
2013-04-01T02:00:00.000,3,1,2
2013-04-01T03:00:00.000,1,0,1
2013-04-01T04:00:00.000,6,3,3
2013-04-01T05:00:00.000,28,21,7
2013-04-01T06:00:00.000,122,92,30
2013-04-01T07:00:00.000,345,243,102
2013-04-01T08:00:00.000,433,297,136
2013-04-01T09:00:00.000,241,167,74
2013-04-01T10:00:00.000,83,49,34
2013-04-01T11:00:00.000,64,34,30
2013-04-01T12:00:00.000,68,37,31
2013-04-01T13:00:00.000,85,46,39
2013-04-01T14:00:00.000,88,44,44
2013-04-01T15:00:00.000,128,70,58
2013-04-01T16:00:00.000,248,109,139
2013-04-01T17:00:00.000,557,163,394
2013-04-01T18:00:00.000,381,132,249
2013-04-01T19:00:00.000,182,70,112
2013-04-01T20:00:00.000,91,39,52
2013-04-01T21:00:00.000,40,23,17
2013-04-01T22:00:00.000,21,5,16
2013-04-01T23:00:00.000,25,5,20
2013-04-02T00:00:00.000,10,7,3
2013-04-02T01:00:00.000,5,2,3
2013-04-02T02:00:00.000,4,2,2
2013-04-02T03:00:00.000,1,0,1
2013-04-02T04:00:00.000,3,1,2
2013-04-02T05:00:00.000,36,25,11
2013-04-02T06:00:00.000,123,83,40
2013-04-02T07:00:00.000,312,231,81
2013-04-02T08:00:00.000,464,339,125
2013-04-02T09:00:00.000,262,151,111
2013-04-02T10:00:00.000,81,46,35
2013-04-02T11:00:00.000,70,40,30
2013-04-02T12:00:00.000,65,34,31
2013-04-02T13:00:00.000,90,56,34
2013-04-02T14:00:00.000,118,49,69
2013-04-02T15:00:00.000,126,58,68
2013-04-02T16:00:00.000,241,100,141
2013-04-02T17:00:00.000,531,171,360
2013-04-02T18:00:00.000,399,144,255
2013-04-02T19:00:00.000,156,65,91
2013-04-02T20:00:00.000,75,26,49
2013-04-02T21:00:00.000,67,31,36
2013-04-02T22:00:00.000,32,16,16
2013-04-02T23:00:00.000,16,8,8
2013-04-03T00:00:00.000,13,6,7
2013-04-03T01:00:00.000,9,7,2
2013-04-03T02:00:00.000,3,2,1
2013-04-03T03:00:00.000,3,1,2
2013-04-03T04:00:00.000,9,7,2
2013-04-03T05:00:00.000,24,15,9
2013-04-03T06:00:00.000,108,76,32
2013-04-03T07:00:00.000,333,236,97
2013-04-03T08:00:00.000,429,294,135
2013-04-03T09:00:00.000,230,142,88
2013-04-03T10:00:00.000,108,66,42
2013-04-03T11:00:00.000,103,58,45
2013-04-03T12:00:00.000,113,59,54
2013-04-03T13:00:00.000,105,58,47
2013-04-03T14:00:00.000,108,52,56
2013-04-03T15:00:00.000,132,66,66
2013-04-03T16:00:00.000,288,115,173
2013-04-03T17:00:00.000,527,158,369
2013-04-03T18:00:00.000,412,149,263
2013-04-03T19:00:00.000,210,86,124
2013-04-03T20:00:00.000,97,36,61
2013-04-03T21:00:00.000,65,25,40
2013-04-03T22:00:00.000,35,15,20
2013-04-03T23:00:00.000,22,10,12
2013-04-04T00:00:00.000,10,5,5
2013-04-04T01:00:00.000,5,2,3
2013-04-04T02:00:00.000,8,2,6
2013-04-04T03:00:00.000,2,0,2
2013-04-04T04:00:00.000,4,3,1
2013-04-04T05:00:00.000,30,21,9
2013-04-04T06:00:00.000,104,73,31
2013-04-04T07:00:00.000,220,154,66
2013-04-04T08:00:00.000,300,210,90
2013-04-04T09:00:00.000,159,93,66
2013-04-04T10:00:00.000,86,58,28
2013-04-04T11:00:00.000,53,32,21
2013-04-04T12:00:00.000,35,20,15
2013-04-04T13:00:00.000,40,20,20
2013-04-04T14:00:00.000,57,19,38
2013-04-04T15:00:00.000,59,22,37
2013-04-04T16:00:00.000,131,49,82
2013-04-04T17:00:00.000,265,79,186
2013-04-04T18:00:00.000,254,93,161
2013-04-04T19:00:00.000,76,20,56
2013-04-04T20:00:00.000,36,13,23
2013-04-04T21:00:00.000,36,10,26
2013-04-04T22:00:00.000,18,8,10
2013-04-04T23:00:00.000,19,10,9
2013-04-05T00:00:00.000,6,5,1
2013-04-05T01:00:00.000,3,1,2
2013-04-05T02:00:00.000,3,2,1
2013-04-05T03:00:00.000,0,0,0
2013-04-05T04:00:00.000,2,1,1
2013-04-05T05:00:00.000,15,7,8
2013-04-05T06:00:00.000,65,43,22
2013-04-05T07:00:00.000,148,95,53
2013-04-05T08:00:00.000,273,189,84
2013-04-05T09:00:00.000,140,99,41
2013-04-05T10:00:00.000,73,32,41
2013-04-05T11:00:00.000,59,38,21
2013-04-05T12:00:00.000,71,42,29
2013-04-05T13:00:00.000,53,31,22
2013-04-05T14:00:00.000,72,33,39
2013-04-05T15:00:00.000,84,38,46
2013-04-05T16:00:00.000,156,63,93
2013-04-05T17:00:00.000,289,76,213
2013-04-05T18:00:00.000,161,55,106
2013-04-05T19:00:00.000,69,33,36
2013-04-05T20:00:00.000,34,7,27
2013-04-05T21:00:00.000,27,10,17
2013-04-05T22:00:00.000,20,6,14
2013-04-05T23:00:00.000,19,8,11
2013-04-06T00:00:00.000,8,3,5
2013-04-06T01:00:00.000,3,2,1
2013-04-06T02:00:00.000,3,2,1
2013-04-06T03:00:00.000,3,3,0
2013-04-06T04:00:00.000,2,1,1
2013-04-06T05:00:00.000,4,3,1
2013-04-06T06:00:00.000,18,9,9
2013-04-06T07:00:00.000,20,13,7
2013-04-06T08:00:00.000,57,29,28
2013-04-06T09:00:00.000,63,36,27
2013-04-06T10:00:00.000,103,64,39
2013-04-06T11:00:00.000,88,51,37
2013-04-06T12:00:00.000,64,38,26
2013-04-06T13:00:00.000,21,12,9
2013-04-06T14:00:00.000,43,18,25
2013-04-06T15:00:00.000,49,21,28
2013-04-06T16:00:00.000,68,33,35
2013-04-06T17:00:00.000,41,24,17
2013-04-06T18:00:00.000,38,22,16
2013-04-06T19:00:00.000,31,19,12
2013-04-06T20:00:00.000,21,10,11
2013-04-06T21:00:00.000,20,7,13
2013-04-06T22:00:00.000,13,5,8
2013-04-06T23:00:00.000,8,4,4
2013-04-07T00:00:00.000,4,2,2
2013-04-07T01:00:00.000,7,4,3
2013-04-07T02:00:00.000,4,1,3
2013-04-07T03:00:00.000,5,1,4
2013-04-07T04:00:00.000,3,0,3
2013-04-07T05:00:00.000,2,2,0
2013-04-07T06:00:00.000,6,2,4
2013-04-07T07:00:00.000,8,5,3
2013-04-07T08:00:00.000,25,12,13
2013-04-07T09:00:00.000,70,63,7
2013-04-07T10:00:00.000,63,19,44
2013-04-07T11:00:00.000,34,21,13
2013-04-07T12:00:00.000,44,28,16
2013-04-07T13:00:00.000,34,16,18
2013-04-07T14:00:00.000,41,21,20
2013-04-07T15:00:00.000,41,20,21
2013-04-07T16:00:00.000,44,25,19
2013-04-07T17:00:00.000,41,23,18
2013-04-07T18:00:00.000,30,11,19
2013-04-07T19:00:00.000,28,15,13
2013-04-07T20:00:00.000,13,5,8
2013-04-07T21:00:00.000,11,7,4
2013-04-07T22:00:00.000,13,9,4
2013-04-07T23:00:00.000,6,2,4
2013-04-08T00:00:00.000,4,3,1
2013-04-08T01:00:00.000,2,1,1
2013-04-08T02:00:00.000,3,3,0
2013-04-08T03:00:00.000,0,0,0
2013-04-08T04:00:00.000,7,5,2
2013-04-08T05:00:00.000,17,14,3
2013-04-08T06:00:00.000,97,72,25
2013-04-08T07:00:00.000,233,171,62
2013-04-08T08:00:00.000,345,233,112
2013-04-08T09:00:00.000,187,125,62
2013-04-08T10:00:00.000,88,57,31
2013-04-08T11:00:00.000,65,38,27
2013-04-08T12:00:00.000,76,32,44
2013-04-08T13:00:00.000,80,46,34
2013-04-08T14:00:00.000,98,45,53
2013-04-08T15:00:00.000,113,50,63
2013-04-08T16:00:00.000,199,89,110
2013-04-08T17:00:00.000,447,135,312
2013-04-08T18:00:00.000,308,96,212
2013-04-08T19:00:00.000,156,53,103
2013-04-08T20:00:00.000,65,29,36
2013-04-08T21:00:00.000,49,22,27
2013-04-08T22:00:00.000,26,9,17
2013-04-08T23:00:00.000,24,6,18
2013-04-09T00:00:00.000,14,7,7
2013-04-09T01:00:00.000,5,2,3
2013-04-09T02:00:00.000,2,1,1
2013-04-09T03:00:00.000,3,3,0
2013-04-09T04:00:00.000,7,5,2
2013-04-09T05:00:00.000,22,16,6
2013-04-09T06:00:00.000,125,82,43
2013-04-09T07:00:00.000,321,238,83
2013-04-09T08:00:00.000,355,257,98
2013-04-09T09:00:00.000,218,139,79
2013-04-09T10:00:00.000,107,72,35
2013-04-09T11:00:00.000,62,34,28
2013-04-09T12:00:00.000,49,22,27
2013-04-09T13:00:00.000,65,39,26
2013-04-09T14:00:00.000,81,41,40
2013-04-09T15:00:00.000,114,58,56
2013-04-09T16:00:00.000,232,90,142
2013-04-09T17:00:00.000,474,126,348
2013-04-09T18:00:00.000,335,122,213
2013-04-09T19:00:00.000,143,72,71
2013-04-09T20:00:00.000,67,30,37
2013-04-09T21:00:00.000,53,20,33
2013-04-09T22:00:00.000,31,21,10
2013-04-09T23:00:00.000,15,7,8
2013-04-10T00:00:00.000,11,5,6
2013-04-10T01:00:00.000,4,1,3
2013-04-10T02:00:00.000,3,2,1
2013-04-10T03:00:00.000,1,0,1
2013-04-10T04:00:00.000,9,8,1
2013-04-10T05:00:00.000,32,21,11
2013-04-10T06:00:00.000,105,68,37
2013-04-10T07:00:00.000,194,131,63
2013-04-10T08:00:00.000,252,169,83
2013-04-10T09:00:00.000,117,81,36
2013-04-10T10:00:00.000,49,35,14
2013-04-10T11:00:00.000,27,9,18
2013-04-10T12:00:00.000,50,28,22
2013-04-10T13:00:00.000,65,40,25
2013-04-10T14:00:00.000,72,32,40
2013-04-10T15:00:00.000,88,47,41
2013-04-10T16:00:00.000,164,66,98
2013-04-10T17:00:00.000,312,93,219
2013-04-10T18:00:00.000,272,107,165
2013-04-10T19:00:00.000,120,48,72
2013-04-10T20:00:00.000,71,23,48
2013-04-10T21:00:00.000,48,25,23
2013-04-10T22:00:00.000,27,13,14
2013-04-10T23:00:00.000,20,7,13
2013-04-11T00:00:00.000,29,26,3
2013-04-11T01:00:00.000,14,4,10
2013-04-11T02:00:00.000,4,3,1
2013-04-11T03:00:00.000,4,0,4
2013-04-11T04:00:00.000,3,3,0
2013-04-11T05:00:00.000,32,23,9
2013-04-11T06:00:00.000,116,83,33
2013-04-11T07:00:00.000,231,162,69
2013-04-11T08:00:00.000,360,251,109
2013-04-11T09:00:00.000,143,98,45
2013-04-11T10:00:00.000,59,32,27
2013-04-11T11:00:00.000,53,36,17
2013-04-11T12:00:00.000,46,29,17
2013-04-11T13:00:00.000,61,31,30
2013-04-11T14:00:00.000,63,32,31
2013-04-11T15:00:00.000,90,54,36
2013-04-11T16:00:00.000,202,83,119
2013-04-11T17:00:00.000,379,115,264
2013-04-11T18:00:00.000,302,94,208
2013-04-11T19:00:00.000,124,51,73
2013-04-11T20:00:00.000,89,35,54
2013-04-11T21:00:00.000,36,14,22
2013-04-11T22:00:00.000,38,15,23
2013-04-11T23:00:00.000,21,10,11
2013-04-12T00:00:00.000,3,2,1
2013-04-12T01:00:00.000,15,11,4
2013-04-12T02:00:00.000,3,1,2
2013-04-12T03:00:00.000,0,0,0
2013-04-12T04:00:00.000,3,2,1
2013-04-12T05:00:00.000,21,14,7
2013-04-12T06:00:00.000,95,62,33
2013-04-12T07:00:00.000,223,161,62
2013-04-12T08:00:00.000,311,221,90
2013-04-12T09:00:00.000,182,118,64
2013-04-12T10:00:00.000,90,58,32
2013-04-12T11:00:00.000,76,46,30
2013-04-12T12:00:00.000,66,37,29
2013-04-12T13:00:00.000,70,33,37
2013-04-12T14:00:00.000,54,25,29
2013-04-12T15:00:00.000,58,22,36
2013-04-12T16:00:00.000,157,44,113
2013-04-12T17:00:00.000,277,78,199
2013-04-12T18:00:00.000,192,56,136
2013-04-12T19:00:00.000,60,21,39
2013-04-12T20:00:00.000,36,8,28
2013-04-12T21:00:00.000,16,7,9
2013-04-12T22:00:00.000,16,8,8
2013-04-12T23:00:00.000,21,12,9
2013-04-13T00:00:00.000,9,4,5
2013-04-13T01:00:00.000,7,1,6
2013-04-13T02:00:00.000,2,1,1
2013-04-13T03:00:00.000,3,3,0
2013-04-13T04:00:00.000,1,0,1
2013-04-13T05:00:00.000,6,6,0
2013-04-13T06:00:00.000,12,7,5
2013-04-13T07:00:00.000,24,13,11
2013-04-13T08:00:00.000,57,30,27
2013-04-13T09:00:00.000,64,36,28
2013-04-13T10:00:00.000,68,46,22
2013-04-13T11:00:00.000,86,52,34
2013-04-13T12:00:00.000,93,62,31
2013-04-13T13:00:00.000,71,45,26
2013-04-13T14:00:00.000,73,43,30
2013-04-13T15:00:00.000,79,48,31
2013-04-13T16:00:00.000,48,23,25
2013-04-13T17:00:00.000,37,19,18
2013-04-13T18:00:00.000,39,14,25
2013-04-13T19:00:00.000,14,8,6
2013-04-13T20:00:00.000,15,7,8
2013-04-13T21:00:00.000,12,6,6
2013-04-13T22:00:00.000,16,7,9
2013-04-13T23:00:00.000,10,5,5
2013-04-14T00:00:00.000,7,3,4
2013-04-14T01:00:00.000,2,2,0
2013-04-14T02:00:00.000,5,2,3
2013-04-14T03:00:00.000,3,1,2
2013-04-14T04:00:00.000,3,1,2
2013-04-14T05:00:00.000,2,2,0
2013-04-14T06:00:00.000,4,1,3
2013-04-14T07:00:00.000,18,11,7
2013-04-14T08:00:00.000,27,7,20
2013-04-14T09:00:00.000,64,42,22
2013-04-14T10:00:00.000,78,39,39
2013-04-14T11:00:00.000,109,61,48
2013-04-14T12:00:00.000,144,73,71
2013-04-14T13:00:00.000,143,83,60
2013-04-14T14:00:00.000,158,83,75
2013-04-14T15:00:00.000,161,81,80
2013-04-14T16:00:00.000,151,91,60
2013-04-14T17:00:00.000,137,76,61
2013-04-14T18:00:00.000,104,58,46
2013-04-14T19:00:00.000,64,45,19
2013-04-14T20:00:00.000,34,28,6
2013-04-14T21:00:00.000,23,14,9
2013-04-14T22:00:00.000,14,4,10
2013-04-14T23:00:00.000,9,4,5
2013-04-15T00:00:00.000,8,6,2
2013-04-15T01:00:00.000,4,3,1
2013-04-15T02:00:00.000,1,1,0
2013-04-15T03:00:00.000,2,2,0
2013-04-15T04:00:00.000,7,6,1
2013-04-15T05:00:00.000,28,23,5
2013-04-15T06:00:00.000,119,88,31
2013-04-15T07:00:00.000,224,158,66
2013-04-15T08:00:00.000,307,219,88
2013-04-15T09:00:00.000,204,126,78
2013-04-15T10:00:00.000,90,57,33
2013-04-15T11:00:00.000,70,47,23
2013-04-15T12:00:00.000,70,49,21
2013-04-15T13:00:00.000,69,38,31
2013-04-15T14:00:00.000,97,48,49
2013-04-15T15:00:00.000,113,63,50
2013-04-15T16:00:00.000,217,99,118
2013-04-15T17:00:00.000,410,143,267
2013-04-15T18:00:00.000,372,138,234
2013-04-15T19:00:00.000,127,55,72
2013-04-15T20:00:00.000,67,27,40
2013-04-15T21:00:00.000,39,17,22
2013-04-15T22:00:00.000,28,14,14
2013-04-15T23:00:00.000,14,6,8
2013-04-16T00:00:00.000,12,4,8
2013-04-16T01:00:00.000,3,1,2
2013-04-16T02:00:00.000,1,1,0
2013-04-16T03:00:00.000,0,0,0
2013-04-16T04:00:00.000,6,5,1
2013-04-16T05:00:00.000,27,21,6
2013-04-16T06:00:00.000,129,87,42
2013-04-16T07:00:00.000,298,215,83
2013-04-16T08:00:00.000,352,235,117
2013-04-16T09:00:00.000,211,124,87
2013-04-16T10:00:00.000,71,42,29
2013-04-16T11:00:00.000,81,53,28
2013-04-16T12:00:00.000,74,43,31
2013-04-16T13:00:00.000,82,47,35
2013-04-16T14:00:00.000,113,58,55
2013-04-16T15:00:00.000,150,72,78
2013-04-16T16:00:00.000,234,87,147
2013-04-16T17:00:00.000,410,130,280
2013-04-16T18:00:00.000,377,130,247
2013-04-16T19:00:00.000,196,100,96
2013-04-16T20:00:00.000,104,44,60
2013-04-16T21:00:00.000,74,34,40
2013-04-16T22:00:00.000,40,23,17
2013-04-16T23:00:00.000,31,10,21
2013-04-17T00:00:00.000,11,5,6
2013-04-17T01:00:00.000,5,2,3
2013-04-17T02:00:00.000,4,1,3
2013-04-17T03:00:00.000,2,1,1
2013-04-17T04:00:00.000,7,5,2
2013-04-17T05:00:00.000,29,22,7
2013-04-17T06:00:00.000,123,85,38
2013-04-17T07:00:00.000,274,185,89
2013-04-17T08:00:00.000,357,253,104
2013-04-17T09:00:00.000,207,124,83
2013-04-17T10:00:00.000,91,54,37
2013-04-17T11:00:00.000,93,46,47
2013-04-17T12:00:00.000,79,43,36
2013-04-17T13:00:00.000,102,47,55
2013-04-17T14:00:00.000,105,58,47
2013-04-17T15:00:00.000,132,72,60
2013-04-17T16:00:00.000,215,91,124
2013-04-17T17:00:00.000,420,135,285
2013-04-17T18:00:00.000,324,141,183
2013-04-17T19:00:00.000,199,93,106
2013-04-17T20:00:00.000,79,27,52
2013-04-17T21:00:00.000,37,16,21
2013-04-17T22:00:00.000,29,13,16
2013-04-17T23:00:00.000,15,4,11
2013-04-18T00:00:00.000,6,4,2
2013-04-18T01:00:00.000,6,2,4
2013-04-18T02:00:00.000,3,2,1
2013-04-18T03:00:00.000,3,3,0
2013-04-18T04:00:00.000,4,1,3
2013-04-18T05:00:00.000,23,13,10
2013-04-18T06:00:00.000,103,59,44
2013-04-18T07:00:00.000,188,140,48
2013-04-18T08:00:00.000,272,193,79
2013-04-18T09:00:00.000,172,101,71
2013-04-18T10:00:00.000,94,53,41
2013-04-18T11:00:00.000,59,30,29
2013-04-18T12:00:00.000,67,39,28
2013-04-18T13:00:00.000,56,34,22
2013-04-18T14:00:00.000,51,22,29
2013-04-18T15:00:00.000,71,36,35
2013-04-18T16:00:00.000,130,44,86
2013-04-18T17:00:00.000,252,89,163
2013-04-18T18:00:00.000,216,79,137
2013-04-18T19:00:00.000,89,31,58
2013-04-18T20:00:00.000,42,25,17
2013-04-18T21:00:00.000,30,9,21
2013-04-18T22:00:00.000,23,4,19
2013-04-18T23:00:00.000,12,6,6
2013-04-19T00:00:00.000,11,5,6
2013-04-19T01:00:00.000,4,1,3
2013-04-19T02:00:00.000,5,1,4
2013-04-19T03:00:00.000,0,0,0
2013-04-19T04:00:00.000,5,2,3
2013-04-19T05:00:00.000,14,10,4
2013-04-19T06:00:00.000,80,53,27
2013-04-19T07:00:00.000,138,100,38
2013-04-19T08:00:00.000,197,141,56
2013-04-19T09:00:00.000,126,72,54
2013-04-19T10:00:00.000,43,26,17
2013-04-19T11:00:00.000,22,9,13
2013-04-19T12:00:00.000,23,13,10
2013-04-19T13:00:00.000,40,24,16
2013-04-19T14:00:00.000,29,14,15
2013-04-19T15:00:00.000,48,16,32
2013-04-19T16:00:00.000,123,50,73
2013-04-19T17:00:00.000,193,53,140
2013-04-19T18:00:00.000,137,47,90
2013-04-19T19:00:00.000,65,24,41
2013-04-19T20:00:00.000,28,10,18
2013-04-19T21:00:00.000,19,7,12
2013-04-19T22:00:00.000,23,13,10
2013-04-19T23:00:00.000,12,9,3
2013-04-20T00:00:00.000,6,4,2
2013-04-20T01:00:00.000,9,4,5
2013-04-20T02:00:00.000,6,5,1
2013-04-20T03:00:00.000,3,2,1
2013-04-20T04:00:00.000,3,0,3
2013-04-20T05:00:00.000,7,5,2
2013-04-20T06:00:00.000,13,4,9
2013-04-20T07:00:00.000,27,18,9
2013-04-20T08:00:00.000,42,26,16
2013-04-20T09:00:00.000,78,41,37
2013-04-20T10:00:00.000,82,48,34
2013-04-20T11:00:00.000,90,53,37
2013-04-20T12:00:00.000,86,50,36
2013-04-20T13:00:00.000,103,59,44
2013-04-20T14:00:00.000,126,78,48
2013-04-20T15:00:00.000,100,60,40
2013-04-20T16:00:00.000,69,42,27
2013-04-20T17:00:00.000,66,24,42
2013-04-20T18:00:00.000,40,24,16
2013-04-20T19:00:00.000,18,13,5
2013-04-20T20:00:00.000,22,9,13
2013-04-20T21:00:00.000,3,1,2
2013-04-20T22:00:00.000,18,11,7
2013-04-20T23:00:00.000,15,6,9
2013-04-21T00:00:00.000,6,3,3
2013-04-21T01:00:00.000,6,1,5
2013-04-21T02:00:00.000,5,1,4
2013-04-21T03:00:00.000,3,2,1
2013-04-21T04:00:00.000,1,0,1
2013-04-21T05:00:00.000,6,4,2
2013-04-21T06:00:00.000,9,3,6
2013-04-21T07:00:00.000,15,7,8
2013-04-21T08:00:00.000,36,26,10
2013-04-21T09:00:00.000,31,17,14
2013-04-21T10:00:00.000,55,31,24
2013-04-21T11:00:00.000,75,47,28
2013-04-21T12:00:00.000,63,43,20
2013-04-21T13:00:00.000,60,34,26
2013-04-21T14:00:00.000,76,42,34
2013-04-21T15:00:00.000,86,48,38
2013-04-21T16:00:00.000,112,61,51
2013-04-21T17:00:00.000,101,54,47
2013-04-21T18:00:00.000,81,50,31
2013-04-21T19:00:00.000,61,37,24
2013-04-21T20:00:00.000,31,19,12
2013-04-21T21:00:00.000,13,7,6
2013-04-21T22:00:00.000,25,17,8
2013-04-21T23:00:00.000,11,5,6
2013-04-22T00:00:00.000,12,5,7
2013-04-22T01:00:00.000,4,2,2
2013-04-22T02:00:00.000,3,1,2
2013-04-22T03:00:00.000,1,0,1
2013-04-22T04:00:00.000,6,5,1
2013-04-22T05:00:00.000,28,21,7
2013-04-22T06:00:00.000,143,108,35
2013-04-22T07:00:00.000,334,256,78
2013-04-22T08:00:00.000,434,306,128
2013-04-22T09:00:00.000,268,184,84
2013-04-22T10:00:00.000,107,63,44
2013-04-22T11:00:00.000,89,56,33
2013-04-22T12:00:00.000,102,54,48
2013-04-22T13:00:00.000,105,57,48
2013-04-22T14:00:00.000,120,57,63
2013-04-22T15:00:00.000,177,97,80
2013-04-22T16:00:00.000,290,131,159
2013-04-22T17:00:00.000,595,200,395
2013-04-22T18:00:00.000,409,132,277
2013-04-22T19:00:00.000,210,94,116
2013-04-22T20:00:00.000,83,38,45
2013-04-22T21:00:00.000,63,25,38
2013-04-22T22:00:00.000,26,17,9
2013-04-22T23:00:00.000,24,11,13
2013-04-23T00:00:00.000,11,2,9
2013-04-23T01:00:00.000,3,1,2
2013-04-23T02:00:00.000,5,3,2
2013-04-23T03:00:00.000,0,0,0
2013-04-23T04:00:00.000,6,3,3
2013-04-23T05:00:00.000,36,26,10
2013-04-23T06:00:00.000,174,124,50
2013-04-23T07:00:00.000,368,265,103
2013-04-23T08:00:00.000,491,349,142
2013-04-23T09:00:00.000,242,148,94
2013-04-23T10:00:00.000,119,69,50
2013-04-23T11:00:00.000,90,50,40
2013-04-23T12:00:00.000,61,36,25
2013-04-23T13:00:00.000,110,66,44
2013-04-23T14:00:00.000,145,82,63
2013-04-23T15:00:00.000,184,81,103
2013-04-23T16:00:00.000,324,129,195
2013-04-23T17:00:00.000,590,193,397
2013-04-23T18:00:00.000,492,181,311
2013-04-23T19:00:00.000,249,96,153
2013-04-23T20:00:00.000,99,39,60
2013-04-23T21:00:00.000,69,31,38
2013-04-23T22:00:00.000,46,14,32
2013-04-23T23:00:00.000,28,15,13
2013-04-24T00:00:00.000,7,3,4
2013-04-24T01:00:00.000,7,4,3
2013-04-24T02:00:00.000,4,2,2
2013-04-24T03:00:00.000,0,0,0
2013-04-24T04:00:00.000,7,4,3
2013-04-24T05:00:00.000,33,24,9
2013-04-24T06:00:00.000,156,107,49
2013-04-24T07:00:00.000,395,283,112
2013-04-24T08:00:00.000,530,347,183
2013-04-24T09:00:00.000,296,198,98
2013-04-24T10:00:00.000,121,71,50
2013-04-24T11:00:00.000,109,60,49
2013-04-24T12:00:00.000,127,65,62
2013-04-24T13:00:00.000,123,61,62
2013-04-24T14:00:00.000,142,75,67
2013-04-24T15:00:00.000,214,100,114
2013-04-24T16:00:00.000,389,164,225
2013-04-24T17:00:00.000,688,253,435
2013-04-24T18:00:00.000,515,203,312
2013-04-24T19:00:00.000,280,125,155
2013-04-24T20:00:00.000,141,64,77
2013-04-24T21:00:00.000,86,40,46
2013-04-24T22:00:00.000,46,24,22
2013-04-24T23:00:00.000,34,10,24
2013-04-25T00:00:00.000,8,5,3
2013-04-25T01:00:00.000,13,8,5
2013-04-25T02:00:00.000,5,4,1
2013-04-25T03:00:00.000,1,0,1
2013-04-25T04:00:00.000,8,7,1
2013-04-25T05:00:00.000,29,19,10
2013-04-25T06:00:00.000,152,106,46
2013-04-25T07:00:00.000,357,267,90
2013-04-25T08:00:00.000,477,340,137
2013-04-25T09:00:00.000,279,168,111
2013-04-25T10:00:00.000,125,78,47
2013-04-25T11:00:00.000,123,69,54
2013-04-25T12:00:00.000,96,54,42
2013-04-25T13:00:00.000,133,74,59
2013-04-25T14:00:00.000,159,79,80
2013-04-25T15:00:00.000,214,101,113
2013-04-25T16:00:00.000,335,142,193
2013-04-25T17:00:00.000,618,202,416
2013-04-25T18:00:00.000,438,186,252
2013-04-25T19:00:00.000,270,128,142
2013-04-25T20:00:00.000,148,71,77
2013-04-25T21:00:00.000,82,34,48
2013-04-25T22:00:00.000,56,25,31
2013-04-25T23:00:00.000,40,18,22
2013-04-26T00:00:00.000,19,13,6
2013-04-26T01:00:00.000,11,5,6
2013-04-26T02:00:00.000,9,9,0
2013-04-26T03:00:00.000,2,2,0
2013-04-26T04:00:00.000,5,3,2
2013-04-26T05:00:00.000,29,16,13
2013-04-26T06:00:00.000,144,91,53
2013-04-26T07:00:00.000,268,191,77
2013-04-26T08:00:00.000,418,299,119
2013-04-26T09:00:00.000,261,174,87
2013-04-26T10:00:00.000,97,59,38
2013-04-26T11:00:00.000,104,61,43
2013-04-26T12:00:00.000,90,43,47
2013-04-26T13:00:00.000,124,56,68
2013-04-26T14:00:00.000,183,87,96
2013-04-26T15:00:00.000,186,82,104
2013-04-26T16:00:00.000,303,132,171
2013-04-26T17:00:00.000,466,154,312
2013-04-26T18:00:00.000,353,141,212
2013-04-26T19:00:00.000,164,69,95
2013-04-26T20:00:00.000,96,37,59
2013-04-26T21:00:00.000,44,24,20
2013-04-26T22:00:00.000,45,19,26
2013-04-26T23:00:00.000,36,17,19
2013-04-27T00:00:00.000,32,18,14
2013-04-27T01:00:00.000,20,13,7
2013-04-27T02:00:00.000,5,2,3
2013-04-27T03:00:00.000,4,1,3
2013-04-27T04:00:00.000,1,0,1
2013-04-27T05:00:00.000,7,5,2
2013-04-27T06:00:00.000,21,11,10
2013-04-27T07:00:00.000,37,19,18
2013-04-27T08:00:00.000,65,38,27
2013-04-27T09:00:00.000,88,43,45
2013-04-27T10:00:00.000,90,53,37
2013-04-27T11:00:00.000,74,47,27
2013-04-27T12:00:00.000,114,69,45
2013-04-27T13:00:00.000,95,66,29
2013-04-27T14:00:00.000,105,42,63
2013-04-27T15:00:00.000,90,52,38
2013-04-27T16:00:00.000,73,19,54
2013-04-27T17:00:00.000,74,33,41
2013-04-27T18:00:00.000,64,43,21
2013-04-27T19:00:00.000,47,26,21
2013-04-27T20:00:00.000,36,23,13
2013-04-27T21:00:00.000,32,16,16
2013-04-27T22:00:00.000,16,13,3
2013-04-27T23:00:00.000,24,11,13
2013-04-28T00:00:00.000,18,10,8
2013-04-28T01:00:00.000,11,6,5
2013-04-28T02:00:00.000,7,2,5
2013-04-28T03:00:00.000,5,0,5
2013-04-28T04:00:00.000,3,1,2
2013-04-28T05:00:00.000,6,2,4
2013-04-28T06:00:00.000,9,3,6
2013-04-28T07:00:00.000,17,8,9
2013-04-28T08:00:00.000,39,22,17
2013-04-28T09:00:00.000,67,41,26
2013-04-28T10:00:00.000,69,38,31
2013-04-28T11:00:00.000,90,48,42
2013-04-28T12:00:00.000,76,58,18
2013-04-28T13:00:00.000,126,77,49
2013-04-28T14:00:00.000,139,72,67
2013-04-28T15:00:00.000,130,71,59
2013-04-28T16:00:00.000,111,62,49
2013-04-28T17:00:00.000,86,55,31
2013-04-28T18:00:00.000,68,32,36
2013-04-28T19:00:00.000,38,26,12
2013-04-28T20:00:00.000,22,6,16
2013-04-28T21:00:00.000,21,12,9
2013-04-28T22:00:00.000,22,7,15
2013-04-28T23:00:00.000,10,5,5
2013-04-29T00:00:00.000,8,3,5
2013-04-29T01:00:00.000,2,0,2
2013-04-29T02:00:00.000,3,1,2
2013-04-29T03:00:00.000,1,1,0
2013-04-29T04:00:00.000,4,3,1
2013-04-29T05:00:00.000,31,25,6
2013-04-29T06:00:00.000,90,63,27
2013-04-29T07:00:00.000,252,186,66
2013-04-29T08:00:00.000,343,236,107
2013-04-29T09:00:00.000,218,146,72
2013-04-29T10:00:00.000,91,53,38
2013-04-29T11:00:00.000,81,47,34
2013-04-29T12:00:00.000,59,32,27
2013-04-29T13:00:00.000,79,42,37
2013-04-29T14:00:00.000,64,30,34
2013-04-29T15:00:00.000,103,51,52
2013-04-29T16:00:00.000,207,96,111
2013-04-29T17:00:00.000,438,148,290
2013-04-29T18:00:00.000,332,108,224
2013-04-29T19:00:00.000,131,49,82
2013-04-29T20:00:00.000,74,26,48
2013-04-29T21:00:00.000,44,17,27
2013-04-29T22:00:00.000,30,11,19
2013-04-29T23:00:00.000,8,2,6
2013-04-30T00:00:00.000,8,5,3
2013-04-30T01:00:00.000,6,1,5
2013-04-30T02:00:00.000,2,1,1
2013-04-30T03:00:00.000,1,1,0
2013-04-30T04:00:00.000,4,2,2
2013-04-30T05:00:00.000,23,17,6
2013-04-30T06:00:00.000,129,90,39
2013-04-30T07:00:00.000,367,250,117
2013-04-30T08:00:00.000,468,329,139
2013-04-30T09:00:00.000,219,136,83
2013-04-30T10:00:00.000,106,67,39
2013-04-30T11:00:00.000,67,39,28
2013-04-30T12:00:00.000,73,38,35
2013-04-30T13:00:00.000,81,42,39
2013-04-30T14:00:00.000,104,45,59
2013-04-30T15:00:00.000,138,68,70
2013-04-30T16:00:00.000,267,124,143
2013-04-30T17:00:00.000,529,172,357
2013-04-30T18:00:00.000,384,147,237
2013-04-30T19:00:00.000,218,90,128
2013-04-30T20:00:00.000,95,41,54
2013-04-30T21:00:00.000,66,31,35
2013-04-30T22:00:00.000,32,16,16
2013-04-30T23:00:00.000,15,5,10
2013-05-01T00:00:00.000,15,8,7
2013-05-01T01:00:00.000,9,6,3
2013-05-01T02:00:00.000,9,4,5
2013-05-01T03:00:00.000,6,6,0
2013-05-01T04:00:00.000,7,4,3
2013-05-01T05:00:00.000,41,28,13
2013-05-01T06:00:00.000,200,147,53
2013-05-01T07:00:00.000,471,356,115
2013-05-01T08:00:00.000,622,446,176
2013-05-01T09:00:00.000,356,244,112
2013-05-01T10:00:00.000,149,74,75
2013-05-01T11:00:00.000,119,77,42
2013-05-01T12:00:00.000,95,57,38
2013-05-01T13:00:00.000,122,65,57
2013-05-01T14:00:00.000,136,72,64
2013-05-01T15:00:00.000,216,85,131
2013-05-01T16:00:00.000,361,146,215
2013-05-01T17:00:00.000,803,261,542
2013-05-01T18:00:00.000,666,257,409
2013-05-01T19:00:00.000,271,120,151
2013-05-01T20:00:00.000,169,75,94
2013-05-01T21:00:00.000,92,46,46
2013-05-01T22:00:00.000,46,16,30
2013-05-01T23:00:00.000,36,15,21
2013-05-02T00:00:00.000,20,11,9
2013-05-02T01:00:00.000,4,3,1
2013-05-02T02:00:00.000,6,2,4
2013-05-02T03:00:00.000,2,2,0
2013-05-02T04:00:00.000,6,4,2
2013-05-02T05:00:00.000,46,31,15
2013-05-02T06:00:00.000,260,197,63
2013-05-02T07:00:00.000,508,391,117
2013-05-02T08:00:00.000,603,433,170
2013-05-02T09:00:00.000,365,196,169
2013-05-02T10:00:00.000,152,82,70
2013-05-02T11:00:00.000,180,87,93
2013-05-02T12:00:00.000,121,73,48
2013-05-02T13:00:00.000,145,81,64
2013-05-02T14:00:00.000,139,72,67
2013-05-02T15:00:00.000,181,83,98
2013-05-02T16:00:00.000,340,126,214
2013-05-02T17:00:00.000,734,233,501
2013-05-02T18:00:00.000,533,197,336
2013-05-02T19:00:00.000,243,90,153
2013-05-02T20:00:00.000,107,47,60
2013-05-02T21:00:00.000,91,55,36
2013-05-02T22:00:00.000,51,22,29
2013-05-02T23:00:00.000,40,17,23
2013-05-03T00:00:00.000,17,7,10
2013-05-03T01:00:00.000,16,11,5
2013-05-03T02:00:00.000,4,1,3
2013-05-03T03:00:00.000,1,0,1
2013-05-03T04:00:00.000,5,3,2
2013-05-03T05:00:00.000,37,26,11
2013-05-03T06:00:00.000,176,120,56
2013-05-03T07:00:00.000,418,314,104
2013-05-03T08:00:00.000,519,362,157
2013-05-03T09:00:00.000,333,216,117
2013-05-03T10:00:00.000,160,98,62
2013-05-03T11:00:00.000,97,60,37
2013-05-03T12:00:00.000,132,62,70
2013-05-03T13:00:00.000,134,64,70
2013-05-03T14:00:00.000,146,71,75
2013-05-03T15:00:00.000,252,130,122
2013-05-03T16:00:00.000,432,157,275
2013-05-03T17:00:00.000,668,201,467
2013-05-03T18:00:00.000,413,153,260
2013-05-03T19:00:00.000,243,91,152
2013-05-03T20:00:00.000,103,44,59
2013-05-03T21:00:00.000,99,53,46
2013-05-03T22:00:00.000,63,25,38
2013-05-03T23:00:00.000,52,28,24
2013-05-04T00:00:00.000,26,7,19
2013-05-04T01:00:00.000,13,6,7
2013-05-04T02:00:00.000,12,4,8
2013-05-04T03:00:00.000,7,4,3
2013-05-04T04:00:00.000,1,1,0
2013-05-04T05:00:00.000,11,7,4
2013-05-04T06:00:00.000,29,17,12
2013-05-04T07:00:00.000,81,42,39
2013-05-04T08:00:00.000,116,65,51
2013-05-04T09:00:00.000,186,96,90
2013-05-04T10:00:00.000,210,134,76
2013-05-04T11:00:00.000,247,145,102
2013-05-04T12:00:00.000,217,124,93
2013-05-04T13:00:00.000,303,169,134
2013-05-04T14:00:00.000,270,138,132
2013-05-04T15:00:00.000,249,140,109
2013-05-04T16:00:00.000,253,144,109
2013-05-04T17:00:00.000,205,120,85
2013-05-04T18:00:00.000,163,116,47
2013-05-04T19:00:00.000,99,61,38
2013-05-04T20:00:00.000,82,52,30
2013-05-04T21:00:00.000,65,36,29
2013-05-04T22:00:00.000,48,29,19
2013-05-04T23:00:00.000,19,9,10
2013-05-05T00:00:00.000,23,12,11
2013-05-05T01:00:00.000,21,10,11
2013-05-05T02:00:00.000,17,10,7
2013-05-05T03:00:00.000,2,1,1
2013-05-05T04:00:00.000,4,3,1
2013-05-05T05:00:00.000,10,4,6
2013-05-05T06:00:00.000,21,14,7
2013-05-05T07:00:00.000,32,11,21
2013-05-05T08:00:00.000,87,55,32
2013-05-05T09:00:00.000,181,107,74
2013-05-05T10:00:00.000,184,109,75
2013-05-05T11:00:00.000,226,124,102
2013-05-05T12:00:00.000,261,137,124
2013-05-05T13:00:00.000,350,172,178
2013-05-05T14:00:00.000,311,167,144
2013-05-05T15:00:00.000,315,160,155
2013-05-05T16:00:00.000,252,151,101
2013-05-05T17:00:00.000,221,113,108
2013-05-05T18:00:00.000,163,94,69
2013-05-05T19:00:00.000,119,76,43
2013-05-05T20:00:00.000,99,71,28
2013-05-05T21:00:00.000,41,27,14
2013-05-05T22:00:00.000,43,24,19
2013-05-05T23:00:00.000,20,6,14
2013-05-06T00:00:00.000,12,4,8
2013-05-06T01:00:00.000,1,0,1
2013-05-06T02:00:00.000,4,2,2
2013-05-06T03:00:00.000,2,0,2
2013-05-06T04:00:00.000,5,3,2
2013-05-06T05:00:00.000,41,28,13
2013-05-06T06:00:00.000,215,151,64
2013-05-06T07:00:00.000,517,401,116
2013-05-06T08:00:00.000,650,448,202
2013-05-06T09:00:00.000,346,239,107
2013-05-06T10:00:00.000,119,64,55
2013-05-06T11:00:00.000,119,68,51
2013-05-06T12:00:00.000,101,62,39
2013-05-06T13:00:00.000,165,85,80
2013-05-06T14:00:00.000,154,86,68
2013-05-06T15:00:00.000,203,96,107
2013-05-06T16:00:00.000,425,169,256
2013-05-06T17:00:00.000,816,223,593
2013-05-06T18:00:00.000,516,173,343
2013-05-06T19:00:00.000,319,136,183
2013-05-06T20:00:00.000,130,64,66
2013-05-06T21:00:00.000,121,48,73
2013-05-06T22:00:00.000,64,37,27
2013-05-06T23:00:00.000,21,7,14
2013-05-07T00:00:00.000,14,5,9
2013-05-07T01:00:00.000,5,2,3
2013-05-07T02:00:00.000,2,2,0
2013-05-07T03:00:00.000,1,1,0
2013-05-07T04:00:00.000,5,3,2
2013-05-07T05:00:00.000,54,38,16
2013-05-07T06:00:00.000,247,172,75
2013-05-07T07:00:00.000,524,398,126
2013-05-07T08:00:00.000,666,468,198
2013-05-07T09:00:00.000,348,213,135
2013-05-07T10:00:00.000,126,85,41
2013-05-07T11:00:00.000,59,35,24
2013-05-07T12:00:00.000,98,58,40
2013-05-07T13:00:00.000,109,57,52
2013-05-07T14:00:00.000,136,75,61
2013-05-07T15:00:00.000,204,106,98
2013-05-07T16:00:00.000,412,163,249
2013-05-07T17:00:00.000,831,247,584
2013-05-07T18:00:00.000,585,213,372
2013-05-07T19:00:00.000,314,133,181
2013-05-07T20:00:00.000,168,76,92
2013-05-07T21:00:00.000,102,52,50
2013-05-07T22:00:00.000,59,31,28
2013-05-07T23:00:00.000,34,20,14
2013-05-08T00:00:00.000,14,8,6
2013-05-08T01:00:00.000,8,3,5
2013-05-08T02:00:00.000,5,1,4
2013-05-08T03:00:00.000,4,1,3
2013-05-08T04:00:00.000,6,3,3
2013-05-08T05:00:00.000,54,40,14
2013-05-08T06:00:00.000,216,147,69
2013-05-08T07:00:00.000,503,377,126
2013-05-08T08:00:00.000,646,460,186
2013-05-08T09:00:00.000,367,246,121
2013-05-08T10:00:00.000,130,80,50
2013-05-08T11:00:00.000,93,58,35
2013-05-08T12:00:00.000,98,54,44
2013-05-08T13:00:00.000,108,54,54
2013-05-08T14:00:00.000,142,67,75
2013-05-08T15:00:00.000,193,84,109
2013-05-08T16:00:00.000,367,150,217
2013-05-08T17:00:00.000,757,230,527
2013-05-08T18:00:00.000,542,187,355
2013-05-08T19:00:00.000,341,145,196
2013-05-08T20:00:00.000,189,78,111
2013-05-08T21:00:00.000,105,44,61
2013-05-08T22:00:00.000,45,20,25
2013-05-08T23:00:00.000,39,21,18
2013-05-09T00:00:00.000,10,5,5
2013-05-09T01:00:00.000,17,6,11
2013-05-09T02:00:00.000,7,5,2
2013-05-09T03:00:00.000,4,0,4
2013-05-09T04:00:00.000,6,2,4
2013-05-09T05:00:00.000,51,33,18
2013-05-09T06:00:00.000,206,150,56
2013-05-09T07:00:00.000,496,375,121
2013-05-09T08:00:00.000,570,409,161
2013-05-09T09:00:00.000,298,199,99
2013-05-09T10:00:00.000,129,91,38
2013-05-09T11:00:00.000,87,48,39
2013-05-09T12:00:00.000,97,45,52
2013-05-09T13:00:00.000,120,53,67
2013-05-09T14:00:00.000,131,65,66
2013-05-09T15:00:00.000,195,81,114
2013-05-09T16:00:00.000,345,113,232
2013-05-09T17:00:00.000,751,240,511
2013-05-09T18:00:00.000,511,173,338
2013-05-09T19:00:00.000,282,134,148
2013-05-09T20:00:00.000,145,58,87
2013-05-09T21:00:00.000,99,39,60
2013-05-09T22:00:00.000,51,21,30
2013-05-09T23:00:00.000,55,33,22
2013-05-10T00:00:00.000,24,12,12
2013-05-10T01:00:00.000,2,2,0
2013-05-10T02:00:00.000,4,3,1
2013-05-10T03:00:00.000,0,0,0
2013-05-10T04:00:00.000,7,5,2
2013-05-10T05:00:00.000,51,38,13
2013-05-10T06:00:00.000,225,168,57
2013-05-10T07:00:00.000,481,355,126
2013-05-10T08:00:00.000,642,476,166
2013-05-10T09:00:00.000,319,201,118
2013-05-10T10:00:00.000,157,102,55
2013-05-10T11:00:00.000,131,83,48
2013-05-10T12:00:00.000,144,74,70
2013-05-10T13:00:00.000,146,75,71
2013-05-10T14:00:00.000,185,104,81
2013-05-10T15:00:00.000,236,95,141
2013-05-10T16:00:00.000,433,177,256
2013-05-10T17:00:00.000,692,212,480
2013-05-10T18:00:00.000,447,172,275
2013-05-10T19:00:00.000,225,82,143
2013-05-10T20:00:00.000,118,48,70
2013-05-10T21:00:00.000,89,38,51
2013-05-10T22:00:00.000,56,32,24
2013-05-10T23:00:00.000,52,32,20
2013-05-11T00:00:00.000,32,11,21
2013-05-11T01:00:00.000,15,6,9
2013-05-11T02:00:00.000,9,6,3
2013-05-11T03:00:00.000,5,4,1
2013-05-11T04:00:00.000,3,0,3
2013-05-11T05:00:00.000,11,9,2
2013-05-11T06:00:00.000,34,17,17
2013-05-11T07:00:00.000,56,29,27
2013-05-11T08:00:00.000,91,52,39
2013-05-11T09:00:00.000,154,82,72
2013-05-11T10:00:00.000,186,109,77
2013-05-11T11:00:00.000,195,97,98
2013-05-11T12:00:00.000,200,127,73
2013-05-11T13:00:00.000,208,129,79
2013-05-11T14:00:00.000,183,98,85
2013-05-11T15:00:00.000,244,131,113
2013-05-11T16:00:00.000,223,136,87
2013-05-11T17:00:00.000,203,107,96
2013-05-11T18:00:00.000,137,79,58
2013-05-11T19:00:00.000,101,57,44
2013-05-11T20:00:00.000,75,40,35
2013-05-11T21:00:00.000,44,24,20
2013-05-11T22:00:00.000,42,24,18
2013-05-11T23:00:00.000,30,14,16
2013-05-12T00:00:00.000,29,13,16
2013-05-12T01:00:00.000,11,5,6
2013-05-12T02:00:00.000,16,4,12
2013-05-12T03:00:00.000,5,2,3
2013-05-12T04:00:00.000,4,1,3
2013-05-12T05:00:00.000,7,4,3
2013-05-12T06:00:00.000,6,2,4
2013-05-12T07:00:00.000,14,9,5
2013-05-12T08:00:00.000,53,30,23
2013-05-12T09:00:00.000,53,27,26
2013-05-12T10:00:00.000,51,32,19
2013-05-12T11:00:00.000,99,52,47
2013-05-12T12:00:00.000,73,47,26
2013-05-12T13:00:00.000,106,56,50
2013-05-12T14:00:00.000,103,63,40
2013-05-12T15:00:00.000,142,83,59
2013-05-12T16:00:00.000,109,66,43
2013-05-12T17:00:00.000,115,67,48
2013-05-12T18:00:00.000,97,54,43
2013-05-12T19:00:00.000,59,33,26
2013-05-12T20:00:00.000,41,19,22
2013-05-12T21:00:00.000,28,12,16
2013-05-12T22:00:00.000,22,12,10
2013-05-12T23:00:00.000,20,13,7
2013-05-13T00:00:00.000,9,5,4
2013-05-13T01:00:00.000,5,3,2
2013-05-13T02:00:00.000,2,1,1
2013-05-13T03:00:00.000,3,0,3
2013-05-13T04:00:00.000,5,3,2
2013-05-13T05:00:00.000,43,27,16
2013-05-13T06:00:00.000,185,131,54
2013-05-13T07:00:00.000,372,275,97
2013-05-13T08:00:00.000,510,380,130
2013-05-13T09:00:00.000,253,158,95
2013-05-13T10:00:00.000,116,67,49
2013-05-13T11:00:00.000,69,43,26
2013-05-13T12:00:00.000,64,38,26
2013-05-13T13:00:00.000,73,41,32
2013-05-13T14:00:00.000,56,26,30
2013-05-13T15:00:00.000,88,34,54
2013-05-13T16:00:00.000,225,84,141
2013-05-13T17:00:00.000,510,129,381
2013-05-13T18:00:00.000,390,111,279
2013-05-13T19:00:00.000,175,62,113
2013-05-13T20:00:00.000,103,43,60
2013-05-13T21:00:00.000,50,29,21
2013-05-13T22:00:00.000,38,15,23
2013-05-13T23:00:00.000,23,8,15
2013-05-14T00:00:00.000,23,7,16
2013-05-14T01:00:00.000,5,1,4
2013-05-14T02:00:00.000,2,1,1
2013-05-14T03:00:00.000,0,0,0
2013-05-14T04:00:00.000,6,4,2
2013-05-14T05:00:00.000,43,31,12
2013-05-14T06:00:00.000,209,143,66
2013-05-14T07:00:00.000,468,344,124
2013-05-14T08:00:00.000,589,434,155
2013-05-14T09:00:00.000,286,177,109
2013-05-14T10:00:00.000,113,78,35
2013-05-14T11:00:00.000,71,38,33
2013-05-14T12:00:00.000,92,53,39
2013-05-14T13:00:00.000,97,57,40
2013-05-14T14:00:00.000,141,68,73
2013-05-14T15:00:00.000,188,81,107
2013-05-14T16:00:00.000,347,138,209
2013-05-14T17:00:00.000,705,201,504
2013-05-14T18:00:00.000,566,212,354
2013-05-14T19:00:00.000,299,126,173
2013-05-14T20:00:00.000,136,64,72
2013-05-14T21:00:00.000,104,53,51
2013-05-14T22:00:00.000,60,23,37
2013-05-14T23:00:00.000,25,11,14
2013-05-15T00:00:00.000,21,10,11
2013-05-15T01:00:00.000,6,2,4
2013-05-15T02:00:00.000,7,6,1
2013-05-15T03:00:00.000,5,2,3
2013-05-15T04:00:00.000,4,3,1
2013-05-15T05:00:00.000,36,25,11
2013-05-15T06:00:00.000,198,144,54
2013-05-15T07:00:00.000,417,308,109
2013-05-15T08:00:00.000,561,395,166
2013-05-15T09:00:00.000,285,197,88
2013-05-15T10:00:00.000,135,80,55
2013-05-15T11:00:00.000,111,70,41
2013-05-15T12:00:00.000,96,53,43
2013-05-15T13:00:00.000,110,58,52
2013-05-15T14:00:00.000,113,56,57
2013-05-15T15:00:00.000,149,69,80
2013-05-15T16:00:00.000,264,84,180
2013-05-15T17:00:00.000,607,165,442
2013-05-15T18:00:00.000,374,107,267
2013-05-15T19:00:00.000,166,59,107
2013-05-15T20:00:00.000,105,27,78
2013-05-15T21:00:00.000,59,28,31
2013-05-15T22:00:00.000,43,22,21
2013-05-15T23:00:00.000,24,14,10
2013-05-16T00:00:00.000,5,2,3
2013-05-16T01:00:00.000,3,2,1
2013-05-16T02:00:00.000,7,0,7
2013-05-16T03:00:00.000,2,0,2
2013-05-16T04:00:00.000,3,3,0
2013-05-16T05:00:00.000,40,27,13
2013-05-16T06:00:00.000,183,125,58
2013-05-16T07:00:00.000,375,274,101
2013-05-16T08:00:00.000,541,380,161
2013-05-16T09:00:00.000,311,183,128
2013-05-16T10:00:00.000,118,75,43
2013-05-16T11:00:00.000,91,46,45
2013-05-16T12:00:00.000,91,50,41
2013-05-16T13:00:00.000,94,55,39
2013-05-16T14:00:00.000,145,69,76
2013-05-16T15:00:00.000,177,82,95
2013-05-16T16:00:00.000,315,123,192
2013-05-16T17:00:00.000,697,214,483
2013-05-16T18:00:00.000,476,164,312
2013-05-16T19:00:00.000,270,123,147
2013-05-16T20:00:00.000,146,72,74
2013-05-16T21:00:00.000,95,39,56
2013-05-16T22:00:00.000,46,23,23
2013-05-16T23:00:00.000,43,26,17
2013-05-17T00:00:00.000,20,11,9
2013-05-17T01:00:00.000,7,1,6
2013-05-17T02:00:00.000,9,7,2
2013-05-17T03:00:00.000,4,2,2
2013-05-17T04:00:00.000,8,7,1
2013-05-17T05:00:00.000,68,53,15
2013-05-17T06:00:00.000,302,236,66
2013-05-17T07:00:00.000,741,626,115
2013-05-17T08:00:00.000,701,553,148
2013-05-17T09:00:00.000,338,251,87
2013-05-17T10:00:00.000,126,79,47
2013-05-17T11:00:00.000,94,50,44
2013-05-17T12:00:00.000,85,40,45
2013-05-17T13:00:00.000,101,66,35
2013-05-17T14:00:00.000,124,63,61
2013-05-17T15:00:00.000,197,76,121
2013-05-17T16:00:00.000,376,126,250
2013-05-17T17:00:00.000,637,176,461
2013-05-17T18:00:00.000,410,121,289
2013-05-17T19:00:00.000,168,67,101
2013-05-17T20:00:00.000,108,42,66
2013-05-17T21:00:00.000,78,40,38
2013-05-17T22:00:00.000,51,27,24
2013-05-17T23:00:00.000,30,15,15
2013-05-18T00:00:00.000,34,16,18
2013-05-18T01:00:00.000,14,7,7
2013-05-18T02:00:00.000,8,5,3
2013-05-18T03:00:00.000,6,3,3
2013-05-18T04:00:00.000,4,2,2
2013-05-18T05:00:00.000,15,10,5
2013-05-18T06:00:00.000,35,22,13
2013-05-18T07:00:00.000,53,25,28
2013-05-18T08:00:00.000,79,40,39
2013-05-18T09:00:00.000,126,63,63
2013-05-18T10:00:00.000,123,68,55
2013-05-18T11:00:00.000,127,73,54
2013-05-18T12:00:00.000,122,70,52
2013-05-18T13:00:00.000,144,93,51
2013-05-18T14:00:00.000,132,70,62
2013-05-18T15:00:00.000,126,72,54
2013-05-18T16:00:00.000,109,65,44
2013-05-18T17:00:00.000,123,57,66
2013-05-18T18:00:00.000,126,74,52
2013-05-18T19:00:00.000,91,55,36
2013-05-18T20:00:00.000,66,36,30
2013-05-18T21:00:00.000,56,32,24
2013-05-18T22:00:00.000,57,24,33
2013-05-18T23:00:00.000,38,18,20
2013-05-19T00:00:00.000,33,19,14
2013-05-19T01:00:00.000,21,14,7
2013-05-19T02:00:00.000,6,2,4
2013-05-19T03:00:00.000,7,4,3
2013-05-19T04:00:00.000,5,1,4
2013-05-19T05:00:00.000,9,6,3
2013-05-19T06:00:00.000,15,6,9
2013-05-19T07:00:00.000,45,19,26
2013-05-19T08:00:00.000,85,45,40
2013-05-19T09:00:00.000,109,57,52
2013-05-19T10:00:00.000,137,82,55
2013-05-19T11:00:00.000,164,108,56
2013-05-19T12:00:00.000,155,88,67
2013-05-19T13:00:00.000,210,119,91
2013-05-19T14:00:00.000,204,114,90
2013-05-19T15:00:00.000,203,110,93
2013-05-19T16:00:00.000,174,97,77
2013-05-19T17:00:00.000,142,80,62
2013-05-19T18:00:00.000,140,82,58
2013-05-19T19:00:00.000,113,52,61
2013-05-19T20:00:00.000,61,32,29
2013-05-19T21:00:00.000,50,24,26
2013-05-19T22:00:00.000,26,14,12
2013-05-19T23:00:00.000,22,11,11
2013-05-20T00:00:00.000,12,6,6
2013-05-20T01:00:00.000,3,1,2
2013-05-20T02:00:00.000,5,2,3
2013-05-20T03:00:00.000,5,2,3
2013-05-20T04:00:00.000,4,0,4
2013-05-20T05:00:00.000,56,41,15
2013-05-20T06:00:00.000,198,147,51
2013-05-20T07:00:00.000,501,369,132
2013-05-20T08:00:00.000,590,432,158
2013-05-20T09:00:00.000,329,216,113
2013-05-20T10:00:00.000,115,69,46
2013-05-20T11:00:00.000,85,53,32
2013-05-20T12:00:00.000,93,65,28
2013-05-20T13:00:00.000,104,54,50
2013-05-20T14:00:00.000,157,87,70
2013-05-20T15:00:00.000,212,104,108
2013-05-20T16:00:00.000,384,158,226
2013-05-20T17:00:00.000,764,213,551
2013-05-20T18:00:00.000,523,163,360
2013-05-20T19:00:00.000,245,105,140
2013-05-20T20:00:00.000,117,47,70
2013-05-20T21:00:00.000,82,39,43
2013-05-20T22:00:00.000,39,20,19
2013-05-20T23:00:00.000,26,9,17
2013-05-21T00:00:00.000,19,12,7
2013-05-21T01:00:00.000,6,2,4
2013-05-21T02:00:00.000,1,1,0
2013-05-21T03:00:00.000,1,1,0
2013-05-21T04:00:00.000,4,2,2
2013-05-21T05:00:00.000,24,19,5
2013-05-21T06:00:00.000,94,66,28
2013-05-21T07:00:00.000,264,205,59
2013-05-21T08:00:00.000,347,249,98
2013-05-21T09:00:00.000,213,134,79
2013-05-21T10:00:00.000,65,40,25
2013-05-21T11:00:00.000,34,21,13
2013-05-21T12:00:00.000,54,32,22
2013-05-21T13:00:00.000,65,38,27
2013-05-21T14:00:00.000,71,32,39
2013-05-21T15:00:00.000,87,36,51
2013-05-21T16:00:00.000,175,67,108
2013-05-21T17:00:00.000,410,129,281
2013-05-21T18:00:00.000,269,70,199
2013-05-21T19:00:00.000,109,34,75
2013-05-21T20:00:00.000,75,27,48
2013-05-21T21:00:00.000,55,27,28
2013-05-21T22:00:00.000,18,5,13
2013-05-21T23:00:00.000,21,15,6
2013-05-22T00:00:00.000,3,0,3
2013-05-22T01:00:00.000,3,0,3
2013-05-22T02:00:00.000,3,2,1
2013-05-22T03:00:00.000,1,1,0
2013-05-22T04:00:00.000,2,0,2
2013-05-22T05:00:00.000,32,27,5
2013-05-22T06:00:00.000,136,99,37
2013-05-22T07:00:00.000,320,239,81
2013-05-22T08:00:00.000,360,266,94
2013-05-22T09:00:00.000,229,151,78
2013-05-22T10:00:00.000,85,46,39
2013-05-22T11:00:00.000,43,26,17
2013-05-22T12:00:00.000,37,25,12
2013-05-22T13:00:00.000,44,16,28
2013-05-22T14:00:00.000,62,24,38
2013-05-22T15:00:00.000,91,46,45
2013-05-22T16:00:00.000,198,71,127
2013-05-22T17:00:00.000,479,159,320
2013-05-22T18:00:00.000,345,114,231
2013-05-22T19:00:00.000,155,55,100
2013-05-22T20:00:00.000,97,39,58
2013-05-22T21:00:00.000,67,32,35
2013-05-22T22:00:00.000,43,17,26
2013-05-22T23:00:00.000,25,12,13
2013-05-23T00:00:00.000,6,2,4
2013-05-23T01:00:00.000,10,5,5
2013-05-23T02:00:00.000,3,2,1
2013-05-23T03:00:00.000,1,1,0
2013-05-23T04:00:00.000,2,0,2
2013-05-23T05:00:00.000,30,19,11
2013-05-23T06:00:00.000,116,90,26
2013-05-23T07:00:00.000,274,210,64
2013-05-23T08:00:00.000,430,303,127
2013-05-23T09:00:00.000,233,145,88
2013-05-23T10:00:00.000,113,78,35
2013-05-23T11:00:00.000,82,51,31
2013-05-23T12:00:00.000,99,57,42
2013-05-23T13:00:00.000,75,30,45
2013-05-23T14:00:00.000,88,44,44
2013-05-23T15:00:00.000,100,42,58
2013-05-23T16:00:00.000,204,70,134
2013-05-23T17:00:00.000,421,125,296
2013-05-23T18:00:00.000,354,120,234
2013-05-23T19:00:00.000,175,65,110
2013-05-23T20:00:00.000,95,36,59
2013-05-23T21:00:00.000,46,22,24
2013-05-23T22:00:00.000,41,24,17
2013-05-23T23:00:00.000,25,9,16
2013-05-24T00:00:00.000,12,4,8
2013-05-24T01:00:00.000,3,1,2
2013-05-24T02:00:00.000,3,2,1
2013-05-24T03:00:00.000,5,3,2
2013-05-24T04:00:00.000,4,3,1
2013-05-24T05:00:00.000,26,15,11
2013-05-24T06:00:00.000,143,107,36
2013-05-24T07:00:00.000,288,213,75
2013-05-24T08:00:00.000,387,289,98
2013-05-24T09:00:00.000,214,130,84
2013-05-24T10:00:00.000,137,59,78
2013-05-24T11:00:00.000,84,52,32
2013-05-24T12:00:00.000,112,54,58
2013-05-24T13:00:00.000,131,73,58
2013-05-24T14:00:00.000,132,57,75
2013-05-24T15:00:00.000,214,97,117
2013-05-24T16:00:00.000,350,137,213
2013-05-24T17:00:00.000,433,166,267
2013-05-24T18:00:00.000,317,119,198
2013-05-24T19:00:00.000,146,64,82
2013-05-24T20:00:00.000,82,36,46
2013-05-24T21:00:00.000,61,19,42
2013-05-24T22:00:00.000,56,21,35
2013-05-24T23:00:00.000,33,11,22
2013-05-25T00:00:00.000,22,8,14
2013-05-25T01:00:00.000,15,5,10
2013-05-25T02:00:00.000,9,5,4
2013-05-25T03:00:00.000,6,3,3
2013-05-25T04:00:00.000,3,1,2
2013-05-25T05:00:00.000,9,4,5
2013-05-25T06:00:00.000,21,12,9
2013-05-25T07:00:00.000,50,30,20
2013-05-25T08:00:00.000,78,49,29
2013-05-25T09:00:00.000,98,68,30
2013-05-25T10:00:00.000,108,75,33
2013-05-25T11:00:00.000,126,62,64
2013-05-25T12:00:00.000,116,63,53
2013-05-25T13:00:00.000,145,79,66
2013-05-25T14:00:00.000,144,74,70
2013-05-25T15:00:00.000,202,117,85
2013-05-25T16:00:00.000,141,74,67
2013-05-25T17:00:00.000,128,63,65
2013-05-25T18:00:00.000,103,51,52
2013-05-25T19:00:00.000,79,38,41
2013-05-25T20:00:00.000,55,23,32
2013-05-25T21:00:00.000,38,14,24
2013-05-25T22:00:00.000,41,10,31
2013-05-25T23:00:00.000,29,10,19
2013-05-26T00:00:00.000,14,5,9
2013-05-26T01:00:00.000,5,4,1
2013-05-26T02:00:00.000,5,1,4
2013-05-26T03:00:00.000,5,2,3
2013-05-26T04:00:00.000,4,2,2
2013-05-26T05:00:00.000,5,5,0
2013-05-26T06:00:00.000,11,5,6
2013-05-26T07:00:00.000,17,11,6
2013-05-26T08:00:00.000,17,7,10
2013-05-26T09:00:00.000,34,25,9
2013-05-26T10:00:00.000,53,42,11
2013-05-26T11:00:00.000,58,38,20
2013-05-26T12:00:00.000,92,47,45
2013-05-26T13:00:00.000,91,51,40
2013-05-26T14:00:00.000,91,54,37
2013-05-26T15:00:00.000,121,75,46
2013-05-26T16:00:00.000,137,85,52
2013-05-26T17:00:00.000,112,64,48
2013-05-26T18:00:00.000,95,44,51
2013-05-26T19:00:00.000,82,36,46
2013-05-26T20:00:00.000,53,30,23
2013-05-26T21:00:00.000,33,9,24
2013-05-26T22:00:00.000,31,14,17
2013-05-26T23:00:00.000,25,9,16
2013-05-27T00:00:00.000,15,10,5
2013-05-27T01:00:00.000,12,7,5
2013-05-27T02:00:00.000,4,2,2
2013-05-27T03:00:00.000,2,1,1
2013-05-27T04:00:00.000,2,1,1
2013-05-27T05:00:00.000,12,6,6
2013-05-27T06:00:00.000,17,6,11
2013-05-27T07:00:00.000,42,23,19
2013-05-27T08:00:00.000,65,39,26
2013-05-27T09:00:00.000,57,35,22
2013-05-27T10:00:00.000,65,38,27
2013-05-27T11:00:00.000,50,32,18
2013-05-27T12:00:00.000,58,29,29
2013-05-27T13:00:00.000,43,20,23
2013-05-27T14:00:00.000,48,22,26
2013-05-27T15:00:00.000,52,21,31
2013-05-27T16:00:00.000,44,16,28
2013-05-27T17:00:00.000,38,19,19
2013-05-27T18:00:00.000,38,18,20
2013-05-27T19:00:00.000,24,7,17
2013-05-27T20:00:00.000,31,12,19
2013-05-27T21:00:00.000,23,10,13
2013-05-27T22:00:00.000,18,8,10
2013-05-27T23:00:00.000,9,3,6
2013-05-28T00:00:00.000,9,3,6
2013-05-28T01:00:00.000,4,3,1
2013-05-28T02:00:00.000,7,7,0
2013-05-28T03:00:00.000,2,2,0
2013-05-28T04:00:00.000,4,2,2
2013-05-28T05:00:00.000,29,23,6
2013-05-28T06:00:00.000,142,106,36
2013-05-28T07:00:00.000,347,252,95
2013-05-28T08:00:00.000,462,337,125
2013-05-28T09:00:00.000,249,163,86
2013-05-28T10:00:00.000,102,67,35
2013-05-28T11:00:00.000,79,48,31
2013-05-28T12:00:00.000,63,42,21
2013-05-28T13:00:00.000,97,45,52
2013-05-28T14:00:00.000,87,46,41
2013-05-28T15:00:00.000,114,48,66
2013-05-28T16:00:00.000,230,89,141
2013-05-28T17:00:00.000,544,152,392
2013-05-28T18:00:00.000,410,146,264
2013-05-28T19:00:00.000,169,62,107
2013-05-28T20:00:00.000,95,44,51
2013-05-28T21:00:00.000,59,33,26
2013-05-28T22:00:00.000,41,18,23
2013-05-28T23:00:00.000,14,6,8
2013-05-29T00:00:00.000,12,4,8
2013-05-29T01:00:00.000,3,1,2
2013-05-29T02:00:00.000,3,2,1
2013-05-29T03:00:00.000,0,0,0
2013-05-29T04:00:00.000,5,3,2
2013-05-29T05:00:00.000,24,22,2
2013-05-29T06:00:00.000,119,80,39
2013-05-29T07:00:00.000,277,214,63
2013-05-29T08:00:00.000,407,299,108
2013-05-29T09:00:00.000,270,194,76
2013-05-29T10:00:00.000,98,59,39
2013-05-29T11:00:00.000,85,44,41
2013-05-29T12:00:00.000,66,39,27
2013-05-29T13:00:00.000,65,28,37
2013-05-29T14:00:00.000,90,43,47
2013-05-29T15:00:00.000,138,62,76
2013-05-29T16:00:00.000,224,88,136
2013-05-29T17:00:00.000,444,150,294
2013-05-29T18:00:00.000,414,144,270
2013-05-29T19:00:00.000,186,47,139
2013-05-29T20:00:00.000,80,33,47
2013-05-29T21:00:00.000,72,39,33
2013-05-29T22:00:00.000,37,16,21
2013-05-29T23:00:00.000,18,7,11
2013-05-30T00:00:00.000,11,3,8
2013-05-30T01:00:00.000,6,4,2
2013-05-30T02:00:00.000,3,2,1
2013-05-30T03:00:00.000,3,3,0
2013-05-30T04:00:00.000,8,4,4
2013-05-30T05:00:00.000,42,29,13
2013-05-30T06:00:00.000,170,120,50
2013-05-30T07:00:00.000,375,283,92
2013-05-30T08:00:00.000,515,370,145
2013-05-30T09:00:00.000,276,184,92
2013-05-30T10:00:00.000,142,93,49
2013-05-30T11:00:00.000,87,53,34
2013-05-30T12:00:00.000,90,47,43
2013-05-30T13:00:00.000,95,43,52
2013-05-30T14:00:00.000,108,57,51
2013-05-30T15:00:00.000,132,59,73
2013-05-30T16:00:00.000,269,103,166
2013-05-30T17:00:00.000,607,182,425
2013-05-30T18:00:00.000,502,167,335
2013-05-30T19:00:00.000,220,85,135
2013-05-30T20:00:00.000,124,50,74
2013-05-30T21:00:00.000,84,34,50
2013-05-30T22:00:00.000,57,27,30
2013-05-30T23:00:00.000,37,20,17
2013-05-31T00:00:00.000,18,15,3
2013-05-31T01:00:00.000,12,5,7
2013-05-31T02:00:00.000,4,2,2
2013-05-31T03:00:00.000,3,3,0
2013-05-31T04:00:00.000,2,1,1
2013-05-31T05:00:00.000,33,24,9
2013-05-31T06:00:00.000,169,125,44
2013-05-31T07:00:00.000,389,286,103
2013-05-31T08:00:00.000,540,401,139
2013-05-31T09:00:00.000,305,197,108
2013-05-31T10:00:00.000,150,87,63
2013-05-31T11:00:00.000,122,67,55
2013-05-31T12:00:00.000,106,58,48
2013-05-31T13:00:00.000,138,67,71
2013-05-31T14:00:00.000,142,68,74
2013-05-31T15:00:00.000,216,102,114
2013-05-31T16:00:00.000,382,144,238
2013-05-31T17:00:00.000,689,203,486
2013-05-31T18:00:00.000,418,159,259
2013-05-31T19:00:00.000,239,117,122
2013-05-31T20:00:00.000,157,65,92
2013-05-31T21:00:00.000,84,43,41
2013-05-31T22:00:00.000,59,39,20
2013-05-31T23:00:00.000,38,18,20
2013-06-01T00:00:00.000,32,14,18
2013-06-01T01:00:00.000,22,11,11
2013-06-01T02:00:00.000,6,3,3
2013-06-01T03:00:00.000,7,5,2
2013-06-01T04:00:00.000,8,7,1
2013-06-01T05:00:00.000,13,8,5
2013-06-01T06:00:00.000,29,17,12
2013-06-01T07:00:00.000,53,28,25
2013-06-01T08:00:00.000,86,54,32
2013-06-01T09:00:00.000,135,71,64
2013-06-01T10:00:00.000,130,74,56
2013-06-01T11:00:00.000,151,87,64
2013-06-01T12:00:00.000,172,110,62
2013-06-01T13:00:00.000,194,114,80
2013-06-01T14:00:00.000,200,114,86
2013-06-01T15:00:00.000,244,133,111
2013-06-01T16:00:00.000,171,97,74
2013-06-01T17:00:00.000,203,110,93
2013-06-01T18:00:00.000,117,74,43
2013-06-01T19:00:00.000,103,59,44
2013-06-01T20:00:00.000,47,27,20
2013-06-01T21:00:00.000,31,18,13
2013-06-01T22:00:00.000,53,20,33
2013-06-01T23:00:00.000,33,13,20
2013-06-02T00:00:00.000,23,14,9
2013-06-02T01:00:00.000,22,13,9
2013-06-02T02:00:00.000,13,4,9
2013-06-02T03:00:00.000,2,2,0
2013-06-02T04:00:00.000,8,6,2
2013-06-02T05:00:00.000,7,6,1
2013-06-02T06:00:00.000,11,7,4
2013-06-02T07:00:00.000,27,18,9
2013-06-02T08:00:00.000,76,54,22
2013-06-02T09:00:00.000,128,85,43
2013-06-02T10:00:00.000,166,97,69
2013-06-02T11:00:00.000,213,134,79
2013-06-02T12:00:00.000,263,149,114
2013-06-02T13:00:00.000,224,131,93
2013-06-02T14:00:00.000,292,167,125
2013-06-02T15:00:00.000,247,129,118
2013-06-02T16:00:00.000,233,128,105
2013-06-02T17:00:00.000,201,118,83
2013-06-02T18:00:00.000,200,113,87
2013-06-02T19:00:00.000,98,59,39
2013-06-02T20:00:00.000,90,58,32
2013-06-02T21:00:00.000,64,46,18
2013-06-02T22:00:00.000,36,19,17
2013-06-02T23:00:00.000,32,11,21
2013-06-03T00:00:00.000,23,10,13
2013-06-03T01:00:00.000,9,4,5
2013-06-03T02:00:00.000,3,2,1
2013-06-03T03:00:00.000,3,3,0
2013-06-03T04:00:00.000,5,3,2
2013-06-03T05:00:00.000,38,25,13
2013-06-03T06:00:00.000,176,125,51
2013-06-03T07:00:00.000,409,303,106
2013-06-03T08:00:00.000,520,353,167
2013-06-03T09:00:00.000,267,176,91
2013-06-03T10:00:00.000,111,60,51
2013-06-03T11:00:00.000,81,52,29
2013-06-03T12:00:00.000,87,44,43
2013-06-03T13:00:00.000,99,56,43
2013-06-03T14:00:00.000,120,67,53
2013-06-03T15:00:00.000,187,83,104
2013-06-03T16:00:00.000,325,125,200
2013-06-03T17:00:00.000,670,213,457
2013-06-03T18:00:00.000,560,212,348
2013-06-03T19:00:00.000,249,96,153
2013-06-03T20:00:00.000,144,70,74
2013-06-03T21:00:00.000,122,74,48
2013-06-03T22:00:00.000,59,24,35
2013-06-03T23:00:00.000,25,6,19
2013-06-04T00:00:00.000,9,2,7
2013-06-04T01:00:00.000,8,3,5
2013-06-04T02:00:00.000,2,2,0
2013-06-04T03:00:00.000,2,1,1
2013-06-04T04:00:00.000,8,5,3
2013-06-04T05:00:00.000,48,36,12
2013-06-04T06:00:00.000,205,145,60
2013-06-04T07:00:00.000,498,360,138
2013-06-04T08:00:00.000,601,428,173
2013-06-04T09:00:00.000,343,244,99
2013-06-04T10:00:00.000,135,71,64
2013-06-04T11:00:00.000,106,67,39
2013-06-04T12:00:00.000,140,79,61
2013-06-04T13:00:00.000,141,79,62
2013-06-04T14:00:00.000,134,54,80
2013-06-04T15:00:00.000,185,90,95
2013-06-04T16:00:00.000,382,146,236
2013-06-04T17:00:00.000,770,238,532
2013-06-04T18:00:00.000,632,232,400
2013-06-04T19:00:00.000,323,148,175
2013-06-04T20:00:00.000,190,92,98
2013-06-04T21:00:00.000,154,83,71
2013-06-04T22:00:00.000,69,34,35
2013-06-04T23:00:00.000,36,16,20
2013-06-05T00:00:00.000,22,11,11
2013-06-05T01:00:00.000,10,5,5
2013-06-05T02:00:00.000,11,8,3
2013-06-05T03:00:00.000,4,3,1
2013-06-05T04:00:00.000,11,10,1
2013-06-05T05:00:00.000,46,31,15
2013-06-05T06:00:00.000,208,148,60
2013-06-05T07:00:00.000,445,322,123
2013-06-05T08:00:00.000,579,389,190
2013-06-05T09:00:00.000,376,245,131
2013-06-05T10:00:00.000,155,88,67
2013-06-05T11:00:00.000,119,61,58
2013-06-05T12:00:00.000,132,71,61
2013-06-05T13:00:00.000,128,60,68
2013-06-05T14:00:00.000,167,85,82
2013-06-05T15:00:00.000,213,103,110
2013-06-05T16:00:00.000,366,144,222
2013-06-05T17:00:00.000,753,255,498
2013-06-05T18:00:00.000,579,215,364
2013-06-05T19:00:00.000,301,120,181
2013-06-05T20:00:00.000,189,76,113
2013-06-05T21:00:00.000,104,53,51
2013-06-05T22:00:00.000,86,56,30
2013-06-05T23:00:00.000,34,13,21
2013-06-06T00:00:00.000,11,6,5
2013-06-06T01:00:00.000,10,6,4
2013-06-06T02:00:00.000,9,7,2
2013-06-06T03:00:00.000,2,1,1
2013-06-06T04:00:00.000,7,5,2
2013-06-06T05:00:00.000,50,38,12
2013-06-06T06:00:00.000,184,122,62
2013-06-06T07:00:00.000,424,295,129
2013-06-06T08:00:00.000,578,384,194
2013-06-06T09:00:00.000,326,213,113
2013-06-06T10:00:00.000,140,78,62
2013-06-06T11:00:00.000,103,63,40
2013-06-06T12:00:00.000,116,69,47
2013-06-06T13:00:00.000,158,74,84
2013-06-06T14:00:00.000,137,63,74
2013-06-06T15:00:00.000,155,75,80
2013-06-06T16:00:00.000,367,136,231
2013-06-06T17:00:00.000,682,214,468
2013-06-06T18:00:00.000,494,184,310
2013-06-06T19:00:00.000,297,120,177
2013-06-06T20:00:00.000,145,62,83
2013-06-06T21:00:00.000,95,51,44
2013-06-06T22:00:00.000,106,75,31
2013-06-06T23:00:00.000,43,8,35
2013-06-07T00:00:00.000,15,7,8
2013-06-07T01:00:00.000,7,2,5
2013-06-07T02:00:00.000,4,3,1
2013-06-07T03:00:00.000,3,0,3
2013-06-07T04:00:00.000,6,4,2
2013-06-07T05:00:00.000,37,26,11
2013-06-07T06:00:00.000,158,109,49
2013-06-07T07:00:00.000,325,232,93
2013-06-07T08:00:00.000,497,345,152
2013-06-07T09:00:00.000,280,194,86
2013-06-07T10:00:00.000,120,66,54
2013-06-07T11:00:00.000,98,53,45
2013-06-07T12:00:00.000,110,59,51
2013-06-07T13:00:00.000,116,56,60
2013-06-07T14:00:00.000,132,65,67
2013-06-07T15:00:00.000,123,59,64
2013-06-07T16:00:00.000,327,127,200
2013-06-07T17:00:00.000,423,128,295
2013-06-07T18:00:00.000,450,170,280
2013-06-07T19:00:00.000,156,62,94
2013-06-07T20:00:00.000,113,37,76
2013-06-07T21:00:00.000,83,37,46
2013-06-07T22:00:00.000,45,21,24
2013-06-07T23:00:00.000,48,22,26
2013-06-08T00:00:00.000,31,7,24
2013-06-08T01:00:00.000,19,8,11
2013-06-08T02:00:00.000,7,4,3
2013-06-08T03:00:00.000,5,5,0
2013-06-08T04:00:00.000,3,1,2
2013-06-08T05:00:00.000,5,3,2
2013-06-08T06:00:00.000,24,10,14
2013-06-08T07:00:00.000,42,27,15
2013-06-08T08:00:00.000,84,51,33
2013-06-08T09:00:00.000,115,71,44
2013-06-08T10:00:00.000,134,75,59
2013-06-08T11:00:00.000,140,79,61
2013-06-08T12:00:00.000,131,62,69
2013-06-08T13:00:00.000,186,88,98
2013-06-08T14:00:00.000,177,98,79
2013-06-08T15:00:00.000,179,113,66
2013-06-08T16:00:00.000,175,91,84
2013-06-08T17:00:00.000,184,89,95
2013-06-08T18:00:00.000,162,83,79
2013-06-08T19:00:00.000,122,78,44
2013-06-08T20:00:00.000,62,35,27
2013-06-08T21:00:00.000,65,39,26
2013-06-08T22:00:00.000,75,36,39
2013-06-08T23:00:00.000,52,21,31
2013-06-09T00:00:00.000,26,12,14
2013-06-09T01:00:00.000,10,3,7
2013-06-09T02:00:00.000,9,6,3
2013-06-09T03:00:00.000,6,4,2
2013-06-09T04:00:00.000,5,2,3
2013-06-09T05:00:00.000,5,4,1
2013-06-09T06:00:00.000,18,9,9
2013-06-09T07:00:00.000,25,14,11
2013-06-09T08:00:00.000,79,40,39
2013-06-09T09:00:00.000,93,50,43
2013-06-09T10:00:00.000,151,104,47
2013-06-09T11:00:00.000,139,85,54
2013-06-09T12:00:00.000,143,75,68
2013-06-09T13:00:00.000,228,118,110
2013-06-09T14:00:00.000,180,100,80
2013-06-09T15:00:00.000,233,144,89
2013-06-09T16:00:00.000,209,121,88
2013-06-09T17:00:00.000,175,98,77
2013-06-09T18:00:00.000,114,63,51
2013-06-09T19:00:00.000,95,50,45
2013-06-09T20:00:00.000,53,35,18
2013-06-09T21:00:00.000,31,18,13
2013-06-09T22:00:00.000,28,14,14
2013-06-09T23:00:00.000,26,14,12
2013-06-10T00:00:00.000,9,2,7
2013-06-10T01:00:00.000,6,5,1
2013-06-10T02:00:00.000,5,3,2
2013-06-10T03:00:00.000,3,0,3
2013-06-10T04:00:00.000,8,4,4
2013-06-10T05:00:00.000,52,31,21
2013-06-10T06:00:00.000,166,112,54
2013-06-10T07:00:00.000,411,299,112
2013-06-10T08:00:00.000,557,389,168
2013-06-10T09:00:00.000,291,196,95
2013-06-10T10:00:00.000,114,71,43
2013-06-10T11:00:00.000,83,50,33
2013-06-10T12:00:00.000,103,45,58
2013-06-10T13:00:00.000,139,78,61
2013-06-10T14:00:00.000,114,58,56
2013-06-10T15:00:00.000,190,75,115
2013-06-10T16:00:00.000,353,147,206
2013-06-10T17:00:00.000,654,189,465
2013-06-10T18:00:00.000,545,192,353
2013-06-10T19:00:00.000,235,88,147
2013-06-10T20:00:00.000,136,73,63
2013-06-10T21:00:00.000,98,60,38
2013-06-10T22:00:00.000,61,30,31
2013-06-10T23:00:00.000,36,18,18
2013-06-11T00:00:00.000,14,3,11
2013-06-11T01:00:00.000,4,2,2
2013-06-11T02:00:00.000,11,5,6
2013-06-11T03:00:00.000,4,3,1
2013-06-11T04:00:00.000,12,6,6
2013-06-11T05:00:00.000,43,32,11
2013-06-11T06:00:00.000,149,102,47
2013-06-11T07:00:00.000,384,276,108
2013-06-11T08:00:00.000,485,333,152
2013-06-11T09:00:00.000,272,186,86
2013-06-11T10:00:00.000,125,75,50
2013-06-11T11:00:00.000,57,32,25
2013-06-11T12:00:00.000,66,37,29
2013-06-11T13:00:00.000,67,32,35
2013-06-11T14:00:00.000,65,33,32
2013-06-11T15:00:00.000,135,55,80
2013-06-11T16:00:00.000,279,107,172
2013-06-11T17:00:00.000,561,185,376
2013-06-11T18:00:00.000,423,151,272
2013-06-11T19:00:00.000,216,84,132
2013-06-11T20:00:00.000,118,57,61
2013-06-11T21:00:00.000,102,58,44
2013-06-11T22:00:00.000,58,18,40
2013-06-11T23:00:00.000,28,11,17
2013-06-12T00:00:00.000,13,5,8
2013-06-12T01:00:00.000,4,3,1
2013-06-12T02:00:00.000,5,5,0
2013-06-12T03:00:00.000,4,2,2
2013-06-12T04:00:00.000,6,3,3
2013-06-12T05:00:00.000,33,23,10
2013-06-12T06:00:00.000,141,102,39
2013-06-12T07:00:00.000,350,257,93
2013-06-12T08:00:00.000,458,317,141
2013-06-12T09:00:00.000,299,187,112
2013-06-12T10:00:00.000,130,76,54
2013-06-12T11:00:00.000,123,60,63
2013-06-12T12:00:00.000,104,58,46
2013-06-12T13:00:00.000,112,61,51
2013-06-12T14:00:00.000,108,54,54
2013-06-12T15:00:00.000,169,79,90
2013-06-12T16:00:00.000,298,116,182
2013-06-12T17:00:00.000,601,205,396
2013-06-12T18:00:00.000,514,197,317
2013-06-12T19:00:00.000,219,87,132
2013-06-12T20:00:00.000,136,54,82
2013-06-12T21:00:00.000,98,49,49
2013-06-12T22:00:00.000,50,28,22
2013-06-12T23:00:00.000,30,10,20
2013-06-13T00:00:00.000,17,11,6
2013-06-13T01:00:00.000,5,4,1
2013-06-13T02:00:00.000,10,5,5
2013-06-13T03:00:00.000,2,0,2
2013-06-13T04:00:00.000,8,5,3
2013-06-13T05:00:00.000,36,26,10
2013-06-13T06:00:00.000,133,84,49
2013-06-13T07:00:00.000,343,259,84
2013-06-13T08:00:00.000,485,334,151
2013-06-13T09:00:00.000,268,168,100
2013-06-13T10:00:00.000,123,73,50
2013-06-13T11:00:00.000,93,50,43
2013-06-13T12:00:00.000,78,44,34
2013-06-13T13:00:00.000,118,56,62
2013-06-13T14:00:00.000,122,66,56
2013-06-13T15:00:00.000,136,58,78
2013-06-13T16:00:00.000,279,106,173
2013-06-13T17:00:00.000,588,193,395
2013-06-13T18:00:00.000,488,211,277
2013-06-13T19:00:00.000,230,103,127
2013-06-13T20:00:00.000,147,60,87
2013-06-13T21:00:00.000,103,51,52
2013-06-13T22:00:00.000,71,32,39
2013-06-13T23:00:00.000,32,12,20
2013-06-14T00:00:00.000,16,5,11
2013-06-14T01:00:00.000,14,7,7
2013-06-14T02:00:00.000,1,1,0
2013-06-14T03:00:00.000,6,5,1
2013-06-14T04:00:00.000,33,20,13
2013-06-14T05:00:00.000,154,103,51
2013-06-14T06:00:00.000,314,225,89
2013-06-14T07:00:00.000,417,305,112
2013-06-14T08:00:00.000,254,160,94
2013-06-14T09:00:00.000,,,
2013-06-14T10:00:00.000,,,
2013-06-14T11:00:00.000,43,28,15
2013-06-14T12:00:00.000,85,50,35
2013-06-14T13:00:00.000,108,39,69
2013-06-14T14:00:00.000,113,44,69
2013-06-14T15:00:00.000,181,73,108
2013-06-14T16:00:00.000,296,122,174
2013-06-14T17:00:00.000,516,160,356
2013-06-14T18:00:00.000,342,120,222
2013-06-14T19:00:00.000,148,64,84
2013-06-14T20:00:00.000,138,72,66
2013-06-14T21:00:00.000,68,41,27
2013-06-14T22:00:00.000,47,31,16
2013-06-14T23:00:00.000,28,15,13
2013-06-15T00:00:00.000,16,5,11
2013-06-15T01:00:00.000,14,9,5
2013-06-15T02:00:00.000,9,7,2
2013-06-15T03:00:00.000,4,2,2
2013-06-15T04:00:00.000,5,2,3
2013-06-15T05:00:00.000,14,9,5
2013-06-15T06:00:00.000,48,24,24
2013-06-15T07:00:00.000,69,41,28
2013-06-15T08:00:00.000,98,51,47
2013-06-15T09:00:00.000,183,99,84
2013-06-15T10:00:00.000,171,110,61
2013-06-15T11:00:00.000,204,129,75
2013-06-15T12:00:00.000,194,106,88
2013-06-15T13:00:00.000,219,103,116
2013-06-15T14:00:00.000,220,122,98
2013-06-15T15:00:00.000,221,118,103
2013-06-15T16:00:00.000,202,104,98
2013-06-15T17:00:00.000,188,124,64
2013-06-15T18:00:00.000,141,85,56
2013-06-15T19:00:00.000,117,66,51
2013-06-15T20:00:00.000,79,49,30
2013-06-15T21:00:00.000,57,30,27
2013-06-15T22:00:00.000,45,20,25
2013-06-15T23:00:00.000,38,21,17
2013-06-16T00:00:00.000,28,15,13
2013-06-16T01:00:00.000,21,7,14
2013-06-16T02:00:00.000,11,8,3
2013-06-16T03:00:00.000,11,4,7
2013-06-16T04:00:00.000,5,3,2
2013-06-16T05:00:00.000,5,5,0
2013-06-16T06:00:00.000,22,9,13
2013-06-16T07:00:00.000,55,35,20
2013-06-16T08:00:00.000,68,44,24
2013-06-16T09:00:00.000,119,71,48
2013-06-16T10:00:00.000,137,79,58
2013-06-16T11:00:00.000,186,103,83
2013-06-16T12:00:00.000,233,139,94
2013-06-16T13:00:00.000,198,113,85
2013-06-16T14:00:00.000,214,134,80
2013-06-16T15:00:00.000,218,108,110
2013-06-16T16:00:00.000,194,120,74
2013-06-16T17:00:00.000,174,89,85
2013-06-16T18:00:00.000,127,75,52
2013-06-16T19:00:00.000,85,59,26
2013-06-16T20:00:00.000,80,45,35
2013-06-16T21:00:00.000,44,21,23
2013-06-16T22:00:00.000,44,22,22
2013-06-16T23:00:00.000,23,8,15
2013-06-17T00:00:00.000,16,5,11
2013-06-17T01:00:00.000,5,1,4
2013-06-17T02:00:00.000,4,2,2
2013-06-17T03:00:00.000,1,0,1
2013-06-17T04:00:00.000,7,5,2
2013-06-17T05:00:00.000,37,25,12
2013-06-17T06:00:00.000,160,111,49
2013-06-17T07:00:00.000,353,257,96
2013-06-17T08:00:00.000,514,361,153
2013-06-17T09:00:00.000,290,172,118
2013-06-17T10:00:00.000,132,78,54
2013-06-17T11:00:00.000,107,73,34
2013-06-17T12:00:00.000,128,77,51
2013-06-17T13:00:00.000,108,54,54
2013-06-17T14:00:00.000,114,65,49
2013-06-17T15:00:00.000,168,79,89
2013-06-17T16:00:00.000,324,124,200
2013-06-17T17:00:00.000,635,179,456
2013-06-17T18:00:00.000,526,213,313
2013-06-17T19:00:00.000,257,97,160
2013-06-17T20:00:00.000,191,89,102
2013-06-17T21:00:00.000,101,56,45
2013-06-17T22:00:00.000,51,19,32
2013-06-17T23:00:00.000,23,11,12
2013-06-18T00:00:00.000,18,10,8
2013-06-18T01:00:00.000,9,2,7
2013-06-18T02:00:00.000,7,6,1
2013-06-18T03:00:00.000,2,2,0
2013-06-18T04:00:00.000,5,2,3
2013-06-18T05:00:00.000,44,31,13
2013-06-18T06:00:00.000,171,113,58
2013-06-18T07:00:00.000,434,311,123
2013-06-18T08:00:00.000,537,377,160
2013-06-18T09:00:00.000,311,196,115
2013-06-18T10:00:00.000,118,62,56
2013-06-18T11:00:00.000,117,61,56
2013-06-18T12:00:00.000,113,61,52
2013-06-18T13:00:00.000,109,54,55
2013-06-18T14:00:00.000,143,87,56
2013-06-18T15:00:00.000,182,82,100
2013-06-18T16:00:00.000,336,129,207
2013-06-18T17:00:00.000,688,229,459
2013-06-18T18:00:00.000,531,176,355
2013-06-18T19:00:00.000,259,110,149
2013-06-18T20:00:00.000,159,75,84
2013-06-18T21:00:00.000,112,50,62
2013-06-18T22:00:00.000,89,26,63
2013-06-18T23:00:00.000,32,14,18
2013-06-19T00:00:00.000,22,8,14
2013-06-19T01:00:00.000,3,1,2
2013-06-19T02:00:00.000,4,4,0
2013-06-19T03:00:00.000,4,1,3
2013-06-19T04:00:00.000,4,2,2
2013-06-19T05:00:00.000,41,28,13
2013-06-19T06:00:00.000,133,80,53
2013-06-19T07:00:00.000,345,262,83
2013-06-19T08:00:00.000,458,316,142
2013-06-19T09:00:00.000,262,177,85
2013-06-19T10:00:00.000,123,76,47
2013-06-19T11:00:00.000,99,56,43
2013-06-19T12:00:00.000,96,55,41
2013-06-19T13:00:00.000,102,51,51
2013-06-19T14:00:00.000,120,58,62
2013-06-19T15:00:00.000,160,59,101
2013-06-19T16:00:00.000,266,100,166
2013-06-19T17:00:00.000,529,164,365
2013-06-19T18:00:00.000,424,152,272
2013-06-19T19:00:00.000,201,93,108
2013-06-19T20:00:00.000,108,48,60
2013-06-19T21:00:00.000,81,32,49
2013-06-19T22:00:00.000,42,20,22
2013-06-19T23:00:00.000,28,10,18
2013-06-20T00:00:00.000,12,4,8
2013-06-20T01:00:00.000,2,0,2
2013-06-20T02:00:00.000,8,3,5
2013-06-20T03:00:00.000,2,2,0
2013-06-20T04:00:00.000,6,4,2
2013-06-20T05:00:00.000,33,22,11
2013-06-20T06:00:00.000,111,73,38
2013-06-20T07:00:00.000,264,190,74
2013-06-20T08:00:00.000,374,253,121
2013-06-20T09:00:00.000,209,131,78
2013-06-20T10:00:00.000,87,49,38
2013-06-20T11:00:00.000,70,39,31
2013-06-20T12:00:00.000,56,32,24
2013-06-20T13:00:00.000,44,20,24
2013-06-20T14:00:00.000,60,34,26
2013-06-20T15:00:00.000,88,44,44
2013-06-20T16:00:00.000,140,39,101
2013-06-20T17:00:00.000,357,88,269
2013-06-20T18:00:00.000,273,88,185
2013-06-20T19:00:00.000,121,49,72
2013-06-20T20:00:00.000,77,17,60
2013-06-20T21:00:00.000,39,19,20
2013-06-20T22:00:00.000,21,11,10
2013-06-20T23:00:00.000,17,10,7
2013-06-21T00:00:00.000,25,16,9
2013-06-21T01:00:00.000,1,1,0
2013-06-21T02:00:00.000,2,0,2
2013-06-21T03:00:00.000,3,0,3
2013-06-21T04:00:00.000,1,1,0
2013-06-21T05:00:00.000,19,15,4
2013-06-21T06:00:00.000,97,67,30
2013-06-21T07:00:00.000,210,148,62
2013-06-21T08:00:00.000,319,223,96
2013-06-21T09:00:00.000,214,141,73
2013-06-21T10:00:00.000,115,70,45
2013-06-21T11:00:00.000,82,43,39
2013-06-21T12:00:00.000,82,41,41
2013-06-21T13:00:00.000,130,72,58
2013-06-21T14:00:00.000,110,54,56
2013-06-21T15:00:00.000,154,56,98
2013-06-21T16:00:00.000,263,91,172
2013-06-21T17:00:00.000,424,137,287
2013-06-21T18:00:00.000,296,107,189
2013-06-21T19:00:00.000,170,77,93
2013-06-21T20:00:00.000,104,63,41
2013-06-21T21:00:00.000,94,49,45
2013-06-21T22:00:00.000,57,36,21
2013-06-21T23:00:00.000,38,20,18
2013-06-22T00:00:00.000,31,13,18
2013-06-22T01:00:00.000,19,9,10
2013-06-22T02:00:00.000,10,4,6
2013-06-22T03:00:00.000,9,5,4
2013-06-22T04:00:00.000,5,3,2
2013-06-22T05:00:00.000,13,10,3
2013-06-22T06:00:00.000,46,31,15
2013-06-22T07:00:00.000,76,38,38
2013-06-22T08:00:00.000,117,68,49
2013-06-22T09:00:00.000,175,90,85
2013-06-22T10:00:00.000,230,121,109
2013-06-22T11:00:00.000,232,118,114
2013-06-22T12:00:00.000,313,141,172
2013-06-22T13:00:00.000,317,137,180
2013-06-22T14:00:00.000,269,105,164
2013-06-22T15:00:00.000,76,39,37
2013-06-22T16:00:00.000,61,29,32
2013-06-22T17:00:00.000,180,62,118
2013-06-22T18:00:00.000,240,116,124
2013-06-22T19:00:00.000,185,94,91
2013-06-22T20:00:00.000,189,73,116
2013-06-22T21:00:00.000,159,94,65
2013-06-22T22:00:00.000,110,72,38
2013-06-22T23:00:00.000,81,54,27
2013-06-23T00:00:00.000,50,20,30
2013-06-23T01:00:00.000,35,26,9
2013-06-23T02:00:00.000,28,8,20
2013-06-23T03:00:00.000,7,3,4
2013-06-23T04:00:00.000,19,9,10
2013-06-23T05:00:00.000,10,8,2
2013-06-23T06:00:00.000,35,25,10
2013-06-23T07:00:00.000,25,15,10
2013-06-23T08:00:00.000,47,27,20
2013-06-23T09:00:00.000,111,65,46
2013-06-23T10:00:00.000,140,89,51
2013-06-23T11:00:00.000,123,67,56
2013-06-23T12:00:00.000,114,73,41
2013-06-23T13:00:00.000,154,69,85
2013-06-23T14:00:00.000,120,66,54
2013-06-23T15:00:00.000,116,71,45
2013-06-23T16:00:00.000,136,78,58
2013-06-23T17:00:00.000,114,57,57
2013-06-23T18:00:00.000,122,71,51
2013-06-23T19:00:00.000,52,30,22
2013-06-23T20:00:00.000,37,16,21
2013-06-23T21:00:00.000,22,9,13
2013-06-23T22:00:00.000,20,10,10
2013-06-23T23:00:00.000,7,0,7
2013-06-24T00:00:00.000,6,4,2
2013-06-24T01:00:00.000,0,0,0
2013-06-24T02:00:00.000,2,2,0
2013-06-24T03:00:00.000,3,2,1
2013-06-24T04:00:00.000,7,6,1
2013-06-24T05:00:00.000,33,28,5
2013-06-24T06:00:00.000,79,56,23
2013-06-24T07:00:00.000,177,132,45
2013-06-24T08:00:00.000,244,160,84
2013-06-24T09:00:00.000,180,118,62
2013-06-24T10:00:00.000,69,44,25
2013-06-24T11:00:00.000,48,23,25
2013-06-24T12:00:00.000,81,50,31
2013-06-24T13:00:00.000,63,38,25
2013-06-24T14:00:00.000,73,43,30
2013-06-24T15:00:00.000,97,36,61
2013-06-24T16:00:00.000,177,63,114
2013-06-24T17:00:00.000,366,116,250
2013-06-24T18:00:00.000,306,123,183
2013-06-24T19:00:00.000,207,87,120
2013-06-24T20:00:00.000,104,57,47
2013-06-24T21:00:00.000,57,32,25
2013-06-24T22:00:00.000,41,20,21
2013-06-24T23:00:00.000,12,7,5
2013-06-25T00:00:00.000,11,4,7
2013-06-25T01:00:00.000,8,3,5
2013-06-25T02:00:00.000,7,5,2
2013-06-25T03:00:00.000,0,0,0
2013-06-25T04:00:00.000,6,3,3
2013-06-25T05:00:00.000,26,18,8
2013-06-25T06:00:00.000,118,84,34
2013-06-25T07:00:00.000,220,168,52
2013-06-25T08:00:00.000,263,178,85
2013-06-25T09:00:00.000,209,131,78
2013-06-25T10:00:00.000,110,59,51
2013-06-25T11:00:00.000,93,56,37
2013-06-25T12:00:00.000,71,49,22
2013-06-25T13:00:00.000,100,63,37
2013-06-25T14:00:00.000,107,64,43
2013-06-25T15:00:00.000,144,73,71
2013-06-25T16:00:00.000,232,88,144
2013-06-25T17:00:00.000,424,121,303
2013-06-25T18:00:00.000,247,76,171
2013-06-25T19:00:00.000,124,54,70
2013-06-25T20:00:00.000,48,15,33
2013-06-25T21:00:00.000,47,25,22
2013-06-25T22:00:00.000,18,8,10
2013-06-25T23:00:00.000,16,8,8
2013-06-26T00:00:00.000,11,3,8
2013-06-26T01:00:00.000,4,1,3
2013-06-26T02:00:00.000,4,2,2
2013-06-26T03:00:00.000,0,0,0
2013-06-26T04:00:00.000,7,3,4
2013-06-26T05:00:00.000,21,15,6
2013-06-26T06:00:00.000,104,68,36
2013-06-26T07:00:00.000,238,183,55
2013-06-26T08:00:00.000,326,217,109
2013-06-26T09:00:00.000,224,129,95
2013-06-26T10:00:00.000,89,57,32
2013-06-26T11:00:00.000,84,37,47
2013-06-26T12:00:00.000,73,41,32
2013-06-26T13:00:00.000,64,32,32
2013-06-26T14:00:00.000,54,29,25
2013-06-26T15:00:00.000,115,54,61
2013-06-26T16:00:00.000,215,70,145
2013-06-26T17:00:00.000,422,136,286
2013-06-26T18:00:00.000,350,124,226
2013-06-26T19:00:00.000,203,78,125
2013-06-26T20:00:00.000,131,68,63
2013-06-26T21:00:00.000,85,36,49
2013-06-26T22:00:00.000,60,40,20
2013-06-26T23:00:00.000,20,7,13
2013-06-27T00:00:00.000,19,13,6
2013-06-27T01:00:00.000,8,4,4
2013-06-27T02:00:00.000,12,7,5
2013-06-27T03:00:00.000,1,1,0
2013-06-27T04:00:00.000,4,2,2
2013-06-27T05:00:00.000,31,19,12
2013-06-27T06:00:00.000,100,71,29
2013-06-27T07:00:00.000,243,183,60
2013-06-27T08:00:00.000,341,235,106
2013-06-27T09:00:00.000,209,132,77
2013-06-27T10:00:00.000,65,43,22
2013-06-27T11:00:00.000,54,34,20
2013-06-27T12:00:00.000,76,43,33
2013-06-27T13:00:00.000,71,49,22
2013-06-27T14:00:00.000,93,53,40
2013-06-27T15:00:00.000,146,64,82
2013-06-27T16:00:00.000,249,89,160
2013-06-27T17:00:00.000,455,130,325
2013-06-27T18:00:00.000,349,131,218
2013-06-27T19:00:00.000,161,78,83
2013-06-27T20:00:00.000,102,51,51
2013-06-27T21:00:00.000,69,34,35
2013-06-27T22:00:00.000,47,26,21
2013-06-27T23:00:00.000,23,7,16
2013-06-28T00:00:00.000,22,13,9
2013-06-28T01:00:00.000,6,1,5
2013-06-28T02:00:00.000,4,2,2
2013-06-28T03:00:00.000,1,1,0
2013-06-28T04:00:00.000,2,1,1
2013-06-28T05:00:00.000,30,18,12
2013-06-28T06:00:00.000,157,108,49
2013-06-28T07:00:00.000,349,247,102
2013-06-28T08:00:00.000,475,347,128
2013-06-28T09:00:00.000,268,168,100
2013-06-28T10:00:00.000,168,97,71
2013-06-28T11:00:00.000,112,69,43
2013-06-28T12:00:00.000,151,85,66
2013-06-28T13:00:00.000,132,80,52
2013-06-28T14:00:00.000,156,73,83
2013-06-28T15:00:00.000,239,110,129
2013-06-28T16:00:00.000,357,113,244
2013-06-28T17:00:00.000,588,195,393
2013-06-28T18:00:00.000,345,128,217
2013-06-28T19:00:00.000,239,93,146
2013-06-28T20:00:00.000,127,55,72
2013-06-28T21:00:00.000,87,45,42
2013-06-28T22:00:00.000,51,31,20
2013-06-28T23:00:00.000,33,15,18
2013-06-29T00:00:00.000,31,10,21
2013-06-29T01:00:00.000,14,8,6
2013-06-29T02:00:00.000,16,8,8
2013-06-29T03:00:00.000,10,9,1
2013-06-29T04:00:00.000,6,3,3
2013-06-29T05:00:00.000,18,13,5
2013-06-29T06:00:00.000,52,22,30
2013-06-29T07:00:00.000,89,46,43
2013-06-29T08:00:00.000,118,61,57
2013-06-29T09:00:00.000,157,86,71
2013-06-29T10:00:00.000,202,100,102
2013-06-29T11:00:00.000,222,135,87
2013-06-29T12:00:00.000,192,88,104
2013-06-29T13:00:00.000,208,121,87
2013-06-29T14:00:00.000,238,144,94
2013-06-29T15:00:00.000,207,96,111
2013-06-29T16:00:00.000,187,104,83
2013-06-29T17:00:00.000,181,96,85
2013-06-29T18:00:00.000,158,73,85
2013-06-29T19:00:00.000,143,78,65
2013-06-29T20:00:00.000,102,55,47
2013-06-29T21:00:00.000,88,43,45
2013-06-29T22:00:00.000,51,20,31
2013-06-29T23:00:00.000,42,21,21
2013-06-30T00:00:00.000,25,11,14
2013-06-30T01:00:00.000,12,5,7
2013-06-30T02:00:00.000,16,5,11
2013-06-30T03:00:00.000,5,1,4
2013-06-30T04:00:00.000,9,5,4
2013-06-30T05:00:00.000,13,9,4
2013-06-30T06:00:00.000,29,14,15
2013-06-30T07:00:00.000,52,25,27
2013-06-30T08:00:00.000,85,48,37
2013-06-30T09:00:00.000,151,93,58
2013-06-30T10:00:00.000,236,150,86
2013-06-30T11:00:00.000,279,179,100
2013-06-30T12:00:00.000,208,112,96
2013-06-30T13:00:00.000,256,141,115
2013-06-30T14:00:00.000,251,118,133
2013-06-30T15:00:00.000,233,112,121
2013-06-30T16:00:00.000,205,108,97
2013-06-30T17:00:00.000,148,69,79
2013-06-30T18:00:00.000,157,82,75
2013-06-30T19:00:00.000,121,69,52
2013-06-30T20:00:00.000,97,51,46
2013-06-30T21:00:00.000,89,52,37
2013-06-30T22:00:00.000,44,17,27
2013-06-30T23:00:00.000,25,12,13
2013-07-01T00:00:00.000,16,7,9
2013-07-01T01:00:00.000,9,2,7
2013-07-01T02:00:00.000,3,3,0
2013-07-01T03:00:00.000,2,0,2
2013-07-01T04:00:00.000,10,7,3
2013-07-01T05:00:00.000,41,30,11
2013-07-01T06:00:00.000,173,117,56
2013-07-01T07:00:00.000,413,294,119
2013-07-01T08:00:00.000,531,369,162
2013-07-01T09:00:00.000,282,186,96
2013-07-01T10:00:00.000,160,99,61
2013-07-01T11:00:00.000,109,59,50
2013-07-01T12:00:00.000,109,68,41
2013-07-01T13:00:00.000,107,51,56
2013-07-01T14:00:00.000,102,60,42
2013-07-01T15:00:00.000,141,67,74
2013-07-01T16:00:00.000,307,119,188
2013-07-01T17:00:00.000,610,168,442
2013-07-01T18:00:00.000,474,164,310
2013-07-01T19:00:00.000,261,113,148
2013-07-01T20:00:00.000,147,77,70
2013-07-01T21:00:00.000,109,60,49
2013-07-01T22:00:00.000,67,38,29
2013-07-01T23:00:00.000,24,8,16
2013-07-02T00:00:00.000,15,4,11
2013-07-02T01:00:00.000,11,2,9
2013-07-02T02:00:00.000,7,2,5
2013-07-02T03:00:00.000,1,0,1
2013-07-02T04:00:00.000,12,8,4
2013-07-02T05:00:00.000,45,33,12
2013-07-02T06:00:00.000,183,123,60
2013-07-02T07:00:00.000,444,348,96
2013-07-02T08:00:00.000,596,424,172
2013-07-02T09:00:00.000,295,180,115
2013-07-02T10:00:00.000,136,84,52
2013-07-02T11:00:00.000,116,70,46
2013-07-02T12:00:00.000,129,68,61
2013-07-02T13:00:00.000,139,61,78
2013-07-02T14:00:00.000,136,61,75
2013-07-02T15:00:00.000,170,71,99
2013-07-02T16:00:00.000,332,123,209
2013-07-02T17:00:00.000,672,184,488
2013-07-02T18:00:00.000,554,218,336
2013-07-02T19:00:00.000,275,111,164
2013-07-02T20:00:00.000,182,86,96
2013-07-02T21:00:00.000,135,74,61
2013-07-02T22:00:00.000,71,44,27
2013-07-02T23:00:00.000,40,22,18
2013-07-03T00:00:00.000,20,10,10
2013-07-03T01:00:00.000,8,2,6
2013-07-03T02:00:00.000,5,3,2
2013-07-03T03:00:00.000,2,0,2
2013-07-03T04:00:00.000,10,6,4
2013-07-03T05:00:00.000,33,24,9
2013-07-03T06:00:00.000,164,108,56
2013-07-03T07:00:00.000,366,267,99
2013-07-03T08:00:00.000,519,358,161
2013-07-03T09:00:00.000,331,199,132
2013-07-03T10:00:00.000,143,82,61
2013-07-03T11:00:00.000,90,51,39
2013-07-03T12:00:00.000,104,54,50
2013-07-03T13:00:00.000,112,58,54
2013-07-03T14:00:00.000,162,83,79
2013-07-03T15:00:00.000,235,95,140
2013-07-03T16:00:00.000,394,135,259
2013-07-03T17:00:00.000,580,179,401
2013-07-03T18:00:00.000,404,163,241
2013-07-03T19:00:00.000,190,77,113
2013-07-03T20:00:00.000,143,73,70
2013-07-03T21:00:00.000,107,52,55
2013-07-03T22:00:00.000,86,50,36
2013-07-03T23:00:00.000,47,20,27
2013-07-04T00:00:00.000,23,9,14
2013-07-04T01:00:00.000,14,6,8
2013-07-04T02:00:00.000,61,54,7
2013-07-04T03:00:00.000,6,1,5
2013-07-04T04:00:00.000,4,3,1
2013-07-04T05:00:00.000,17,14,3
2013-07-04T06:00:00.000,32,19,13
2013-07-04T07:00:00.000,59,42,17
2013-07-04T08:00:00.000,108,42,66
2013-07-04T09:00:00.000,137,61,76
2013-07-04T10:00:00.000,171,104,67
2013-07-04T11:00:00.000,198,96,102
2013-07-04T12:00:00.000,191,100,91
2013-07-04T13:00:00.000,236,113,123
2013-07-04T14:00:00.000,272,137,135
2013-07-04T15:00:00.000,279,124,155
2013-07-04T16:00:00.000,266,125,141
2013-07-04T17:00:00.000,286,138,148
2013-07-04T18:00:00.000,247,102,145
2013-07-04T19:00:00.000,242,133,109
2013-07-04T20:00:00.000,224,106,118
2013-07-04T21:00:00.000,186,108,78
2013-07-04T22:00:00.000,98,57,41
2013-07-04T23:00:00.000,392,144,248
2013-07-05T00:00:00.000,124,43,81
2013-07-05T01:00:00.000,35,12,23
2013-07-05T02:00:00.000,12,3,9
2013-07-05T03:00:00.000,3,1,2
2013-07-05T04:00:00.000,8,6,2
2013-07-05T05:00:00.000,17,9,8
2013-07-05T06:00:00.000,74,43,31
2013-07-05T07:00:00.000,189,127,62
2013-07-05T08:00:00.000,199,129,70
2013-07-05T09:00:00.000,196,124,72
2013-07-05T10:00:00.000,143,85,58
2013-07-05T11:00:00.000,142,72,70
2013-07-05T12:00:00.000,169,108,61
2013-07-05T13:00:00.000,154,86,68
2013-07-05T14:00:00.000,197,84,113
2013-07-05T15:00:00.000,182,79,103
2013-07-05T16:00:00.000,265,109,156
2013-07-05T17:00:00.000,301,105,196
2013-07-05T18:00:00.000,238,109,129
2013-07-05T19:00:00.000,182,75,107
2013-07-05T20:00:00.000,90,43,47
2013-07-05T21:00:00.000,68,40,28
2013-07-05T22:00:00.000,64,28,36
2013-07-05T23:00:00.000,36,18,18
2013-07-06T00:00:00.000,31,19,12
2013-07-06T01:00:00.000,9,6,3
2013-07-06T02:00:00.000,5,4,1
2013-07-06T03:00:00.000,9,4,5
2013-07-06T04:00:00.000,8,6,2
2013-07-06T05:00:00.000,15,11,4
2013-07-06T06:00:00.000,39,16,23
2013-07-06T07:00:00.000,72,40,32
2013-07-06T08:00:00.000,115,63,52
2013-07-06T09:00:00.000,161,93,68
2013-07-06T10:00:00.000,162,87,75
2013-07-06T11:00:00.000,203,123,80
2013-07-06T12:00:00.000,210,125,85
2013-07-06T13:00:00.000,236,131,105
2013-07-06T14:00:00.000,257,148,109
2013-07-06T15:00:00.000,216,111,105
2013-07-06T16:00:00.000,246,135,111
2013-07-06T17:00:00.000,245,133,112
2013-07-06T18:00:00.000,178,95,83
2013-07-06T19:00:00.000,111,57,54
2013-07-06T20:00:00.000,120,59,61
2013-07-06T21:00:00.000,84,39,45
2013-07-06T22:00:00.000,87,39,48
2013-07-06T23:00:00.000,103,32,71
2013-07-07T00:00:00.000,49,30,19
2013-07-07T01:00:00.000,19,9,10
2013-07-07T02:00:00.000,10,4,6
2013-07-07T03:00:00.000,3,2,1
2013-07-07T04:00:00.000,6,3,3
2013-07-07T05:00:00.000,11,7,4
2013-07-07T06:00:00.000,22,10,12
2013-07-07T07:00:00.000,44,26,18
2013-07-07T08:00:00.000,76,32,44
2013-07-07T09:00:00.000,110,73,37
2013-07-07T10:00:00.000,142,75,67
2013-07-07T11:00:00.000,178,108,70
2013-07-07T12:00:00.000,199,100,99
2013-07-07T13:00:00.000,238,114,124
2013-07-07T14:00:00.000,249,134,115
2013-07-07T15:00:00.000,256,155,101
2013-07-07T16:00:00.000,234,122,112
2013-07-07T17:00:00.000,218,107,111
2013-07-07T18:00:00.000,168,94,74
2013-07-07T19:00:00.000,135,72,63
2013-07-07T20:00:00.000,99,68,31
2013-07-07T21:00:00.000,66,37,29
2013-07-07T22:00:00.000,42,22,20
2013-07-07T23:00:00.000,21,10,11
2013-07-08T00:00:00.000,23,5,18
2013-07-08T01:00:00.000,11,1,10
2013-07-08T02:00:00.000,4,1,3
2013-07-08T03:00:00.000,4,1,3
2013-07-08T04:00:00.000,9,6,3
2013-07-08T05:00:00.000,39,28,11
2013-07-08T06:00:00.000,167,115,52
2013-07-08T07:00:00.000,423,320,103
2013-07-08T08:00:00.000,493,340,153
2013-07-08T09:00:00.000,324,214,110
2013-07-08T10:00:00.000,108,75,33
2013-07-08T11:00:00.000,87,45,42
2013-07-08T12:00:00.000,98,50,48
2013-07-08T13:00:00.000,137,76,61
2013-07-08T14:00:00.000,134,66,68
2013-07-08T15:00:00.000,170,70,100
2013-07-08T16:00:00.000,326,125,201
2013-07-08T17:00:00.000,662,187,475
2013-07-08T18:00:00.000,523,184,339
2013-07-08T19:00:00.000,271,105,166
2013-07-08T20:00:00.000,165,82,83
2013-07-08T21:00:00.000,87,47,40
2013-07-08T22:00:00.000,52,27,25
2013-07-08T23:00:00.000,30,10,20
2013-07-09T00:00:00.000,22,9,13
2013-07-09T01:00:00.000,9,2,7
2013-07-09T02:00:00.000,6,3,3
2013-07-09T03:00:00.000,1,1,0
2013-07-09T04:00:00.000,9,6,3
2013-07-09T05:00:00.000,41,31,10
2013-07-09T06:00:00.000,205,136,69
2013-07-09T07:00:00.000,452,342,110
2013-07-09T08:00:00.000,573,419,154
2013-07-09T09:00:00.000,319,202,117
2013-07-09T10:00:00.000,153,96,57
2013-07-09T11:00:00.000,130,70,60
2013-07-09T12:00:00.000,114,65,49
2013-07-09T13:00:00.000,150,76,74
2013-07-09T14:00:00.000,134,72,62
2013-07-09T15:00:00.000,151,75,76
2013-07-09T16:00:00.000,342,122,220
2013-07-09T17:00:00.000,713,216,497
2013-07-09T18:00:00.000,548,175,373
2013-07-09T19:00:00.000,304,107,197
2013-07-09T20:00:00.000,185,83,102
2013-07-09T21:00:00.000,132,60,72
2013-07-09T22:00:00.000,81,37,44
2013-07-09T23:00:00.000,42,20,22
2013-07-10T00:00:00.000,30,9,21
2013-07-10T01:00:00.000,9,3,6
2013-07-10T02:00:00.000,10,5,5
2013-07-10T03:00:00.000,6,3,3
2013-07-10T04:00:00.000,7,5,2
2013-07-10T05:00:00.000,50,37,13
2013-07-10T06:00:00.000,185,127,58
2013-07-10T07:00:00.000,402,300,102
2013-07-10T08:00:00.000,546,384,162
2013-07-10T09:00:00.000,350,215,135
2013-07-10T10:00:00.000,133,80,53
2013-07-10T11:00:00.000,97,48,49
2013-07-10T12:00:00.000,121,79,42
2013-07-10T13:00:00.000,139,60,79
2013-07-10T14:00:00.000,131,70,61
2013-07-10T15:00:00.000,182,90,92
2013-07-10T16:00:00.000,342,124,218
2013-07-10T17:00:00.000,692,204,488
2013-07-10T18:00:00.000,514,168,346
2013-07-10T19:00:00.000,312,126,186
2013-07-10T20:00:00.000,155,73,82
2013-07-10T21:00:00.000,105,56,49
2013-07-10T22:00:00.000,55,22,33
2013-07-10T23:00:00.000,34,16,18
2013-07-11T00:00:00.000,21,12,9
2013-07-11T01:00:00.000,11,6,5
2013-07-11T02:00:00.000,6,2,4
2013-07-11T03:00:00.000,0,0,0
2013-07-11T04:00:00.000,7,3,4
2013-07-11T05:00:00.000,36,25,11
2013-07-11T06:00:00.000,150,102,48
2013-07-11T07:00:00.000,333,240,93
2013-07-11T08:00:00.000,483,316,167
2013-07-11T09:00:00.000,292,192,100
2013-07-11T10:00:00.000,132,81,51
2013-07-11T11:00:00.000,107,57,50
2013-07-11T12:00:00.000,137,82,55
2013-07-11T13:00:00.000,115,59,56
2013-07-11T14:00:00.000,138,70,68
2013-07-11T15:00:00.000,159,93,66
2013-07-11T16:00:00.000,323,133,190
2013-07-11T17:00:00.000,587,177,410
2013-07-11T18:00:00.000,466,157,309
2013-07-11T19:00:00.000,239,94,145
2013-07-11T20:00:00.000,163,75,88
2013-07-11T21:00:00.000,89,44,45
2013-07-11T22:00:00.000,60,31,29
2013-07-11T23:00:00.000,46,14,32
2013-07-12T00:00:00.000,15,8,7
2013-07-12T01:00:00.000,13,7,6
2013-07-12T02:00:00.000,8,3,5
2013-07-12T03:00:00.000,3,1,2
2013-07-12T04:00:00.000,4,2,2
2013-07-12T05:00:00.000,30,23,7
2013-07-12T06:00:00.000,138,92,46
2013-07-12T07:00:00.000,316,208,108
2013-07-12T08:00:00.000,438,305,133
2013-07-12T09:00:00.000,283,176,107
2013-07-12T10:00:00.000,167,81,86
2013-07-12T11:00:00.000,83,50,33
2013-07-12T12:00:00.000,110,57,53
2013-07-12T13:00:00.000,99,59,40
2013-07-12T14:00:00.000,144,71,73
2013-07-12T15:00:00.000,190,76,114
2013-07-12T16:00:00.000,310,110,200
2013-07-12T17:00:00.000,520,169,351
2013-07-12T18:00:00.000,328,123,205
2013-07-12T19:00:00.000,180,79,101
2013-07-12T20:00:00.000,125,51,74
2013-07-12T21:00:00.000,88,46,42
2013-07-12T22:00:00.000,64,21,43
2013-07-12T23:00:00.000,40,20,20
2013-07-13T00:00:00.000,25,15,10
2013-07-13T01:00:00.000,13,7,6
2013-07-13T02:00:00.000,15,2,13
2013-07-13T03:00:00.000,15,8,7
2013-07-13T04:00:00.000,44,14,30
2013-07-13T05:00:00.000,53,17,36
2013-07-13T06:00:00.000,70,24,46
2013-07-13T07:00:00.000,57,34,23
2013-07-13T08:00:00.000,102,62,40
2013-07-13T09:00:00.000,161,90,71
2013-07-13T10:00:00.000,178,102,76
2013-07-13T11:00:00.000,181,98,83
2013-07-13T12:00:00.000,207,114,93
2013-07-13T13:00:00.000,221,131,90
2013-07-13T14:00:00.000,224,114,110
2013-07-13T15:00:00.000,236,120,116
2013-07-13T16:00:00.000,179,103,76
2013-07-13T17:00:00.000,162,84,78
2013-07-13T18:00:00.000,169,100,69
2013-07-13T19:00:00.000,89,42,47
2013-07-13T20:00:00.000,99,44,55
2013-07-13T21:00:00.000,76,34,42
2013-07-13T22:00:00.000,70,30,40
2013-07-13T23:00:00.000,52,21,31
2013-07-14T00:00:00.000,42,11,31
2013-07-14T01:00:00.000,18,7,11
2013-07-14T02:00:00.000,14,3,11
2013-07-14T03:00:00.000,5,3,2
2013-07-14T04:00:00.000,4,2,2
2013-07-14T05:00:00.000,11,9,2
2013-07-14T06:00:00.000,18,11,7
2013-07-14T07:00:00.000,53,31,22
2013-07-14T08:00:00.000,68,39,29
2013-07-14T09:00:00.000,131,84,47
2013-07-14T10:00:00.000,188,106,82
2013-07-14T11:00:00.000,188,101,87
2013-07-14T12:00:00.000,204,111,93
2013-07-14T13:00:00.000,242,132,110
2013-07-14T14:00:00.000,230,108,122
2013-07-14T15:00:00.000,248,137,111
2013-07-14T16:00:00.000,222,122,100
2013-07-14T17:00:00.000,219,126,93
2013-07-14T18:00:00.000,161,108,53
2013-07-14T19:00:00.000,136,80,56
2013-07-14T20:00:00.000,129,81,48
2013-07-14T21:00:00.000,59,29,30
2013-07-14T22:00:00.000,38,18,20
2013-07-14T23:00:00.000,12,5,7
2013-07-15T00:00:00.000,13,3,10
2013-07-15T01:00:00.000,3,2,1
2013-07-15T02:00:00.000,5,1,4
2013-07-15T03:00:00.000,5,3,2
2013-07-15T04:00:00.000,7,5,2
2013-07-15T05:00:00.000,40,30,10
2013-07-15T06:00:00.000,152,97,55
2013-07-15T07:00:00.000,382,276,106
2013-07-15T08:00:00.000,537,371,166
2013-07-15T09:00:00.000,328,199,129
2013-07-15T10:00:00.000,154,89,65
2013-07-15T11:00:00.000,110,64,46
2013-07-15T12:00:00.000,116,66,50
2013-07-15T13:00:00.000,127,67,60
2013-07-15T14:00:00.000,133,66,67
2013-07-15T15:00:00.000,175,92,83
2013-07-15T16:00:00.000,300,104,196
2013-07-15T17:00:00.000,649,196,453
2013-07-15T18:00:00.000,536,191,345
2013-07-15T19:00:00.000,277,113,164
2013-07-15T20:00:00.000,160,76,84
2013-07-15T21:00:00.000,106,58,48
2013-07-15T22:00:00.000,73,24,49
2013-07-15T23:00:00.000,30,14,16
2013-07-16T00:00:00.000,10,5,5
2013-07-16T01:00:00.000,5,2,3
2013-07-16T02:00:00.000,2,0,2
2013-07-16T03:00:00.000,4,3,1
2013-07-16T04:00:00.000,13,9,4
2013-07-16T05:00:00.000,54,42,12
2013-07-16T06:00:00.000,179,113,66
2013-07-16T07:00:00.000,442,332,110
2013-07-16T08:00:00.000,613,420,193
2013-07-16T09:00:00.000,321,191,130
2013-07-16T10:00:00.000,169,96,73
2013-07-16T11:00:00.000,89,43,46
2013-07-16T12:00:00.000,112,61,51
2013-07-16T13:00:00.000,143,63,80
2013-07-16T14:00:00.000,123,64,59
2013-07-16T15:00:00.000,180,87,93
2013-07-16T16:00:00.000,323,107,216
2013-07-16T17:00:00.000,703,222,481
2013-07-16T18:00:00.000,488,177,311
2013-07-16T19:00:00.000,267,110,157
2013-07-16T20:00:00.000,155,70,85
2013-07-16T21:00:00.000,106,55,51
2013-07-16T22:00:00.000,62,28,34
2013-07-16T23:00:00.000,30,14,16
2013-07-17T00:00:00.000,12,6,6
2013-07-17T01:00:00.000,2,0,2
2013-07-17T02:00:00.000,11,9,2
2013-07-17T03:00:00.000,2,2,0
2013-07-17T04:00:00.000,9,8,1
2013-07-17T05:00:00.000,31,24,7
2013-07-17T06:00:00.000,162,108,54
2013-07-17T07:00:00.000,362,260,102
2013-07-17T08:00:00.000,523,360,163
2013-07-17T09:00:00.000,319,204,115
2013-07-17T10:00:00.000,127,74,53
2013-07-17T11:00:00.000,93,55,38
2013-07-17T12:00:00.000,106,65,41
2013-07-17T13:00:00.000,121,52,69
2013-07-17T14:00:00.000,105,44,61
2013-07-17T15:00:00.000,179,88,91
2013-07-17T16:00:00.000,288,110,178
2013-07-17T17:00:00.000,592,180,412
2013-07-17T18:00:00.000,474,161,313
2013-07-17T19:00:00.000,284,120,164
2013-07-17T20:00:00.000,153,68,85
2013-07-17T21:00:00.000,104,55,49
2013-07-17T22:00:00.000,65,33,32
2013-07-17T23:00:00.000,47,16,31
2013-07-18T00:00:00.000,16,10,6
2013-07-18T01:00:00.000,8,6,2
2013-07-18T02:00:00.000,3,0,3
2013-07-18T03:00:00.000,3,1,2
2013-07-18T04:00:00.000,7,4,3
2013-07-18T05:00:00.000,33,21,12
2013-07-18T06:00:00.000,162,113,49
2013-07-18T07:00:00.000,392,284,108
2013-07-18T08:00:00.000,510,336,174
2013-07-18T09:00:00.000,333,213,120
2013-07-18T10:00:00.000,128,71,57
2013-07-18T11:00:00.000,100,64,36
2013-07-18T12:00:00.000,110,66,44
2013-07-18T13:00:00.000,139,72,67
2013-07-18T14:00:00.000,141,73,68
2013-07-18T15:00:00.000,181,84,97
2013-07-18T16:00:00.000,306,121,185
2013-07-18T17:00:00.000,623,194,429
2013-07-18T18:00:00.000,475,187,288
2013-07-18T19:00:00.000,286,140,146
2013-07-18T20:00:00.000,193,84,109
2013-07-18T21:00:00.000,113,63,50
2013-07-18T22:00:00.000,71,35,36
2013-07-18T23:00:00.000,53,21,32
2013-07-19T00:00:00.000,24,12,12
2013-07-19T01:00:00.000,14,7,7
2013-07-19T02:00:00.000,6,2,4
2013-07-19T03:00:00.000,3,3,0
2013-07-19T04:00:00.000,9,6,3
2013-07-19T05:00:00.000,28,18,10
2013-07-19T06:00:00.000,147,87,60
2013-07-19T07:00:00.000,315,223,92
2013-07-19T08:00:00.000,463,312,151
2013-07-19T09:00:00.000,250,161,89
2013-07-19T10:00:00.000,166,102,64
2013-07-19T11:00:00.000,105,54,51
2013-07-19T12:00:00.000,133,63,70
2013-07-19T13:00:00.000,127,78,49
2013-07-19T14:00:00.000,149,75,74
2013-07-19T15:00:00.000,237,97,140
2013-07-19T16:00:00.000,312,135,177
2013-07-19T17:00:00.000,520,195,325
2013-07-19T18:00:00.000,357,135,222
2013-07-19T19:00:00.000,198,70,128
2013-07-19T20:00:00.000,128,43,85
2013-07-19T21:00:00.000,115,63,52
2013-07-19T22:00:00.000,66,21,45
2013-07-19T23:00:00.000,43,20,23
2013-07-20T00:00:00.000,29,15,14
2013-07-20T01:00:00.000,16,7,9
2013-07-20T02:00:00.000,11,6,5
2013-07-20T03:00:00.000,7,2,5
2013-07-20T04:00:00.000,9,6,3
2013-07-20T05:00:00.000,15,13,2
2013-07-20T06:00:00.000,38,22,16
2013-07-20T07:00:00.000,75,35,40
2013-07-20T08:00:00.000,93,55,38
2013-07-20T09:00:00.000,156,87,69
2013-07-20T10:00:00.000,115,76,39
2013-07-20T11:00:00.000,160,95,65
2013-07-20T12:00:00.000,188,132,56
2013-07-20T13:00:00.000,200,117,83
2013-07-20T14:00:00.000,200,111,89
2013-07-20T15:00:00.000,229,110,119
2013-07-20T16:00:00.000,233,110,123
2013-07-20T17:00:00.000,199,104,95
2013-07-20T18:00:00.000,162,87,75
2013-07-20T19:00:00.000,122,57,65
2013-07-20T20:00:00.000,77,41,36
2013-07-20T21:00:00.000,74,45,29
2013-07-20T22:00:00.000,49,17,32
2013-07-20T23:00:00.000,54,28,26
2013-07-21T00:00:00.000,27,7,20
2013-07-21T01:00:00.000,24,8,16
2013-07-21T02:00:00.000,9,2,7
2013-07-21T03:00:00.000,9,7,2
2013-07-21T04:00:00.000,9,5,4
2013-07-21T05:00:00.000,13,7,6
2013-07-21T06:00:00.000,12,7,5
2013-07-21T07:00:00.000,40,23,17
2013-07-21T08:00:00.000,68,29,39
2013-07-21T09:00:00.000,91,57,34
2013-07-21T10:00:00.000,117,73,44
2013-07-21T11:00:00.000,122,72,50
2013-07-21T12:00:00.000,186,98,88
2013-07-21T13:00:00.000,194,108,86
2013-07-21T14:00:00.000,274,147,127
2013-07-21T15:00:00.000,239,124,115
2013-07-21T16:00:00.000,240,136,104
2013-07-21T17:00:00.000,228,104,124
2013-07-21T18:00:00.000,184,107,77
2013-07-21T19:00:00.000,109,57,52
2013-07-21T20:00:00.000,84,50,34
2013-07-21T21:00:00.000,75,24,51
2013-07-21T22:00:00.000,35,21,14
2013-07-21T23:00:00.000,36,20,16
2013-07-22T00:00:00.000,14,8,6
2013-07-22T01:00:00.000,3,1,2
2013-07-22T02:00:00.000,4,1,3
2013-07-22T03:00:00.000,3,1,2
2013-07-22T04:00:00.000,9,7,2
2013-07-22T05:00:00.000,38,23,15
2013-07-22T06:00:00.000,153,107,46
2013-07-22T07:00:00.000,342,253,89
2013-07-22T08:00:00.000,462,319,143
2013-07-22T09:00:00.000,329,214,115
2013-07-22T10:00:00.000,153,78,75
2013-07-22T11:00:00.000,84,48,36
2013-07-22T12:00:00.000,102,55,47
2013-07-22T13:00:00.000,122,59,63
2013-07-22T14:00:00.000,125,68,57
2013-07-22T15:00:00.000,181,90,91
2013-07-22T16:00:00.000,295,106,189
2013-07-22T17:00:00.000,633,199,434
2013-07-22T18:00:00.000,482,168,314
2013-07-22T19:00:00.000,290,116,174
2013-07-22T20:00:00.000,167,75,92
2013-07-22T21:00:00.000,96,42,54
2013-07-22T22:00:00.000,58,25,33
2013-07-22T23:00:00.000,29,10,19
2013-07-23T00:00:00.000,19,6,13
2013-07-23T01:00:00.000,8,7,1
2013-07-23T02:00:00.000,5,4,1
2013-07-23T03:00:00.000,4,4,0
2013-07-23T04:00:00.000,9,6,3
2013-07-23T05:00:00.000,42,28,14
2013-07-23T06:00:00.000,159,107,52
2013-07-23T07:00:00.000,415,312,103
2013-07-23T08:00:00.000,556,390,166
2013-07-23T09:00:00.000,357,232,125
2013-07-23T10:00:00.000,175,100,75
2013-07-23T11:00:00.000,116,71,45
2013-07-23T12:00:00.000,129,74,55
2013-07-23T13:00:00.000,126,65,61
2013-07-23T14:00:00.000,121,61,60
2013-07-23T15:00:00.000,167,79,88
2013-07-23T16:00:00.000,320,108,212
2013-07-23T17:00:00.000,624,190,434
2013-07-23T18:00:00.000,585,197,388
2013-07-23T19:00:00.000,281,109,172
2013-07-23T20:00:00.000,182,93,89
2013-07-23T21:00:00.000,105,53,52
2013-07-23T22:00:00.000,58,17,41
2013-07-23T23:00:00.000,41,13,28
2013-07-24T00:00:00.000,18,5,13
2013-07-24T01:00:00.000,7,2,5
2013-07-24T02:00:00.000,5,5,0
2013-07-24T03:00:00.000,3,3,0
2013-07-24T04:00:00.000,7,5,2
2013-07-24T05:00:00.000,40,34,6
2013-07-24T06:00:00.000,172,118,54
2013-07-24T07:00:00.000,398,290,108
2013-07-24T08:00:00.000,578,380,198
2013-07-24T09:00:00.000,348,229,119
2013-07-24T10:00:00.000,165,78,87
2013-07-24T11:00:00.000,118,72,46
2013-07-24T12:00:00.000,124,52,72
2013-07-24T13:00:00.000,135,70,65
2013-07-24T14:00:00.000,124,57,67
2013-07-24T15:00:00.000,191,90,101
2013-07-24T16:00:00.000,317,114,203
2013-07-24T17:00:00.000,697,214,483
2013-07-24T18:00:00.000,528,178,350
2013-07-24T19:00:00.000,327,145,182
2013-07-24T20:00:00.000,182,81,101
2013-07-24T21:00:00.000,113,56,57
2013-07-24T22:00:00.000,67,37,30
2013-07-24T23:00:00.000,30,16,14
2013-07-25T00:00:00.000,19,7,12
2013-07-25T01:00:00.000,30,4,26
2013-07-25T02:00:00.000,3,2,1
2013-07-25T03:00:00.000,5,5,0
2013-07-25T04:00:00.000,5,5,0
2013-07-25T05:00:00.000,34,24,10
2013-07-25T06:00:00.000,147,95,52
2013-07-25T07:00:00.000,407,301,106
2013-07-25T08:00:00.000,532,350,182
2013-07-25T09:00:00.000,331,209,122
2013-07-25T10:00:00.000,161,97,64
2013-07-25T11:00:00.000,103,54,49
2013-07-25T12:00:00.000,116,52,64
2013-07-25T13:00:00.000,137,77,60
2013-07-25T14:00:00.000,133,75,58
2013-07-25T15:00:00.000,158,57,101
2013-07-25T16:00:00.000,298,115,183
2013-07-25T17:00:00.000,616,171,445
2013-07-25T18:00:00.000,547,202,345
2013-07-25T19:00:00.000,286,147,139
2013-07-25T20:00:00.000,190,100,90
2013-07-25T21:00:00.000,114,56,58
2013-07-25T22:00:00.000,65,30,35
2013-07-25T23:00:00.000,36,11,25
2013-07-26T00:00:00.000,25,9,16
2013-07-26T01:00:00.000,17,8,9
2013-07-26T02:00:00.000,7,2,5
2013-07-26T03:00:00.000,4,3,1
2013-07-26T04:00:00.000,4,3,1
2013-07-26T05:00:00.000,38,28,10
2013-07-26T06:00:00.000,126,88,38
2013-07-26T07:00:00.000,316,220,96
2013-07-26T08:00:00.000,454,307,147
2013-07-26T09:00:00.000,295,168,127
2013-07-26T10:00:00.000,155,99,56
2013-07-26T11:00:00.000,140,68,72
2013-07-26T12:00:00.000,112,63,49
2013-07-26T13:00:00.000,149,86,63
2013-07-26T14:00:00.000,135,58,77
2013-07-26T15:00:00.000,194,92,102
2013-07-26T16:00:00.000,349,124,225
2013-07-26T17:00:00.000,534,144,390
2013-07-26T18:00:00.000,343,152,191
2013-07-26T19:00:00.000,239,127,112
2013-07-26T20:00:00.000,120,50,70
2013-07-26T21:00:00.000,89,43,46
2013-07-26T22:00:00.000,45,22,23
2013-07-26T23:00:00.000,73,35,38
2013-07-27T00:00:00.000,30,14,16
2013-07-27T01:00:00.000,12,3,9
2013-07-27T02:00:00.000,12,6,6
2013-07-27T03:00:00.000,10,3,7
2013-07-27T04:00:00.000,7,3,4
2013-07-27T05:00:00.000,15,12,3
2013-07-27T06:00:00.000,32,15,17
2013-07-27T07:00:00.000,51,24,27
2013-07-27T08:00:00.000,102,61,41
2013-07-27T09:00:00.000,129,62,67
2013-07-27T10:00:00.000,161,87,74
2013-07-27T11:00:00.000,220,137,83
2013-07-27T12:00:00.000,187,110,77
2013-07-27T13:00:00.000,189,108,81
2013-07-27T14:00:00.000,210,100,110
2013-07-27T15:00:00.000,188,90,98
2013-07-27T16:00:00.000,186,100,86
2013-07-27T17:00:00.000,228,108,120
2013-07-27T18:00:00.000,133,59,74
2013-07-27T19:00:00.000,128,74,54
2013-07-27T20:00:00.000,119,55,64
2013-07-27T21:00:00.000,78,38,40
2013-07-27T22:00:00.000,41,13,28
2013-07-27T23:00:00.000,33,7,26
2013-07-28T00:00:00.000,33,9,24
2013-07-28T01:00:00.000,13,5,8
2013-07-28T02:00:00.000,13,2,11
2013-07-28T03:00:00.000,5,2,3
2013-07-28T04:00:00.000,1,0,1
2013-07-28T05:00:00.000,16,11,5
2013-07-28T06:00:00.000,18,8,10
2013-07-28T07:00:00.000,34,15,19
2013-07-28T08:00:00.000,63,28,35
2013-07-28T09:00:00.000,92,38,54
2013-07-28T10:00:00.000,170,116,54
2013-07-28T11:00:00.000,84,46,38
2013-07-28T12:00:00.000,132,74,58
2013-07-28T13:00:00.000,125,71,54
2013-07-28T14:00:00.000,203,108,95
2013-07-28T15:00:00.000,192,118,74
2013-07-28T16:00:00.000,174,104,70
2013-07-28T17:00:00.000,161,89,72
2013-07-28T18:00:00.000,150,101,49
2013-07-28T19:00:00.000,94,43,51
2013-07-28T20:00:00.000,65,33,32
2013-07-28T21:00:00.000,52,28,24
2013-07-28T22:00:00.000,61,23,38
2013-07-28T23:00:00.000,29,6,23
2013-07-29T00:00:00.000,14,6,8
2013-07-29T01:00:00.000,10,3,7
2013-07-29T02:00:00.000,10,4,6
2013-07-29T03:00:00.000,1,0,1
2013-07-29T04:00:00.000,9,8,1
2013-07-29T05:00:00.000,34,24,10
2013-07-29T06:00:00.000,142,93,49
2013-07-29T07:00:00.000,344,252,92
2013-07-29T08:00:00.000,489,335,154
2013-07-29T09:00:00.000,328,197,131
2013-07-29T10:00:00.000,114,72,42
2013-07-29T11:00:00.000,105,62,43
2013-07-29T12:00:00.000,90,48,42
2013-07-29T13:00:00.000,115,56,59
2013-07-29T14:00:00.000,125,52,73
2013-07-29T15:00:00.000,156,78,78
2013-07-29T16:00:00.000,299,118,181
2013-07-29T17:00:00.000,636,196,440
2013-07-29T18:00:00.000,490,178,312
2013-07-29T19:00:00.000,276,129,147
2013-07-29T20:00:00.000,138,60,78
2013-07-29T21:00:00.000,91,43,48
2013-07-29T22:00:00.000,43,21,22
2013-07-29T23:00:00.000,29,13,16
2013-07-30T00:00:00.000,20,6,14
2013-07-30T01:00:00.000,3,2,1
2013-07-30T02:00:00.000,1,1,0
2013-07-30T03:00:00.000,5,2,3
2013-07-30T04:00:00.000,11,8,3
2013-07-30T05:00:00.000,40,30,10
2013-07-30T06:00:00.000,165,102,63
2013-07-30T07:00:00.000,397,284,113
2013-07-30T08:00:00.000,548,373,175
2013-07-30T09:00:00.000,318,193,125
2013-07-30T10:00:00.000,146,73,73
2013-07-30T11:00:00.000,105,65,40
2013-07-30T12:00:00.000,96,53,43
2013-07-30T13:00:00.000,132,75,57
2013-07-30T14:00:00.000,127,55,72
2013-07-30T15:00:00.000,192,101,91
2013-07-30T16:00:00.000,332,118,214
2013-07-30T17:00:00.000,704,200,504
2013-07-30T18:00:00.000,527,176,351
2013-07-30T19:00:00.000,289,133,156
2013-07-30T20:00:00.000,174,83,91
2013-07-30T21:00:00.000,98,47,51
2013-07-30T22:00:00.000,71,33,38
2013-07-30T23:00:00.000,39,13,26
2013-07-31T00:00:00.000,18,13,5
2013-07-31T01:00:00.000,6,3,3
2013-07-31T02:00:00.000,8,3,5
2013-07-31T03:00:00.000,3,1,2
2013-07-31T04:00:00.000,6,5,1
2013-07-31T05:00:00.000,41,31,10
2013-07-31T06:00:00.000,164,113,51
2013-07-31T07:00:00.000,377,294,83
2013-07-31T08:00:00.000,480,322,158
2013-07-31T09:00:00.000,319,194,125
2013-07-31T10:00:00.000,131,66,65
2013-07-31T11:00:00.000,93,53,40
2013-07-31T12:00:00.000,98,43,55
2013-07-31T13:00:00.000,101,63,38
2013-07-31T14:00:00.000,132,61,71
2013-07-31T15:00:00.000,147,68,79
2013-07-31T16:00:00.000,291,115,176
2013-07-31T17:00:00.000,643,215,428
2013-07-31T18:00:00.000,465,158,307
2013-07-31T19:00:00.000,272,115,157
2013-07-31T20:00:00.000,137,63,74
2013-07-31T21:00:00.000,106,55,51
2013-07-31T22:00:00.000,46,22,24
2013-07-31T23:00:00.000,38,14,24
2013-08-01T00:00:00.000,18,10,8
2013-08-01T01:00:00.000,9,2,7
2013-08-01T02:00:00.000,10,4,6
2013-08-01T03:00:00.000,4,4,0
2013-08-01T04:00:00.000,5,5,0
2013-08-01T05:00:00.000,38,30,8
2013-08-01T06:00:00.000,129,80,49
2013-08-01T07:00:00.000,301,225,76
2013-08-01T08:00:00.000,464,326,138
2013-08-01T09:00:00.000,300,189,111
2013-08-01T10:00:00.000,136,88,48
2013-08-01T11:00:00.000,104,57,47
2013-08-01T12:00:00.000,97,56,41
2013-08-01T13:00:00.000,111,56,55
2013-08-01T14:00:00.000,111,55,56
2013-08-01T15:00:00.000,151,68,83
2013-08-01T16:00:00.000,245,89,156
2013-08-01T17:00:00.000,563,174,389
2013-08-01T18:00:00.000,403,163,240
2013-08-01T19:00:00.000,207,83,124
2013-08-01T20:00:00.000,135,58,77
2013-08-01T21:00:00.000,96,43,53
2013-08-01T22:00:00.000,52,21,31
2013-08-01T23:00:00.000,30,11,19
2013-08-02T00:00:00.000,11,1,10
2013-08-02T01:00:00.000,10,5,5
2013-08-02T02:00:00.000,13,5,8
2013-08-02T03:00:00.000,2,0,2
2013-08-02T04:00:00.000,10,6,4
2013-08-02T05:00:00.000,24,15,9
2013-08-02T06:00:00.000,109,78,31
2013-08-02T07:00:00.000,250,177,73
2013-08-02T08:00:00.000,352,239,113
2013-08-02T09:00:00.000,258,150,108
2013-08-02T10:00:00.000,127,75,52
2013-08-02T11:00:00.000,76,43,33
2013-08-02T12:00:00.000,57,28,29
2013-08-02T13:00:00.000,67,38,29
2013-08-02T14:00:00.000,64,22,42
2013-08-02T15:00:00.000,91,40,51
2013-08-02T16:00:00.000,187,66,121
2013-08-02T17:00:00.000,379,134,245
2013-08-02T18:00:00.000,249,102,147
2013-08-02T19:00:00.000,101,30,71
2013-08-02T20:00:00.000,54,20,34
2013-08-02T21:00:00.000,43,19,24
2013-08-02T22:00:00.000,22,8,14
2013-08-02T23:00:00.000,23,9,14
2013-08-03T00:00:00.000,20,3,17
2013-08-03T01:00:00.000,18,5,13
2013-08-03T02:00:00.000,12,2,10
2013-08-03T03:00:00.000,10,0,10
2013-08-03T04:00:00.000,2,1,1
2013-08-03T05:00:00.000,14,8,6
2013-08-03T06:00:00.000,24,13,11
2013-08-03T07:00:00.000,46,27,19
2013-08-03T08:00:00.000,76,46,30
2013-08-03T09:00:00.000,108,50,58
2013-08-03T10:00:00.000,114,62,52
2013-08-03T11:00:00.000,140,87,53
2013-08-03T12:00:00.000,176,120,56
2013-08-03T13:00:00.000,168,96,72
2013-08-03T14:00:00.000,183,102,81
2013-08-03T15:00:00.000,218,109,109
2013-08-03T16:00:00.000,196,105,91
2013-08-03T17:00:00.000,193,116,77
2013-08-03T18:00:00.000,161,94,67
2013-08-03T19:00:00.000,120,63,57
2013-08-03T20:00:00.000,85,48,37
2013-08-03T21:00:00.000,77,42,35
2013-08-03T22:00:00.000,53,19,34
2013-08-03T23:00:00.000,43,20,23
2013-08-04T00:00:00.000,25,12,13
2013-08-04T01:00:00.000,19,8,11
2013-08-04T02:00:00.000,11,2,9
2013-08-04T03:00:00.000,3,2,1
2013-08-04T04:00:00.000,11,9,2
2013-08-04T05:00:00.000,5,5,0
2013-08-04T06:00:00.000,18,10,8
2013-08-04T07:00:00.000,50,25,25
2013-08-04T08:00:00.000,73,52,21
2013-08-04T09:00:00.000,105,62,43
2013-08-04T10:00:00.000,151,64,87
2013-08-04T11:00:00.000,186,96,90
2013-08-04T12:00:00.000,177,99,78
2013-08-04T13:00:00.000,244,134,110
2013-08-04T14:00:00.000,228,117,111
2013-08-04T15:00:00.000,216,118,98
2013-08-04T16:00:00.000,198,112,86
2013-08-04T17:00:00.000,207,112,95
2013-08-04T18:00:00.000,147,88,59
2013-08-04T19:00:00.000,130,74,56
2013-08-04T20:00:00.000,118,73,45
2013-08-04T21:00:00.000,68,32,36
2013-08-04T22:00:00.000,45,24,21
2013-08-04T23:00:00.000,31,8,23
2013-08-05T00:00:00.000,22,14,8
2013-08-05T01:00:00.000,6,2,4
2013-08-05T02:00:00.000,4,0,4
2013-08-05T03:00:00.000,3,0,3
2013-08-05T04:00:00.000,7,4,3
2013-08-05T05:00:00.000,41,30,11
2013-08-05T06:00:00.000,156,108,48
2013-08-05T07:00:00.000,335,237,98
2013-08-05T08:00:00.000,522,367,155
2013-08-05T09:00:00.000,322,198,124
2013-08-05T10:00:00.000,155,98,57
2013-08-05T11:00:00.000,92,53,39
2013-08-05T12:00:00.000,102,43,59
2013-08-05T13:00:00.000,132,73,59
2013-08-05T14:00:00.000,142,62,80
2013-08-05T15:00:00.000,182,77,105
2013-08-05T16:00:00.000,340,154,186
2013-08-05T17:00:00.000,633,206,427
2013-08-05T18:00:00.000,519,167,352
2013-08-05T19:00:00.000,263,126,137
2013-08-05T20:00:00.000,165,82,83
2013-08-05T21:00:00.000,93,56,37
2013-08-05T22:00:00.000,54,19,35
2013-08-05T23:00:00.000,22,8,14
2013-08-06T00:00:00.000,16,7,9
2013-08-06T01:00:00.000,8,3,5
2013-08-06T02:00:00.000,5,3,2
2013-08-06T03:00:00.000,3,0,3
2013-08-06T04:00:00.000,9,7,2
2013-08-06T05:00:00.000,39,29,10
2013-08-06T06:00:00.000,175,120,55
2013-08-06T07:00:00.000,390,302,88
2013-08-06T08:00:00.000,602,417,185
2013-08-06T09:00:00.000,329,217,112
2013-08-06T10:00:00.000,142,89,53
2013-08-06T11:00:00.000,104,60,44
2013-08-06T12:00:00.000,109,53,56
2013-08-06T13:00:00.000,148,80,68
2013-08-06T14:00:00.000,128,54,74
2013-08-06T15:00:00.000,164,76,88
2013-08-06T16:00:00.000,343,127,216
2013-08-06T17:00:00.000,738,221,517
2013-08-06T18:00:00.000,525,199,326
2013-08-06T19:00:00.000,293,112,181
2013-08-06T20:00:00.000,148,84,64
2013-08-06T21:00:00.000,104,52,52
2013-08-06T22:00:00.000,51,21,30
2013-08-06T23:00:00.000,29,12,17
2013-08-07T00:00:00.000,22,9,13
2013-08-07T01:00:00.000,4,3,1
2013-08-07T02:00:00.000,35,33,2
2013-08-07T03:00:00.000,2,2,0
2013-08-07T04:00:00.000,14,11,3
2013-08-07T05:00:00.000,29,21,8
2013-08-07T06:00:00.000,171,112,59
2013-08-07T07:00:00.000,365,274,91
2013-08-07T08:00:00.000,539,377,162
2013-08-07T09:00:00.000,344,213,131
2013-08-07T10:00:00.000,139,74,65
2013-08-07T11:00:00.000,108,59,49
2013-08-07T12:00:00.000,118,63,55
2013-08-07T13:00:00.000,129,61,68
2013-08-07T14:00:00.000,116,65,51
2013-08-07T15:00:00.000,177,96,81
2013-08-07T16:00:00.000,324,118,206
2013-08-07T17:00:00.000,671,198,473
2013-08-07T18:00:00.000,512,177,335
2013-08-07T19:00:00.000,312,117,195
2013-08-07T20:00:00.000,199,91,108
2013-08-07T21:00:00.000,122,68,54
2013-08-07T22:00:00.000,60,28,32
2013-08-07T23:00:00.000,44,20,24
2013-08-08T00:00:00.000,17,7,10
2013-08-08T01:00:00.000,11,7,4
2013-08-08T02:00:00.000,6,3,3
2013-08-08T03:00:00.000,6,2,4
2013-08-08T04:00:00.000,4,4,0
2013-08-08T05:00:00.000,42,34,8
2013-08-08T06:00:00.000,166,119,47
2013-08-08T07:00:00.000,353,248,105
2013-08-08T08:00:00.000,488,343,145
2013-08-08T09:00:00.000,295,195,100
2013-08-08T10:00:00.000,144,80,64
2013-08-08T11:00:00.000,92,45,47
2013-08-08T12:00:00.000,122,70,52
2013-08-08T13:00:00.000,114,59,55
2013-08-08T14:00:00.000,138,75,63
2013-08-08T15:00:00.000,147,70,77
2013-08-08T16:00:00.000,329,129,200
2013-08-08T17:00:00.000,592,179,413
2013-08-08T18:00:00.000,500,166,334
2013-08-08T19:00:00.000,291,124,167
2013-08-08T20:00:00.000,183,84,99
2013-08-08T21:00:00.000,95,59,36
2013-08-08T22:00:00.000,82,38,44
2013-08-08T23:00:00.000,58,35,23
2013-08-09T00:00:00.000,16,10,6
2013-08-09T01:00:00.000,18,11,7
2013-08-09T02:00:00.000,13,10,3
2013-08-09T03:00:00.000,3,2,1
2013-08-09T04:00:00.000,5,5,0
2013-08-09T05:00:00.000,28,23,5
2013-08-09T06:00:00.000,135,96,39
2013-08-09T07:00:00.000,266,191,75
2013-08-09T08:00:00.000,441,307,134
2013-08-09T09:00:00.000,284,171,113
2013-08-09T10:00:00.000,141,77,64
2013-08-09T11:00:00.000,113,59,54
2013-08-09T12:00:00.000,141,67,74
2013-08-09T13:00:00.000,126,63,63
2013-08-09T14:00:00.000,154,67,87
2013-08-09T15:00:00.000,204,85,119
2013-08-09T16:00:00.000,316,113,203
2013-08-09T17:00:00.000,544,177,367
2013-08-09T18:00:00.000,356,149,207
2013-08-09T19:00:00.000,199,91,108
2013-08-09T20:00:00.000,136,56,80
2013-08-09T21:00:00.000,80,35,45
2013-08-09T22:00:00.000,67,31,36
2013-08-09T23:00:00.000,47,13,34
2013-08-10T00:00:00.000,36,16,20
2013-08-10T01:00:00.000,27,17,10
2013-08-10T02:00:00.000,8,4,4
2013-08-10T03:00:00.000,3,2,1
2013-08-10T04:00:00.000,4,2,2
2013-08-10T05:00:00.000,10,7,3
2013-08-10T06:00:00.000,35,16,19
2013-08-10T07:00:00.000,41,22,19
2013-08-10T08:00:00.000,75,40,35
2013-08-10T09:00:00.000,93,48,45
2013-08-10T10:00:00.000,132,77,55
2013-08-10T11:00:00.000,112,69,43
2013-08-10T12:00:00.000,127,72,55
2013-08-10T13:00:00.000,140,70,70
2013-08-10T14:00:00.000,156,84,72
2013-08-10T15:00:00.000,194,91,103
2013-08-10T16:00:00.000,169,89,80
2013-08-10T17:00:00.000,151,90,61
2013-08-10T18:00:00.000,120,57,63
2013-08-10T19:00:00.000,86,39,47
2013-08-10T20:00:00.000,65,28,37
2013-08-10T21:00:00.000,37,17,20
2013-08-10T22:00:00.000,43,13,30
2013-08-10T23:00:00.000,33,15,18
2013-08-11T00:00:00.000,27,12,15
2013-08-11T01:00:00.000,13,5,8
2013-08-11T02:00:00.000,9,3,6
2013-08-11T03:00:00.000,0,0,0
2013-08-11T04:00:00.000,4,3,1
2013-08-11T05:00:00.000,6,6,0
2013-08-11T06:00:00.000,17,9,8
2013-08-11T07:00:00.000,42,30,12
2013-08-11T08:00:00.000,71,42,29
2013-08-11T09:00:00.000,137,83,54
2013-08-11T10:00:00.000,161,71,90
2013-08-11T11:00:00.000,195,120,75
2013-08-11T12:00:00.000,213,116,97
2013-08-11T13:00:00.000,178,110,68
2013-08-11T14:00:00.000,191,98,93
2013-08-11T15:00:00.000,215,116,99
2013-08-11T16:00:00.000,216,129,87
2013-08-11T17:00:00.000,184,101,83
2013-08-11T18:00:00.000,144,87,57
2013-08-11T19:00:00.000,117,44,73
2013-08-11T20:00:00.000,74,41,33
2013-08-11T21:00:00.000,53,23,30
2013-08-11T22:00:00.000,35,18,17
2013-08-11T23:00:00.000,13,2,11
2013-08-12T00:00:00.000,12,7,5
2013-08-12T01:00:00.000,9,5,4
2013-08-12T02:00:00.000,4,2,2
2013-08-12T03:00:00.000,0,0,0
2013-08-12T04:00:00.000,13,11,2
2013-08-12T05:00:00.000,30,24,6
2013-08-12T06:00:00.000,149,102,47
2013-08-12T07:00:00.000,345,255,90
2013-08-12T08:00:00.000,488,348,140
2013-08-12T09:00:00.000,315,208,107
2013-08-12T10:00:00.000,114,64,50
2013-08-12T11:00:00.000,93,48,45
2013-08-12T12:00:00.000,114,44,70
2013-08-12T13:00:00.000,96,52,44
2013-08-12T14:00:00.000,126,65,61
2013-08-12T15:00:00.000,166,92,74
2013-08-12T16:00:00.000,322,124,198
2013-08-12T17:00:00.000,603,184,419
2013-08-12T18:00:00.000,480,174,306
2013-08-12T19:00:00.000,250,86,164
2013-08-12T20:00:00.000,134,68,66
2013-08-12T21:00:00.000,85,38,47
2013-08-12T22:00:00.000,48,23,25
2013-08-12T23:00:00.000,32,15,17
2013-08-13T00:00:00.000,16,6,10
2013-08-13T01:00:00.000,8,2,6
2013-08-13T02:00:00.000,5,2,3
2013-08-13T03:00:00.000,0,0,0
2013-08-13T04:00:00.000,8,5,3
2013-08-13T05:00:00.000,30,20,10
2013-08-13T06:00:00.000,167,125,42
2013-08-13T07:00:00.000,407,303,104
2013-08-13T08:00:00.000,514,354,160
2013-08-13T09:00:00.000,325,191,134
2013-08-13T10:00:00.000,154,86,68
2013-08-13T11:00:00.000,110,66,44
2013-08-13T12:00:00.000,112,66,46
2013-08-13T13:00:00.000,110,53,57
2013-08-13T14:00:00.000,126,61,65
2013-08-13T15:00:00.000,184,94,90
2013-08-13T16:00:00.000,337,121,216
2013-08-13T17:00:00.000,679,196,483
2013-08-13T18:00:00.000,500,161,339
2013-08-13T19:00:00.000,296,126,170
2013-08-13T20:00:00.000,191,101,90
2013-08-13T21:00:00.000,97,50,47
2013-08-13T22:00:00.000,60,25,35
2013-08-13T23:00:00.000,33,15,18
2013-08-14T00:00:00.000,13,7,6
2013-08-14T01:00:00.000,7,3,4
2013-08-14T02:00:00.000,2,2,0
2013-08-14T03:00:00.000,0,0,0
2013-08-14T04:00:00.000,4,3,1
2013-08-14T05:00:00.000,38,29,9
2013-08-14T06:00:00.000,147,100,47
2013-08-14T07:00:00.000,368,272,96
2013-08-14T08:00:00.000,545,390,155
2013-08-14T09:00:00.000,350,220,130
2013-08-14T10:00:00.000,147,74,73
2013-08-14T11:00:00.000,124,75,49
2013-08-14T12:00:00.000,116,56,60
2013-08-14T13:00:00.000,116,51,65
2013-08-14T14:00:00.000,135,72,63
2013-08-14T15:00:00.000,180,83,97
2013-08-14T16:00:00.000,282,121,161
2013-08-14T17:00:00.000,634,198,436
2013-08-14T18:00:00.000,471,157,314
2013-08-14T19:00:00.000,250,119,131
2013-08-14T20:00:00.000,133,55,78
2013-08-14T21:00:00.000,52,26,26
2013-08-14T22:00:00.000,37,16,21
2013-08-14T23:00:00.000,20,5,15
2013-08-15T00:00:00.000,19,13,6
2013-08-15T01:00:00.000,9,5,4
2013-08-15T02:00:00.000,8,3,5
2013-08-15T03:00:00.000,4,2,2
2013-08-15T04:00:00.000,4,4,0
2013-08-15T05:00:00.000,34,26,8
2013-08-15T06:00:00.000,133,88,45
2013-08-15T07:00:00.000,287,207,80
2013-08-15T08:00:00.000,452,316,136
2013-08-15T09:00:00.000,269,181,88
2013-08-15T10:00:00.000,129,75,54
2013-08-15T11:00:00.000,90,56,34
2013-08-15T12:00:00.000,73,40,33
2013-08-15T13:00:00.000,71,35,36
2013-08-15T14:00:00.000,88,40,48
2013-08-15T15:00:00.000,97,50,47
2013-08-15T16:00:00.000,215,78,137
2013-08-15T17:00:00.000,485,122,363
2013-08-15T18:00:00.000,393,143,250
2013-08-15T19:00:00.000,199,64,135
2013-08-15T20:00:00.000,134,61,73
2013-08-15T21:00:00.000,65,37,28
2013-08-15T22:00:00.000,41,23,18
2013-08-15T23:00:00.000,35,20,15
2013-08-16T00:00:00.000,21,8,13
2013-08-16T01:00:00.000,10,4,6
2013-08-16T02:00:00.000,8,1,7
2013-08-16T03:00:00.000,5,2,3
2013-08-16T04:00:00.000,5,5,0
2013-08-16T05:00:00.000,23,10,13
2013-08-16T06:00:00.000,137,85,52
2013-08-16T07:00:00.000,269,194,75
2013-08-16T08:00:00.000,421,289,132
2013-08-16T09:00:00.000,282,180,102
2013-08-16T10:00:00.000,142,70,72
2013-08-16T11:00:00.000,102,59,43
2013-08-16T12:00:00.000,120,61,59
2013-08-16T13:00:00.000,136,60,76
2013-08-16T14:00:00.000,142,82,60
2013-08-16T15:00:00.000,198,87,111
2013-08-16T16:00:00.000,310,119,191
2013-08-16T17:00:00.000,550,182,368
2013-08-16T18:00:00.000,410,168,242
2013-08-16T19:00:00.000,209,91,118
2013-08-16T20:00:00.000,143,59,84
2013-08-16T21:00:00.000,80,32,48
2013-08-16T22:00:00.000,46,18,28
2013-08-16T23:00:00.000,50,20,30
2013-08-17T00:00:00.000,28,12,16
2013-08-17T01:00:00.000,31,12,19
2013-08-17T02:00:00.000,16,9,7
2013-08-17T03:00:00.000,5,1,4
2013-08-17T04:00:00.000,8,3,5
2013-08-17T05:00:00.000,18,7,11
2013-08-17T06:00:00.000,50,21,29
2013-08-17T07:00:00.000,45,29,16
2013-08-17T08:00:00.000,89,41,48
2013-08-17T09:00:00.000,134,53,81
2013-08-17T10:00:00.000,144,92,52
2013-08-17T11:00:00.000,152,90,62
2013-08-17T12:00:00.000,165,89,76
2013-08-17T13:00:00.000,159,78,81
2013-08-17T14:00:00.000,169,87,82
2013-08-17T15:00:00.000,187,109,78
2013-08-17T16:00:00.000,197,106,91
2013-08-17T17:00:00.000,152,80,72
2013-08-17T18:00:00.000,131,64,67
2013-08-17T19:00:00.000,104,52,52
2013-08-17T20:00:00.000,103,53,50
2013-08-17T21:00:00.000,48,15,33
2013-08-17T22:00:00.000,59,26,33
2013-08-17T23:00:00.000,25,13,12
2013-08-18T00:00:00.000,21,10,11
2013-08-18T01:00:00.000,16,10,6
2013-08-18T02:00:00.000,6,1,5
2013-08-18T03:00:00.000,4,3,1
2013-08-18T04:00:00.000,6,2,4
2013-08-18T05:00:00.000,13,12,1
2013-08-18T06:00:00.000,24,13,11
2013-08-18T07:00:00.000,45,24,21
2013-08-18T08:00:00.000,65,45,20
2013-08-18T09:00:00.000,99,53,46
2013-08-18T10:00:00.000,184,103,81
2013-08-18T11:00:00.000,147,80,67
2013-08-18T12:00:00.000,217,125,92
2013-08-18T13:00:00.000,182,106,76
2013-08-18T14:00:00.000,242,131,111
2013-08-18T15:00:00.000,204,123,81
2013-08-18T16:00:00.000,211,112,99
2013-08-18T17:00:00.000,191,91,100
2013-08-18T18:00:00.000,158,98,60
2013-08-18T19:00:00.000,115,53,62
2013-08-18T20:00:00.000,58,28,30
2013-08-18T21:00:00.000,40,20,20
2013-08-18T22:00:00.000,32,15,17
2013-08-18T23:00:00.000,21,6,15
2013-08-19T00:00:00.000,23,7,16
2013-08-19T01:00:00.000,6,3,3
2013-08-19T02:00:00.000,5,2,3
2013-08-19T03:00:00.000,0,0,0
2013-08-19T04:00:00.000,6,3,3
2013-08-19T05:00:00.000,33,24,9
2013-08-19T06:00:00.000,143,101,42
2013-08-19T07:00:00.000,366,274,92
2013-08-19T08:00:00.000,494,342,152
2013-08-19T09:00:00.000,289,189,100
2013-08-19T10:00:00.000,143,89,54
2013-08-19T11:00:00.000,77,39,38
2013-08-19T12:00:00.000,98,46,52
2013-08-19T13:00:00.000,133,69,64
2013-08-19T14:00:00.000,149,72,77
2013-08-19T15:00:00.000,157,71,86
2013-08-19T16:00:00.000,290,116,174
2013-08-19T17:00:00.000,643,172,471
2013-08-19T18:00:00.000,551,171,380
2013-08-19T19:00:00.000,228,99,129
2013-08-19T20:00:00.000,121,54,67
2013-08-19T21:00:00.000,79,33,46
2013-08-19T22:00:00.000,53,24,29
2013-08-19T23:00:00.000,30,12,18
2013-08-20T00:00:00.000,13,7,6
2013-08-20T01:00:00.000,10,1,9
2013-08-20T02:00:00.000,11,4,7
2013-08-20T03:00:00.000,2,1,1
2013-08-20T04:00:00.000,9,7,2
2013-08-20T05:00:00.000,28,23,5
2013-08-20T06:00:00.000,151,105,46
2013-08-20T07:00:00.000,382,262,120
2013-08-20T08:00:00.000,565,398,167
2013-08-20T09:00:00.000,290,175,115
2013-08-20T10:00:00.000,154,75,79
2013-08-20T11:00:00.000,95,57,38
2013-08-20T12:00:00.000,113,61,52
2013-08-20T13:00:00.000,131,68,63
2013-08-20T14:00:00.000,108,50,58
2013-08-20T15:00:00.000,154,72,82
2013-08-20T16:00:00.000,303,113,190
2013-08-20T17:00:00.000,642,180,462
2013-08-20T18:00:00.000,613,226,387
2013-08-20T19:00:00.000,301,132,169
2013-08-20T20:00:00.000,192,94,98
2013-08-20T21:00:00.000,143,41,102
2013-08-20T22:00:00.000,70,29,41
2013-08-20T23:00:00.000,44,14,30
2013-08-21T00:00:00.000,23,12,11
2013-08-21T01:00:00.000,5,4,1
2013-08-21T02:00:00.000,14,9,5
2013-08-21T03:00:00.000,4,3,1
2013-08-21T04:00:00.000,5,3,2
2013-08-21T05:00:00.000,37,32,5
2013-08-21T06:00:00.000,152,105,47
2013-08-21T07:00:00.000,368,259,109
2013-08-21T08:00:00.000,531,380,151
2013-08-21T09:00:00.000,311,209,102
2013-08-21T10:00:00.000,152,79,73
2013-08-21T11:00:00.000,106,60,46
2013-08-21T12:00:00.000,123,73,50
2013-08-21T13:00:00.000,143,64,79
2013-08-21T14:00:00.000,134,57,77
2013-08-21T15:00:00.000,171,67,104
2013-08-21T16:00:00.000,326,128,198
2013-08-21T17:00:00.000,605,175,430
2013-08-21T18:00:00.000,557,190,367
2013-08-21T19:00:00.000,268,107,161
2013-08-21T20:00:00.000,156,72,84
2013-08-21T21:00:00.000,114,42,72
2013-08-21T22:00:00.000,48,20,28
2013-08-21T23:00:00.000,39,19,20
2013-08-22T00:00:00.000,24,8,16
2013-08-22T01:00:00.000,10,8,2
2013-08-22T02:00:00.000,7,3,4
2013-08-22T03:00:00.000,3,2,1
2013-08-22T04:00:00.000,10,6,4
2013-08-22T05:00:00.000,33,20,13
2013-08-22T06:00:00.000,134,99,35
2013-08-22T07:00:00.000,354,254,100
2013-08-22T08:00:00.000,471,328,143
2013-08-22T09:00:00.000,309,207,102
2013-08-22T10:00:00.000,155,103,52
2013-08-22T11:00:00.000,128,79,49
2013-08-22T12:00:00.000,110,70,40
2013-08-22T13:00:00.000,133,71,62
2013-08-22T14:00:00.000,126,67,59
2013-08-22T15:00:00.000,149,57,92
2013-08-22T16:00:00.000,316,111,205
2013-08-22T17:00:00.000,611,182,429
2013-08-22T18:00:00.000,482,173,309
2013-08-22T19:00:00.000,257,99,158
2013-08-22T20:00:00.000,154,72,82
2013-08-22T21:00:00.000,94,54,40
2013-08-22T22:00:00.000,50,34,16
2013-08-22T23:00:00.000,50,21,29
2013-08-23T00:00:00.000,21,14,7
2013-08-23T01:00:00.000,13,4,9
2013-08-23T02:00:00.000,5,0,5
2013-08-23T03:00:00.000,5,4,1
2013-08-23T04:00:00.000,7,7,0
2013-08-23T05:00:00.000,24,13,11
2013-08-23T06:00:00.000,124,78,46
2013-08-23T07:00:00.000,257,192,65
2013-08-23T08:00:00.000,399,279,120
2013-08-23T09:00:00.000,259,169,90
2013-08-23T10:00:00.000,153,79,74
2013-08-23T11:00:00.000,124,72,52
2013-08-23T12:00:00.000,98,50,48
2013-08-23T13:00:00.000,122,66,56
2013-08-23T14:00:00.000,130,62,68
2013-08-23T15:00:00.000,182,77,105
2013-08-23T16:00:00.000,270,94,176
2013-08-23T17:00:00.000,484,153,331
2013-08-23T18:00:00.000,331,124,207
2013-08-23T19:00:00.000,180,85,95
2013-08-23T20:00:00.000,99,39,60
2013-08-23T21:00:00.000,68,26,42
2013-08-23T22:00:00.000,46,18,28
2013-08-23T23:00:00.000,45,20,25
2013-08-24T00:00:00.000,34,16,18
2013-08-24T01:00:00.000,22,6,16
2013-08-24T02:00:00.000,16,8,8
2013-08-24T03:00:00.000,7,5,2
2013-08-24T04:00:00.000,8,7,1
2013-08-24T05:00:00.000,8,7,1
2013-08-24T06:00:00.000,31,10,21
2013-08-24T07:00:00.000,60,32,28
2013-08-24T08:00:00.000,79,47,32
2013-08-24T09:00:00.000,125,67,58
2013-08-24T10:00:00.000,121,69,52
2013-08-24T11:00:00.000,125,70,55
2013-08-24T12:00:00.000,115,63,52
2013-08-24T13:00:00.000,190,98,92
2013-08-24T14:00:00.000,176,91,85
2013-08-24T15:00:00.000,176,93,83
2013-08-24T16:00:00.000,192,97,95
2013-08-24T17:00:00.000,149,69,80
2013-08-24T18:00:00.000,130,80,50
2013-08-24T19:00:00.000,81,43,38
2013-08-24T20:00:00.000,75,46,29
2013-08-24T21:00:00.000,36,17,19
2013-08-24T22:00:00.000,41,9,32
2013-08-24T23:00:00.000,33,11,22
2013-08-25T00:00:00.000,26,10,16
2013-08-25T01:00:00.000,13,4,9
2013-08-25T02:00:00.000,8,4,4
2013-08-25T03:00:00.000,8,4,4
2013-08-25T04:00:00.000,7,4,3
2013-08-25T05:00:00.000,11,8,3
2013-08-25T06:00:00.000,14,6,8
2013-08-25T07:00:00.000,20,9,11
2013-08-25T08:00:00.000,52,28,24
2013-08-25T09:00:00.000,98,59,39
2013-08-25T10:00:00.000,173,92,81
2013-08-25T11:00:00.000,164,78,86
2013-08-25T12:00:00.000,219,101,118
2013-08-25T13:00:00.000,222,132,90
2013-08-25T14:00:00.000,225,135,90
2013-08-25T15:00:00.000,195,119,76
2013-08-25T16:00:00.000,195,106,89
2013-08-25T17:00:00.000,119,75,44
2013-08-25T18:00:00.000,99,49,50
2013-08-25T19:00:00.000,47,24,23
2013-08-25T20:00:00.000,52,27,25
2013-08-25T21:00:00.000,31,8,23
2013-08-25T22:00:00.000,45,7,38
2013-08-25T23:00:00.000,16,2,14
2013-08-26T00:00:00.000,19,10,9
2013-08-26T01:00:00.000,7,3,4
2013-08-26T02:00:00.000,5,2,3
2013-08-26T03:00:00.000,3,0,3
2013-08-26T04:00:00.000,8,6,2
2013-08-26T05:00:00.000,34,24,10
2013-08-26T06:00:00.000,145,101,44
2013-08-26T07:00:00.000,293,212,81
2013-08-26T08:00:00.000,408,283,125
2013-08-26T09:00:00.000,267,165,102
2013-08-26T10:00:00.000,122,81,41
2013-08-26T11:00:00.000,82,40,42
2013-08-26T12:00:00.000,72,31,41
2013-08-26T13:00:00.000,96,54,42
2013-08-26T14:00:00.000,120,59,61
2013-08-26T15:00:00.000,152,73,79
2013-08-26T16:00:00.000,256,108,148
2013-08-26T17:00:00.000,482,150,332
2013-08-26T18:00:00.000,336,93,243
2013-08-26T19:00:00.000,144,60,84
2013-08-26T20:00:00.000,80,28,52
2013-08-26T21:00:00.000,56,27,29
2013-08-26T22:00:00.000,33,16,17
2013-08-26T23:00:00.000,20,7,13
2013-08-27T00:00:00.000,15,8,7
2013-08-27T01:00:00.000,9,8,1
2013-08-27T02:00:00.000,4,3,1
2013-08-27T03:00:00.000,3,0,3
2013-08-27T04:00:00.000,7,6,1
2013-08-27T05:00:00.000,29,23,6
2013-08-27T06:00:00.000,134,87,47
2013-08-27T07:00:00.000,335,237,98
2013-08-27T08:00:00.000,506,350,156
2013-08-27T09:00:00.000,304,195,109
2013-08-27T10:00:00.000,117,68,49
2013-08-27T11:00:00.000,97,45,52
2013-08-27T12:00:00.000,111,62,49
2013-08-27T13:00:00.000,121,71,50
2013-08-27T14:00:00.000,113,65,48
2013-08-27T15:00:00.000,155,82,73
2013-08-27T16:00:00.000,292,125,167
2013-08-27T17:00:00.000,565,158,407
2013-08-27T18:00:00.000,505,168,337
2013-08-27T19:00:00.000,220,78,142
2013-08-27T20:00:00.000,115,52,63
2013-08-27T21:00:00.000,67,34,33
2013-08-27T22:00:00.000,43,25,18
2013-08-27T23:00:00.000,25,13,12
2013-08-28T00:00:00.000,15,7,8
2013-08-28T01:00:00.000,6,4,2
2013-08-28T02:00:00.000,8,3,5
2013-08-28T03:00:00.000,4,3,1
2013-08-28T04:00:00.000,5,4,1
2013-08-28T05:00:00.000,24,15,9
2013-08-28T06:00:00.000,93,62,31
2013-08-28T07:00:00.000,271,201,70
2013-08-28T08:00:00.000,396,265,131
2013-08-28T09:00:00.000,261,173,88
2013-08-28T10:00:00.000,122,65,57
2013-08-28T11:00:00.000,98,49,49
2013-08-28T12:00:00.000,134,78,56
2013-08-28T13:00:00.000,103,54,49
2013-08-28T14:00:00.000,114,54,60
2013-08-28T15:00:00.000,138,66,72
2013-08-28T16:00:00.000,232,94,138
2013-08-28T17:00:00.000,494,169,325
2013-08-28T18:00:00.000,427,144,283
2013-08-28T19:00:00.000,241,98,143
2013-08-28T20:00:00.000,133,55,78
2013-08-28T21:00:00.000,87,53,34
2013-08-28T22:00:00.000,42,20,22
2013-08-28T23:00:00.000,36,15,21
2013-08-29T00:00:00.000,20,12,8
2013-08-29T01:00:00.000,16,8,8
2013-08-29T02:00:00.000,10,7,3
2013-08-29T03:00:00.000,3,1,2
2013-08-29T04:00:00.000,6,3,3
2013-08-29T05:00:00.000,23,16,7
2013-08-29T06:00:00.000,88,61,27
2013-08-29T07:00:00.000,241,183,58
2013-08-29T08:00:00.000,358,250,108
2013-08-29T09:00:00.000,190,119,71
2013-08-29T10:00:00.000,87,55,32
2013-08-29T11:00:00.000,47,21,26
2013-08-29T12:00:00.000,43,28,15
2013-08-29T13:00:00.000,53,26,27
2013-08-29T14:00:00.000,59,34,25
2013-08-29T15:00:00.000,93,48,45
2013-08-29T16:00:00.000,164,63,101
2013-08-29T17:00:00.000,347,101,246
2013-08-29T18:00:00.000,251,91,160
2013-08-29T19:00:00.000,117,39,78
2013-08-29T20:00:00.000,70,27,43
2013-08-29T21:00:00.000,40,14,26
2013-08-29T22:00:00.000,20,8,12
2013-08-29T23:00:00.000,29,15,14
2013-08-30T00:00:00.000,6,1,5
2013-08-30T01:00:00.000,7,2,5
2013-08-30T02:00:00.000,2,1,1
2013-08-30T03:00:00.000,3,0,3
2013-08-30T04:00:00.000,4,4,0
2013-08-30T05:00:00.000,22,13,9
2013-08-30T06:00:00.000,106,73,33
2013-08-30T07:00:00.000,265,196,69
2013-08-30T08:00:00.000,362,253,109
2013-08-30T09:00:00.000,242,144,98
2013-08-30T10:00:00.000,134,79,55
2013-08-30T11:00:00.000,116,72,44
2013-08-30T12:00:00.000,121,65,56
2013-08-30T13:00:00.000,132,71,61
2013-08-30T14:00:00.000,129,61,68
2013-08-30T15:00:00.000,202,80,122
2013-08-30T16:00:00.000,342,134,208
2013-08-30T17:00:00.000,436,153,283
2013-08-30T18:00:00.000,321,130,191
2013-08-30T19:00:00.000,185,73,112
2013-08-30T20:00:00.000,102,51,51
2013-08-30T21:00:00.000,70,29,41
2013-08-30T22:00:00.000,43,20,23
2013-08-30T23:00:00.000,24,9,15
2013-08-31T00:00:00.000,24,9,15
2013-08-31T01:00:00.000,11,6,5
2013-08-31T02:00:00.000,16,5,11
2013-08-31T03:00:00.000,10,5,5
2013-08-31T04:00:00.000,4,3,1
2013-08-31T05:00:00.000,8,7,1
2013-08-31T06:00:00.000,32,19,13
2013-08-31T07:00:00.000,56,31,25
2013-08-31T08:00:00.000,83,53,30
2013-08-31T09:00:00.000,128,71,57
2013-08-31T10:00:00.000,178,101,77
2013-08-31T11:00:00.000,173,103,70
2013-08-31T12:00:00.000,179,100,79
2013-08-31T13:00:00.000,195,97,98
2013-08-31T14:00:00.000,188,105,83
2013-08-31T15:00:00.000,182,96,86
2013-08-31T16:00:00.000,189,87,102
2013-08-31T17:00:00.000,157,82,75
2013-08-31T18:00:00.000,133,70,63
2013-08-31T19:00:00.000,101,56,45
2013-08-31T20:00:00.000,70,37,33
2013-08-31T21:00:00.000,67,22,45
2013-08-31T22:00:00.000,59,28,31
2013-08-31T23:00:00.000,49,11,38
2013-09-01T00:00:00.000,41,16,25
2013-09-01T01:00:00.000,14,10,4
2013-09-01T02:00:00.000,18,12,6
2013-09-01T03:00:00.000,9,4,5
2013-09-01T04:00:00.000,3,3,0
2013-09-01T05:00:00.000,9,6,3
2013-09-01T06:00:00.000,19,11,8
2013-09-01T07:00:00.000,37,24,13
2013-09-01T08:00:00.000,74,44,30
2013-09-01T09:00:00.000,62,34,28
2013-09-01T10:00:00.000,128,65,63
2013-09-01T11:00:00.000,174,103,71
2013-09-01T12:00:00.000,188,100,88
2013-09-01T13:00:00.000,218,134,84
2013-09-01T14:00:00.000,230,132,98
2013-09-01T15:00:00.000,229,144,85
2013-09-01T16:00:00.000,187,106,81
2013-09-01T17:00:00.000,152,75,77
2013-09-01T18:00:00.000,130,74,56
2013-09-01T19:00:00.000,137,67,70
2013-09-01T20:00:00.000,58,29,29
2013-09-01T21:00:00.000,55,25,30
2013-09-01T22:00:00.000,49,9,40
2013-09-01T23:00:00.000,67,36,31
2013-09-02T00:00:00.000,38,15,23
2013-09-02T01:00:00.000,18,5,13
2013-09-02T02:00:00.000,7,5,2
2013-09-02T03:00:00.000,4,2,2
2013-09-02T04:00:00.000,7,4,3
2013-09-02T05:00:00.000,5,4,1
2013-09-02T06:00:00.000,15,9,6
2013-09-02T07:00:00.000,55,35,20
2013-09-02T08:00:00.000,69,48,21
2013-09-02T09:00:00.000,116,63,53
2013-09-02T10:00:00.000,152,95,57
2013-09-02T11:00:00.000,157,81,76
2013-09-02T12:00:00.000,198,101,97
2013-09-02T13:00:00.000,198,124,74
2013-09-02T14:00:00.000,226,134,92
2013-09-02T15:00:00.000,193,107,86
2013-09-02T16:00:00.000,203,113,90
2013-09-02T17:00:00.000,177,89,88
2013-09-02T18:00:00.000,145,74,71
2013-09-02T19:00:00.000,127,71,56
2013-09-02T20:00:00.000,76,42,34
2013-09-02T21:00:00.000,44,20,24
2013-09-02T22:00:00.000,47,15,32
2013-09-02T23:00:00.000,48,22,26
2013-09-03T00:00:00.000,19,11,8
2013-09-03T01:00:00.000,7,3,4
2013-09-03T02:00:00.000,6,2,4
2013-09-03T03:00:00.000,1,1,0
2013-09-03T04:00:00.000,8,4,4
2013-09-03T05:00:00.000,25,21,4
2013-09-03T06:00:00.000,86,56,30
2013-09-03T07:00:00.000,212,164,48
2013-09-03T08:00:00.000,390,263,127
2013-09-03T09:00:00.000,220,142,78
2013-09-03T10:00:00.000,85,45,40
2013-09-03T11:00:00.000,74,35,39
2013-09-03T12:00:00.000,80,42,38
2013-09-03T13:00:00.000,68,31,37
2013-09-03T14:00:00.000,58,31,27
2013-09-03T15:00:00.000,92,41,51
2013-09-03T16:00:00.000,183,81,102
2013-09-03T17:00:00.000,451,139,312
2013-09-03T18:00:00.000,385,143,242
2013-09-03T19:00:00.000,223,90,133
2013-09-03T20:00:00.000,121,60,61
2013-09-03T21:00:00.000,56,29,27
2013-09-03T22:00:00.000,56,30,26
2013-09-03T23:00:00.000,25,11,14
2013-09-04T00:00:00.000,20,7,13
2013-09-04T01:00:00.000,11,5,6
2013-09-04T02:00:00.000,5,3,2
2013-09-04T03:00:00.000,3,3,0
2013-09-04T04:00:00.000,8,7,1
2013-09-04T05:00:00.000,29,22,7
2013-09-04T06:00:00.000,134,91,43
2013-09-04T07:00:00.000,331,254,77
2013-09-04T08:00:00.000,493,341,152
2013-09-04T09:00:00.000,316,200,116
2013-09-04T10:00:00.000,150,87,63
2013-09-04T11:00:00.000,86,45,41
2013-09-04T12:00:00.000,91,43,48
2013-09-04T13:00:00.000,91,45,46
2013-09-04T14:00:00.000,118,64,54
2013-09-04T15:00:00.000,125,63,62
2013-09-04T16:00:00.000,256,92,164
2013-09-04T17:00:00.000,577,175,402
2013-09-04T18:00:00.000,476,154,322
2013-09-04T19:00:00.000,237,94,143
2013-09-04T20:00:00.000,109,41,68
2013-09-04T21:00:00.000,83,28,55
2013-09-04T22:00:00.000,46,18,28
2013-09-04T23:00:00.000,35,11,24
2013-09-05T00:00:00.000,13,9,4
2013-09-05T01:00:00.000,12,4,8
2013-09-05T02:00:00.000,9,6,3
2013-09-05T03:00:00.000,6,5,1
2013-09-05T04:00:00.000,7,6,1
2013-09-05T05:00:00.000,23,14,9
2013-09-05T06:00:00.000,120,87,33
2013-09-05T07:00:00.000,192,140,52
2013-09-05T08:00:00.000,231,162,69
2013-09-05T09:00:00.000,130,79,51
2013-09-05T10:00:00.000,73,41,32
2013-09-05T11:00:00.000,45,23,22
2013-09-05T12:00:00.000,55,22,33
2013-09-05T13:00:00.000,62,32,30
2013-09-05T14:00:00.000,84,50,34
2013-09-05T15:00:00.000,105,61,44
2013-09-05T16:00:00.000,160,66,94
2013-09-05T17:00:00.000,353,113,240
2013-09-05T18:00:00.000,229,99,130
2013-09-05T19:00:00.000,171,79,92
2013-09-05T20:00:00.000,62,31,31
2013-09-05T21:00:00.000,48,24,24
2013-09-05T22:00:00.000,34,10,24
2013-09-05T23:00:00.000,24,15,9
2013-09-06T00:00:00.000,12,5,7
2013-09-06T01:00:00.000,4,3,1
2013-09-06T02:00:00.000,6,5,1
2013-09-06T03:00:00.000,2,2,0
2013-09-06T04:00:00.000,8,5,3
2013-09-06T05:00:00.000,26,20,6
2013-09-06T06:00:00.000,86,59,27
2013-09-06T07:00:00.000,175,128,47
2013-09-06T08:00:00.000,263,193,70
2013-09-06T09:00:00.000,167,109,58
2013-09-06T10:00:00.000,72,43,29
2013-09-06T11:00:00.000,37,22,15
2013-09-06T12:00:00.000,50,24,26
2013-09-06T13:00:00.000,65,34,31
2013-09-06T14:00:00.000,50,22,28
2013-09-06T15:00:00.000,105,50,55
2013-09-06T16:00:00.000,181,76,105
2013-09-06T17:00:00.000,338,123,215
2013-09-06T18:00:00.000,272,105,167
2013-09-06T19:00:00.000,131,54,77
2013-09-06T20:00:00.000,73,32,41
2013-09-06T21:00:00.000,45,15,30
2013-09-06T22:00:00.000,29,5,24
2013-09-06T23:00:00.000,26,11,15
2013-09-07T00:00:00.000,23,12,11
2013-09-07T01:00:00.000,20,10,10
2013-09-07T02:00:00.000,6,2,4
2013-09-07T03:00:00.000,5,3,2
2013-09-07T04:00:00.000,7,4,3
2013-09-07T05:00:00.000,13,10,3
2013-09-07T06:00:00.000,25,15,10
2013-09-07T07:00:00.000,38,24,14
2013-09-07T08:00:00.000,62,34,28
2013-09-07T09:00:00.000,111,63,48
2013-09-07T10:00:00.000,99,60,39
2013-09-07T11:00:00.000,117,71,46
2013-09-07T12:00:00.000,100,57,43
2013-09-07T13:00:00.000,139,68,71
2013-09-07T14:00:00.000,162,94,68
2013-09-07T15:00:00.000,161,88,73
2013-09-07T16:00:00.000,165,85,80
2013-09-07T17:00:00.000,173,98,75
2013-09-07T18:00:00.000,161,96,65
2013-09-07T19:00:00.000,86,48,38
2013-09-07T20:00:00.000,69,33,36
2013-09-07T21:00:00.000,53,19,34
2013-09-07T22:00:00.000,50,8,42
2013-09-07T23:00:00.000,35,11,24
2013-09-08T00:00:00.000,32,12,20
2013-09-08T01:00:00.000,18,5,13
2013-09-08T02:00:00.000,8,4,4
2013-09-08T03:00:00.000,7,6,1
2013-09-08T04:00:00.000,6,5,1
2013-09-08T05:00:00.000,12,7,5
2013-09-08T06:00:00.000,19,14,5
2013-09-08T07:00:00.000,41,27,14
2013-09-08T08:00:00.000,61,27,34
2013-09-08T09:00:00.000,117,47,70
2013-09-08T10:00:00.000,153,89,64
2013-09-08T11:00:00.000,155,81,74
2013-09-08T12:00:00.000,154,85,69
2013-09-08T13:00:00.000,236,149,87
2013-09-08T14:00:00.000,216,114,102
2013-09-08T15:00:00.000,275,186,89
2013-09-08T16:00:00.000,208,90,118
2013-09-08T17:00:00.000,207,107,100
2013-09-08T18:00:00.000,156,94,62
2013-09-08T19:00:00.000,110,68,42
2013-09-08T20:00:00.000,64,40,24
2013-09-08T21:00:00.000,32,15,17
2013-09-08T22:00:00.000,25,8,17
2013-09-08T23:00:00.000,19,8,11
2013-09-09T00:00:00.000,14,7,7
2013-09-09T01:00:00.000,8,1,7
2013-09-09T02:00:00.000,3,2,1
2013-09-09T03:00:00.000,2,1,1
2013-09-09T04:00:00.000,5,4,1
2013-09-09T05:00:00.000,35,26,9
2013-09-09T06:00:00.000,139,95,44
2013-09-09T07:00:00.000,344,257,87
2013-09-09T08:00:00.000,483,343,140
2013-09-09T09:00:00.000,311,184,127
2013-09-09T10:00:00.000,114,65,49
2013-09-09T11:00:00.000,78,45,33
2013-09-09T12:00:00.000,84,42,42
2013-09-09T13:00:00.000,112,56,56
2013-09-09T14:00:00.000,121,55,66
2013-09-09T15:00:00.000,157,76,81
2013-09-09T16:00:00.000,299,125,174
2013-09-09T17:00:00.000,606,169,437
2013-09-09T18:00:00.000,489,151,338
2013-09-09T19:00:00.000,239,89,150
2013-09-09T20:00:00.000,122,52,70
2013-09-09T21:00:00.000,56,27,29
2013-09-09T22:00:00.000,51,25,26
2013-09-09T23:00:00.000,21,10,11
2013-09-10T00:00:00.000,35,14,21
2013-09-10T01:00:00.000,4,3,1
2013-09-10T02:00:00.000,8,4,4
2013-09-10T03:00:00.000,5,5,0
2013-09-10T04:00:00.000,8,6,2
2013-09-10T05:00:00.000,30,25,5
2013-09-10T06:00:00.000,129,93,36
2013-09-10T07:00:00.000,398,299,99
2013-09-10T08:00:00.000,551,380,171
2013-09-10T09:00:00.000,294,193,101
2013-09-10T10:00:00.000,140,69,71
2013-09-10T11:00:00.000,93,58,35
2013-09-10T12:00:00.000,110,59,51
2013-09-10T13:00:00.000,102,49,53
2013-09-10T14:00:00.000,127,59,68
2013-09-10T15:00:00.000,164,79,85
2013-09-10T16:00:00.000,287,104,183
2013-09-10T17:00:00.000,685,206,479
2013-09-10T18:00:00.000,548,188,360
2013-09-10T19:00:00.000,264,103,161
2013-09-10T20:00:00.000,111,48,63
2013-09-10T21:00:00.000,65,29,36
2013-09-10T22:00:00.000,44,19,25
2013-09-10T23:00:00.000,43,20,23
2013-09-11T00:00:00.000,20,10,10
2013-09-11T01:00:00.000,3,0,3
2013-09-11T02:00:00.000,8,5,3
2013-09-11T03:00:00.000,5,4,1
2013-09-11T04:00:00.000,8,5,3
2013-09-11T05:00:00.000,42,33,9
2013-09-11T06:00:00.000,136,96,40
2013-09-11T07:00:00.000,397,279,118
2013-09-11T08:00:00.000,562,405,157
2013-09-11T09:00:00.000,358,206,152
2013-09-11T10:00:00.000,128,76,52
2013-09-11T11:00:00.000,110,64,46
2013-09-11T12:00:00.000,117,56,61
2013-09-11T13:00:00.000,138,72,66
2013-09-11T14:00:00.000,147,73,74
2013-09-11T15:00:00.000,160,80,80
2013-09-11T16:00:00.000,304,121,183
2013-09-11T17:00:00.000,645,185,460
2013-09-11T18:00:00.000,511,199,312
2013-09-11T19:00:00.000,286,122,164
2013-09-11T20:00:00.000,138,67,71
2013-09-11T21:00:00.000,85,39,46
2013-09-11T22:00:00.000,75,38,37
2013-09-11T23:00:00.000,28,15,13
2013-09-12T00:00:00.000,16,5,11
2013-09-12T01:00:00.000,10,8,2
2013-09-12T02:00:00.000,6,4,2
2013-09-12T03:00:00.000,1,0,1
2013-09-12T04:00:00.000,3,2,1
2013-09-12T05:00:00.000,33,23,10
2013-09-12T06:00:00.000,144,99,45
2013-09-12T07:00:00.000,367,272,95
2013-09-12T08:00:00.000,502,346,156
2013-09-12T09:00:00.000,327,217,110
2013-09-12T10:00:00.000,118,61,57
2013-09-12T11:00:00.000,96,62,34
2013-09-12T12:00:00.000,100,56,44
2013-09-12T13:00:00.000,112,60,52
2013-09-12T14:00:00.000,109,61,48
2013-09-12T15:00:00.000,152,74,78
2013-09-12T16:00:00.000,287,123,164
2013-09-12T17:00:00.000,618,189,429
2013-09-12T18:00:00.000,499,174,325
2013-09-12T19:00:00.000,260,101,159
2013-09-12T20:00:00.000,118,56,62
2013-09-12T21:00:00.000,87,47,40
2013-09-12T22:00:00.000,43,15,28
2013-09-12T23:00:00.000,37,15,22
2013-09-13T00:00:00.000,18,11,7
2013-09-13T01:00:00.000,5,4,1
2013-09-13T02:00:00.000,10,6,4
2013-09-13T03:00:00.000,2,1,1
2013-09-13T04:00:00.000,4,1,3
2013-09-13T05:00:00.000,36,30,6
2013-09-13T06:00:00.000,106,70,36
2013-09-13T07:00:00.000,288,202,86
2013-09-13T08:00:00.000,388,268,120
2013-09-13T09:00:00.000,272,174,98
2013-09-13T10:00:00.000,128,74,54
2013-09-13T11:00:00.000,85,48,37
2013-09-13T12:00:00.000,82,37,45
2013-09-13T13:00:00.000,106,54,52
2013-09-13T14:00:00.000,106,55,51
2013-09-13T15:00:00.000,160,58,102
2013-09-13T16:00:00.000,279,95,184
2013-09-13T17:00:00.000,469,166,303
2013-09-13T18:00:00.000,341,120,221
2013-09-13T19:00:00.000,147,56,91
2013-09-13T20:00:00.000,76,23,53
2013-09-13T21:00:00.000,41,19,22
2013-09-13T22:00:00.000,52,16,36
2013-09-13T23:00:00.000,31,15,16
2013-09-14T00:00:00.000,18,7,11
2013-09-14T01:00:00.000,8,2,6
2013-09-14T02:00:00.000,9,2,7
2013-09-14T03:00:00.000,8,4,4
2013-09-14T04:00:00.000,8,5,3
2013-09-14T05:00:00.000,10,7,3
2013-09-14T06:00:00.000,18,12,6
2013-09-14T07:00:00.000,33,10,23
2013-09-14T08:00:00.000,88,50,38
2013-09-14T09:00:00.000,132,72,60
2013-09-14T10:00:00.000,81,46,35
2013-09-14T11:00:00.000,132,86,46
2013-09-14T12:00:00.000,136,72,64
2013-09-14T13:00:00.000,143,73,70
2013-09-14T14:00:00.000,170,88,82
2013-09-14T15:00:00.000,125,61,64
2013-09-14T16:00:00.000,135,75,60
2013-09-14T17:00:00.000,158,88,70
2013-09-14T18:00:00.000,148,81,67
2013-09-14T19:00:00.000,96,56,40
2013-09-14T20:00:00.000,69,35,34
2013-09-14T21:00:00.000,53,30,23
2013-09-14T22:00:00.000,30,15,15
2013-09-14T23:00:00.000,24,5,19
2013-09-15T00:00:00.000,20,12,8
2013-09-15T01:00:00.000,11,7,4
2013-09-15T02:00:00.000,11,6,5
2013-09-15T03:00:00.000,5,4,1
2013-09-15T04:00:00.000,5,4,1
2013-09-15T05:00:00.000,9,7,2
2013-09-15T06:00:00.000,18,11,7
2013-09-15T07:00:00.000,42,17,25
2013-09-15T08:00:00.000,59,32,27
2013-09-15T09:00:00.000,70,33,37
2013-09-15T10:00:00.000,72,46,26
2013-09-15T11:00:00.000,77,40,37
2013-09-15T12:00:00.000,74,48,26
2013-09-15T13:00:00.000,96,60,36
2013-09-15T14:00:00.000,100,54,46
2013-09-15T15:00:00.000,101,61,40
2013-09-15T16:00:00.000,75,39,36
2013-09-15T17:00:00.000,51,25,26
2013-09-15T18:00:00.000,34,16,18
2013-09-15T19:00:00.000,27,14,13
2013-09-15T20:00:00.000,20,7,13
2013-09-15T21:00:00.000,11,5,6
2013-09-15T22:00:00.000,21,2,19
2013-09-15T23:00:00.000,15,11,4
2013-09-16T00:00:00.000,10,6,4
2013-09-16T01:00:00.000,4,0,4
2013-09-16T02:00:00.000,4,3,1
2013-09-16T03:00:00.000,2,0,2
2013-09-16T04:00:00.000,5,3,2
2013-09-16T05:00:00.000,30,26,4
2013-09-16T06:00:00.000,100,66,34
2013-09-16T07:00:00.000,275,192,83
2013-09-16T08:00:00.000,424,291,133
2013-09-16T09:00:00.000,270,189,81
2013-09-16T10:00:00.000,102,62,40
2013-09-16T11:00:00.000,74,43,31
2013-09-16T12:00:00.000,73,32,41
2013-09-16T13:00:00.000,75,45,30
2013-09-16T14:00:00.000,70,31,39
2013-09-16T15:00:00.000,124,53,71
2013-09-16T16:00:00.000,213,91,122
2013-09-16T17:00:00.000,492,121,371
2013-09-16T18:00:00.000,400,122,278
2013-09-16T19:00:00.000,168,66,102
2013-09-16T20:00:00.000,60,28,32
2013-09-16T21:00:00.000,46,24,22
2013-09-16T22:00:00.000,28,14,14
2013-09-16T23:00:00.000,16,3,13
2013-09-17T00:00:00.000,10,5,5
2013-09-17T01:00:00.000,4,2,2
2013-09-17T02:00:00.000,4,4,0
2013-09-17T03:00:00.000,2,2,0
2013-09-17T04:00:00.000,7,5,2
2013-09-17T05:00:00.000,37,29,8
2013-09-17T06:00:00.000,111,79,32
2013-09-17T07:00:00.000,326,230,96
2013-09-17T08:00:00.000,465,321,144
2013-09-17T09:00:00.000,275,157,118
2013-09-17T10:00:00.000,115,65,50
2013-09-17T11:00:00.000,85,52,33
2013-09-17T12:00:00.000,80,45,35
2013-09-17T13:00:00.000,101,48,53
2013-09-17T14:00:00.000,91,42,49
2013-09-17T15:00:00.000,120,54,66
2013-09-17T16:00:00.000,214,77,137
2013-09-17T17:00:00.000,471,146,325
2013-09-17T18:00:00.000,381,134,247
2013-09-17T19:00:00.000,180,69,111
2013-09-17T20:00:00.000,93,47,46
2013-09-17T21:00:00.000,48,19,29
2013-09-17T22:00:00.000,29,15,14
2013-09-17T23:00:00.000,35,12,23
2013-09-18T00:00:00.000,10,4,6
2013-09-18T01:00:00.000,4,2,2
2013-09-18T02:00:00.000,8,5,3
2013-09-18T03:00:00.000,1,1,0
2013-09-18T04:00:00.000,6,3,3
2013-09-18T05:00:00.000,40,32,8
2013-09-18T06:00:00.000,111,81,30
2013-09-18T07:00:00.000,308,221,87
2013-09-18T08:00:00.000,513,362,151
2013-09-18T09:00:00.000,290,188,102
2013-09-18T10:00:00.000,132,80,52
2013-09-18T11:00:00.000,101,58,43
2013-09-18T12:00:00.000,138,76,62
2013-09-18T13:00:00.000,121,63,58
2013-09-18T14:00:00.000,122,58,64
2013-09-18T15:00:00.000,147,63,84
2013-09-18T16:00:00.000,290,112,178
2013-09-18T17:00:00.000,582,198,384
2013-09-18T18:00:00.000,493,178,315
2013-09-18T19:00:00.000,239,108,131
2013-09-18T20:00:00.000,102,42,60
2013-09-18T21:00:00.000,67,40,27
2013-09-18T22:00:00.000,50,22,28
2013-09-18T23:00:00.000,34,12,22
2013-09-19T00:00:00.000,13,7,6
2013-09-19T01:00:00.000,3,1,2
2013-09-19T02:00:00.000,16,11,5
2013-09-19T03:00:00.000,0,0,0
2013-09-19T04:00:00.000,5,4,1
2013-09-19T05:00:00.000,43,32,11
2013-09-19T06:00:00.000,109,77,32
2013-09-19T07:00:00.000,345,253,92
2013-09-19T08:00:00.000,528,371,157
2013-09-19T09:00:00.000,301,215,86
2013-09-19T10:00:00.000,116,112,4
2013-09-19T11:00:00.000,112,111,1
2013-09-19T12:00:00.000,116,63,53
2013-09-19T13:00:00.000,116,62,54
2013-09-19T14:00:00.000,136,63,73
2013-09-19T15:00:00.000,195,95,100
2013-09-19T16:00:00.000,281,120,161
2013-09-19T17:00:00.000,621,199,422
2013-09-19T18:00:00.000,480,185,295
2013-09-19T19:00:00.000,247,118,129
2013-09-19T20:00:00.000,152,55,97
2013-09-19T21:00:00.000,86,52,34
2013-09-19T22:00:00.000,55,28,27
2013-09-19T23:00:00.000,42,14,28
2013-09-20T00:00:00.000,22,12,10
2013-09-20T01:00:00.000,9,5,4
2013-09-20T02:00:00.000,8,5,3
2013-09-20T03:00:00.000,5,2,3
2013-09-20T04:00:00.000,8,5,3
2013-09-20T05:00:00.000,29,20,9
2013-09-20T06:00:00.000,107,75,32
2013-09-20T07:00:00.000,270,183,87
2013-09-20T08:00:00.000,460,313,147
2013-09-20T09:00:00.000,273,174,99
2013-09-20T10:00:00.000,157,92,65
2013-09-20T11:00:00.000,91,52,39
2013-09-20T12:00:00.000,97,47,50
2013-09-20T13:00:00.000,110,57,53
2013-09-20T14:00:00.000,128,63,65
2013-09-20T15:00:00.000,172,86,86
2013-09-20T16:00:00.000,309,125,184
2013-09-20T17:00:00.000,487,132,355
2013-09-20T18:00:00.000,337,118,219
2013-09-20T19:00:00.000,113,48,65
2013-09-20T20:00:00.000,51,25,26
2013-09-20T21:00:00.000,40,17,23
2013-09-20T22:00:00.000,28,18,10
2013-09-20T23:00:00.000,23,10,13
2013-09-21T00:00:00.000,14,8,6
2013-09-21T01:00:00.000,15,8,7
2013-09-21T02:00:00.000,14,11,3
2013-09-21T03:00:00.000,3,2,1
2013-09-21T04:00:00.000,6,1,5
2013-09-21T05:00:00.000,10,7,3
2013-09-21T06:00:00.000,30,19,11
2013-09-21T07:00:00.000,26,18,8
2013-09-21T08:00:00.000,74,36,38
2013-09-21T09:00:00.000,93,49,44
2013-09-21T10:00:00.000,100,61,39
2013-09-21T11:00:00.000,134,66,68
2013-09-21T12:00:00.000,129,63,66
2013-09-21T13:00:00.000,133,69,64
2013-09-21T14:00:00.000,184,100,84
2013-09-21T15:00:00.000,219,127,92
2013-09-21T16:00:00.000,202,127,75
2013-09-21T17:00:00.000,185,116,69
2013-09-21T18:00:00.000,128,58,70
2013-09-21T19:00:00.000,92,50,42
2013-09-21T20:00:00.000,49,24,25
2013-09-21T21:00:00.000,37,17,20
2013-09-21T22:00:00.000,31,20,11
2013-09-21T23:00:00.000,24,17,7
2013-09-22T00:00:00.000,21,11,10
2013-09-22T01:00:00.000,10,5,5
2013-09-22T02:00:00.000,8,4,4
2013-09-22T03:00:00.000,5,3,2
2013-09-22T04:00:00.000,6,5,1
2013-09-22T05:00:00.000,7,3,4
2013-09-22T06:00:00.000,17,10,7
2013-09-22T07:00:00.000,19,11,8
2013-09-22T08:00:00.000,41,21,20
2013-09-22T09:00:00.000,64,34,30
2013-09-22T10:00:00.000,86,41,45
2013-09-22T11:00:00.000,71,43,28
2013-09-22T12:00:00.000,54,35,19
2013-09-22T13:00:00.000,29,15,14
2013-09-22T14:00:00.000,34,16,18
2013-09-22T15:00:00.000,25,13,12
2013-09-22T16:00:00.000,70,29,41
2013-09-22T17:00:00.000,54,28,26
2013-09-22T18:00:00.000,60,30,30
2013-09-22T19:00:00.000,34,17,17
2013-09-22T20:00:00.000,44,22,22
2013-09-22T21:00:00.000,14,8,6
2013-09-22T22:00:00.000,16,8,8
2013-09-22T23:00:00.000,7,3,4
2013-09-23T00:00:00.000,10,6,4
2013-09-23T01:00:00.000,1,0,1
2013-09-23T02:00:00.000,3,1,2
2013-09-23T03:00:00.000,0,0,0
2013-09-23T04:00:00.000,4,1,3
2013-09-23T05:00:00.000,25,19,6
2013-09-23T06:00:00.000,87,60,27
2013-09-23T07:00:00.000,207,149,58
2013-09-23T08:00:00.000,286,194,92
2013-09-23T09:00:00.000,164,106,58
2013-09-23T10:00:00.000,64,45,19
2013-09-23T11:00:00.000,37,22,15
2013-09-23T12:00:00.000,53,26,27
2013-09-23T13:00:00.000,72,38,34
2013-09-23T14:00:00.000,79,37,42
2013-09-23T15:00:00.000,78,41,37
2013-09-23T16:00:00.000,151,60,91
2013-09-23T17:00:00.000,394,131,263
2013-09-23T18:00:00.000,272,110,162
2013-09-23T19:00:00.000,113,48,65
2013-09-23T20:00:00.000,60,26,34
2013-09-23T21:00:00.000,47,26,21
2013-09-23T22:00:00.000,31,14,17
2013-09-23T23:00:00.000,19,7,12
2013-09-24T00:00:00.000,13,9,4
2013-09-24T01:00:00.000,3,3,0
2013-09-24T02:00:00.000,0,0,0
2013-09-24T03:00:00.000,2,2,0
2013-09-24T04:00:00.000,6,3,3
2013-09-24T05:00:00.000,34,27,7
2013-09-24T06:00:00.000,108,75,33
2013-09-24T07:00:00.000,273,209,64
2013-09-24T08:00:00.000,429,285,144
2013-09-24T09:00:00.000,271,172,99
2013-09-24T10:00:00.000,105,62,43
2013-09-24T11:00:00.000,77,45,32
2013-09-24T12:00:00.000,109,48,61
2013-09-24T13:00:00.000,101,60,41
2013-09-24T14:00:00.000,105,52,53
2013-09-24T15:00:00.000,142,62,80
2013-09-24T16:00:00.000,222,102,120
2013-09-24T17:00:00.000,506,173,333
2013-09-24T18:00:00.000,349,115,234
2013-09-24T19:00:00.000,177,73,104
2013-09-24T20:00:00.000,64,28,36
2013-09-24T21:00:00.000,51,19,32
2013-09-24T22:00:00.000,34,14,20
2013-09-24T23:00:00.000,25,12,13
2013-09-25T00:00:00.000,5,4,1
2013-09-25T01:00:00.000,3,1,2
2013-09-25T02:00:00.000,2,2,0
2013-09-25T03:00:00.000,1,1,0
2013-09-25T04:00:00.000,7,6,1
2013-09-25T05:00:00.000,26,22,4
2013-09-25T06:00:00.000,83,62,21
2013-09-25T07:00:00.000,249,181,68
2013-09-25T08:00:00.000,431,275,156
2013-09-25T09:00:00.000,270,175,95
2013-09-25T10:00:00.000,100,57,43
2013-09-25T11:00:00.000,54,25,29
2013-09-25T12:00:00.000,75,38,37
2013-09-25T13:00:00.000,86,41,45
2013-09-25T14:00:00.000,77,44,33
2013-09-25T15:00:00.000,103,44,59
2013-09-25T16:00:00.000,223,104,119
2013-09-25T17:00:00.000,524,166,358
2013-09-25T18:00:00.000,431,173,258
2013-09-25T19:00:00.000,170,76,94
2013-09-25T20:00:00.000,75,23,52
2013-09-25T21:00:00.000,51,25,26
2013-09-25T22:00:00.000,40,14,26
2013-09-25T23:00:00.000,16,8,8
2013-09-26T00:00:00.000,6,1,5
2013-09-26T01:00:00.000,5,2,3
2013-09-26T02:00:00.000,7,4,3
2013-09-26T03:00:00.000,1,1,0
2013-09-26T04:00:00.000,4,3,1
2013-09-26T05:00:00.000,28,23,5
2013-09-26T06:00:00.000,118,85,33
2013-09-26T07:00:00.000,299,226,73
2013-09-26T08:00:00.000,477,340,137
2013-09-26T09:00:00.000,319,198,121
2013-09-26T10:00:00.000,101,60,41
2013-09-26T11:00:00.000,88,57,31
2013-09-26T12:00:00.000,80,43,37
2013-09-26T13:00:00.000,98,51,47
2013-09-26T14:00:00.000,105,55,50
2013-09-26T15:00:00.000,176,91,85
2013-09-26T16:00:00.000,282,109,173
2013-09-26T17:00:00.000,566,182,384
2013-09-26T18:00:00.000,431,159,272
2013-09-26T19:00:00.000,191,76,115
2013-09-26T20:00:00.000,93,52,41
2013-09-26T21:00:00.000,71,36,35
2013-09-26T22:00:00.000,40,13,27
2013-09-26T23:00:00.000,27,7,20
2013-09-27T00:00:00.000,11,2,9
2013-09-27T01:00:00.000,10,1,9
2013-09-27T02:00:00.000,8,4,4
2013-09-27T03:00:00.000,5,1,4
2013-09-27T04:00:00.000,6,4,2
2013-09-27T05:00:00.000,21,14,7
2013-09-27T06:00:00.000,96,58,38
2013-09-27T07:00:00.000,184,132,52
2013-09-27T08:00:00.000,286,214,72
2013-09-27T09:00:00.000,169,102,67
2013-09-27T10:00:00.000,87,50,37
2013-09-27T11:00:00.000,62,34,28
2013-09-27T12:00:00.000,51,29,22
2013-09-27T13:00:00.000,62,39,23
2013-09-27T14:00:00.000,76,49,27
2013-09-27T15:00:00.000,92,38,54
2013-09-27T16:00:00.000,186,64,122
2013-09-27T17:00:00.000,315,109,206
2013-09-27T18:00:00.000,208,72,136
2013-09-27T19:00:00.000,86,36,50
2013-09-27T20:00:00.000,42,15,27
2013-09-27T21:00:00.000,30,14,16
2013-09-27T22:00:00.000,34,14,20
2013-09-27T23:00:00.000,22,12,10
2013-09-28T00:00:00.000,14,6,8
2013-09-28T01:00:00.000,6,1,5
2013-09-28T02:00:00.000,12,9,3
2013-09-28T03:00:00.000,4,1,3
2013-09-28T04:00:00.000,5,3,2
2013-09-28T05:00:00.000,3,2,1
2013-09-28T06:00:00.000,13,5,8
2013-09-28T07:00:00.000,14,9,5
2013-09-28T08:00:00.000,40,29,11
2013-09-28T09:00:00.000,39,23,16
2013-09-28T10:00:00.000,39,29,10
2013-09-28T11:00:00.000,37,19,18
2013-09-28T12:00:00.000,25,15,10
2013-09-28T13:00:00.000,24,13,11
2013-09-28T14:00:00.000,35,19,16
2013-09-28T15:00:00.000,34,21,13
2013-09-28T16:00:00.000,28,15,13
2013-09-28T17:00:00.000,24,13,11
2013-09-28T18:00:00.000,13,6,7
2013-09-28T19:00:00.000,23,12,11
2013-09-28T20:00:00.000,18,9,9
2013-09-28T21:00:00.000,11,7,4
2013-09-28T22:00:00.000,7,3,4
2013-09-28T23:00:00.000,9,4,5
2013-09-29T00:00:00.000,7,4,3
2013-09-29T01:00:00.000,8,5,3
2013-09-29T02:00:00.000,2,1,1
2013-09-29T03:00:00.000,4,2,2
2013-09-29T04:00:00.000,4,3,1
2013-09-29T05:00:00.000,5,2,3
2013-09-29T06:00:00.000,7,4,3
2013-09-29T07:00:00.000,11,4,7
2013-09-29T08:00:00.000,19,10,9
2013-09-29T09:00:00.000,32,12,20
2013-09-29T10:00:00.000,48,26,22
2013-09-29T11:00:00.000,37,22,15
2013-09-29T12:00:00.000,38,24,14
2013-09-29T13:00:00.000,36,17,19
2013-09-29T14:00:00.000,38,20,18
2013-09-29T15:00:00.000,37,18,19
2013-09-29T16:00:00.000,40,27,13
2013-09-29T17:00:00.000,31,19,12
2013-09-29T18:00:00.000,26,11,15
2013-09-29T19:00:00.000,18,5,13
2013-09-29T20:00:00.000,17,7,10
2013-09-29T21:00:00.000,10,5,5
2013-09-29T22:00:00.000,6,0,6
2013-09-29T23:00:00.000,9,5,4
2013-09-30T00:00:00.000,4,2,2
2013-09-30T01:00:00.000,4,4,0
2013-09-30T02:00:00.000,1,1,0
2013-09-30T03:00:00.000,1,0,1
2013-09-30T04:00:00.000,6,4,2
2013-09-30T05:00:00.000,23,19,4
2013-09-30T06:00:00.000,91,65,26
2013-09-30T07:00:00.000,172,127,45
2013-09-30T08:00:00.000,317,222,95
2013-09-30T09:00:00.000,225,139,86
2013-09-30T10:00:00.000,64,41,23
2013-09-30T11:00:00.000,50,29,21
2013-09-30T12:00:00.000,30,16,14
2013-09-30T13:00:00.000,55,33,22
2013-09-30T14:00:00.000,65,32,33
2013-09-30T15:00:00.000,88,43,45
2013-09-30T16:00:00.000,165,79,86
2013-09-30T17:00:00.000,372,128,244
2013-09-30T18:00:00.000,269,76,193
2013-09-30T19:00:00.000,120,46,74
2013-09-30T20:00:00.000,46,21,25
2013-09-30T21:00:00.000,36,14,22
2013-09-30T22:00:00.000,33,12,21
2013-09-30T23:00:00.000,22,12,10
2013-10-01T00:00:00.000,9,5,4
2013-10-01T01:00:00.000,3,0,3
2013-10-01T02:00:00.000,6,4,2
2013-10-01T03:00:00.000,0,0,0
2013-10-01T04:00:00.000,5,3,2
2013-10-01T05:00:00.000,24,18,6
2013-10-01T06:00:00.000,87,61,26
2013-10-01T07:00:00.000,264,189,75
2013-10-01T08:00:00.000,387,271,116
2013-10-01T09:00:00.000,205,131,74
2013-10-01T10:00:00.000,80,53,27
2013-10-01T11:00:00.000,74,40,34
2013-10-01T12:00:00.000,79,47,32
2013-10-01T13:00:00.000,67,35,32
2013-10-01T14:00:00.000,86,41,45
2013-10-01T15:00:00.000,119,61,58
2013-10-01T16:00:00.000,187,91,96
2013-10-01T17:00:00.000,411,143,268
2013-10-01T18:00:00.000,331,111,220
2013-10-01T19:00:00.000,132,46,86
2013-10-01T20:00:00.000,66,22,44
2013-10-01T21:00:00.000,50,22,28
2013-10-01T22:00:00.000,29,10,19
2013-10-01T23:00:00.000,29,9,20
2013-10-02T00:00:00.000,12,8,4
2013-10-02T01:00:00.000,8,2,6
2013-10-02T02:00:00.000,2,1,1
2013-10-02T03:00:00.000,0,0,0
2013-10-02T04:00:00.000,8,6,2
2013-10-02T05:00:00.000,22,15,7
2013-10-02T06:00:00.000,77,50,27
2013-10-02T07:00:00.000,206,142,64
2013-10-02T08:00:00.000,334,230,104
2013-10-02T09:00:00.000,239,163,76
2013-10-02T10:00:00.000,77,43,34
2013-10-02T11:00:00.000,43,21,22
2013-10-02T12:00:00.000,44,27,17
2013-10-02T13:00:00.000,39,25,14
2013-10-02T14:00:00.000,48,26,22
2013-10-02T15:00:00.000,98,51,47
2013-10-02T16:00:00.000,158,59,99
2013-10-02T17:00:00.000,395,141,254
2013-10-02T18:00:00.000,331,129,202
2013-10-02T19:00:00.000,128,48,80
2013-10-02T20:00:00.000,58,24,34
2013-10-02T21:00:00.000,36,15,21
2013-10-02T22:00:00.000,31,9,22
2013-10-02T23:00:00.000,18,8,10
2013-10-03T00:00:00.000,5,3,2
2013-10-03T01:00:00.000,3,2,1
2013-10-03T02:00:00.000,8,4,4
2013-10-03T03:00:00.000,4,1,3
2013-10-03T04:00:00.000,6,5,1
2013-10-03T05:00:00.000,26,18,8
2013-10-03T06:00:00.000,110,74,36
2013-10-03T07:00:00.000,283,204,79
2013-10-03T08:00:00.000,391,278,113
2013-10-03T09:00:00.000,283,175,108
2013-10-03T10:00:00.000,119,68,51
2013-10-03T11:00:00.000,73,42,31
2013-10-03T12:00:00.000,77,42,35
2013-10-03T13:00:00.000,91,46,45
2013-10-03T14:00:00.000,82,38,44
2013-10-03T15:00:00.000,148,73,75
2013-10-03T16:00:00.000,230,101,129
2013-10-03T17:00:00.000,524,172,352
2013-10-03T18:00:00.000,398,143,255
2013-10-03T19:00:00.000,190,87,103
2013-10-03T20:00:00.000,86,42,44
2013-10-03T21:00:00.000,62,30,32
2013-10-03T22:00:00.000,29,14,15
2013-10-03T23:00:00.000,23,8,15
2013-10-04T00:00:00.000,11,6,5
2013-10-04T01:00:00.000,16,4,12
2013-10-04T02:00:00.000,5,2,3
2013-10-04T03:00:00.000,2,2,0
2013-10-04T04:00:00.000,3,2,1
2013-10-04T05:00:00.000,19,17,2
2013-10-04T06:00:00.000,111,78,33
2013-10-04T07:00:00.000,227,154,73
2013-10-04T08:00:00.000,402,290,112
2013-10-04T09:00:00.000,270,167,103
2013-10-04T10:00:00.000,116,72,44
2013-10-04T11:00:00.000,71,45,26
2013-10-04T12:00:00.000,94,56,38
2013-10-04T13:00:00.000,117,51,66
2013-10-04T14:00:00.000,124,64,60
2013-10-04T15:00:00.000,164,77,87
2013-10-04T16:00:00.000,262,117,145
2013-10-04T17:00:00.000,525,182,343
2013-10-04T18:00:00.000,345,148,197
2013-10-04T19:00:00.000,157,67,90
2013-10-04T20:00:00.000,66,27,39
2013-10-04T21:00:00.000,50,25,25
2013-10-04T22:00:00.000,35,18,17
2013-10-04T23:00:00.000,22,8,14
2013-10-05T00:00:00.000,32,12,20
2013-10-05T01:00:00.000,6,2,4
2013-10-05T02:00:00.000,9,2,7
2013-10-05T03:00:00.000,6,2,4
2013-10-05T04:00:00.000,6,4,2
2013-10-05T05:00:00.000,13,9,4
2013-10-05T06:00:00.000,28,19,9
2013-10-05T07:00:00.000,36,24,12
2013-10-05T08:00:00.000,88,57,31
2013-10-05T09:00:00.000,110,58,52
2013-10-05T10:00:00.000,108,60,48
2013-10-05T11:00:00.000,155,95,60
2013-10-05T12:00:00.000,183,104,79
2013-10-05T13:00:00.000,229,136,93
2013-10-05T14:00:00.000,221,125,96
2013-10-05T15:00:00.000,230,121,109
2013-10-05T16:00:00.000,175,108,67
2013-10-05T17:00:00.000,196,116,80
2013-10-05T18:00:00.000,118,72,46
2013-10-05T19:00:00.000,74,31,43
2013-10-05T20:00:00.000,42,17,25
2013-10-05T21:00:00.000,28,12,16
2013-10-05T22:00:00.000,31,13,18
2013-10-05T23:00:00.000,29,12,17
2013-10-06T00:00:00.000,18,6,12
2013-10-06T01:00:00.000,10,8,2
2013-10-06T02:00:00.000,12,6,6
2013-10-06T03:00:00.000,9,6,3
2013-10-06T04:00:00.000,1,1,0
2013-10-06T05:00:00.000,9,5,4
2013-10-06T06:00:00.000,15,9,6
2013-10-06T07:00:00.000,26,15,11
2013-10-06T08:00:00.000,51,31,20
2013-10-06T09:00:00.000,100,69,31
2013-10-06T10:00:00.000,132,64,68
2013-10-06T11:00:00.000,139,68,71
2013-10-06T12:00:00.000,140,77,63
2013-10-06T13:00:00.000,193,117,76
2013-10-06T14:00:00.000,240,120,120
2013-10-06T15:00:00.000,298,166,132
2013-10-06T16:00:00.000,255,161,94
2013-10-06T17:00:00.000,213,131,82
2013-10-06T18:00:00.000,131,74,57
2013-10-06T19:00:00.000,61,31,30
2013-10-06T20:00:00.000,52,26,26
2013-10-06T21:00:00.000,20,9,11
2013-10-06T22:00:00.000,21,9,12
2013-10-06T23:00:00.000,24,7,17
2013-10-07T00:00:00.000,9,3,6
2013-10-07T01:00:00.000,2,2,0
2013-10-07T02:00:00.000,4,2,2
2013-10-07T03:00:00.000,1,0,1
2013-10-07T04:00:00.000,6,4,2
2013-10-07T05:00:00.000,23,17,6
2013-10-07T06:00:00.000,110,73,37
2013-10-07T07:00:00.000,252,191,61
2013-10-07T08:00:00.000,389,252,137
2013-10-07T09:00:00.000,274,163,111
2013-10-07T10:00:00.000,111,65,46
2013-10-07T11:00:00.000,58,29,29
2013-10-07T12:00:00.000,54,22,32
2013-10-07T13:00:00.000,63,33,30
2013-10-07T14:00:00.000,81,40,41
2013-10-07T15:00:00.000,111,49,62
2013-10-07T16:00:00.000,209,82,127
2013-10-07T17:00:00.000,501,167,334
2013-10-07T18:00:00.000,369,130,239
2013-10-07T19:00:00.000,137,50,87
2013-10-07T20:00:00.000,71,29,42
2013-10-07T21:00:00.000,57,27,30
2013-10-07T22:00:00.000,29,16,13
2013-10-07T23:00:00.000,19,7,12
2013-10-08T00:00:00.000,15,8,7
2013-10-08T01:00:00.000,3,1,2
2013-10-08T02:00:00.000,5,4,1
2013-10-08T03:00:00.000,1,1,0
2013-10-08T04:00:00.000,9,5,4
2013-10-08T05:00:00.000,28,24,4
2013-10-08T06:00:00.000,117,80,37
2013-10-08T07:00:00.000,289,209,80
2013-10-08T08:00:00.000,417,281,136
2013-10-08T09:00:00.000,238,146,92
2013-10-08T10:00:00.000,104,61,43
2013-10-08T11:00:00.000,47,29,18
2013-10-08T12:00:00.000,63,38,25
2013-10-08T13:00:00.000,55,26,29
2013-10-08T14:00:00.000,64,33,31
2013-10-08T15:00:00.000,94,45,49
2013-10-08T16:00:00.000,200,91,109
2013-10-08T17:00:00.000,446,139,307
2013-10-08T18:00:00.000,365,120,245
2013-10-08T19:00:00.000,168,62,106
2013-10-08T20:00:00.000,68,36,32
2013-10-08T21:00:00.000,52,24,28
2013-10-08T22:00:00.000,26,13,13
2013-10-08T23:00:00.000,16,8,8
2013-10-09T00:00:00.000,10,5,5
2013-10-09T01:00:00.000,5,5,0
2013-10-09T02:00:00.000,3,2,1
2013-10-09T03:00:00.000,1,0,1
2013-10-09T04:00:00.000,5,3,2
2013-10-09T05:00:00.000,29,20,9
2013-10-09T06:00:00.000,116,83,33
2013-10-09T07:00:00.000,288,205,83
2013-10-09T08:00:00.000,477,336,141
2013-10-09T09:00:00.000,339,203,136
2013-10-09T10:00:00.000,126,75,51
2013-10-09T11:00:00.000,89,47,42
2013-10-09T12:00:00.000,114,65,49
2013-10-09T13:00:00.000,90,45,45
2013-10-09T14:00:00.000,104,53,51
2013-10-09T15:00:00.000,138,67,71
2013-10-09T16:00:00.000,279,123,156
2013-10-09T17:00:00.000,573,200,373
2013-10-09T18:00:00.000,427,154,273
2013-10-09T19:00:00.000,155,69,86
2013-10-09T20:00:00.000,78,29,49
2013-10-09T21:00:00.000,80,29,51
2013-10-09T22:00:00.000,42,12,30
2013-10-09T23:00:00.000,19,9,10
2013-10-10T00:00:00.000,11,3,8
2013-10-10T01:00:00.000,6,1,5
2013-10-10T02:00:00.000,5,3,2
2013-10-10T03:00:00.000,1,0,1
2013-10-10T04:00:00.000,4,4,0
2013-10-10T05:00:00.000,25,19,6
2013-10-10T06:00:00.000,116,77,39
2013-10-10T07:00:00.000,275,199,76
2013-10-10T08:00:00.000,402,292,110
2013-10-10T09:00:00.000,283,179,104
2013-10-10T10:00:00.000,123,77,46
2013-10-10T11:00:00.000,82,49,33
2013-10-10T12:00:00.000,81,50,31
2013-10-10T13:00:00.000,108,51,57
2013-10-10T14:00:00.000,105,59,46
2013-10-10T15:00:00.000,155,91,64
2013-10-10T16:00:00.000,196,80,116
2013-10-10T17:00:00.000,477,153,324
2013-10-10T18:00:00.000,371,127,244
2013-10-10T19:00:00.000,158,68,90
2013-10-10T20:00:00.000,76,30,46
2013-10-10T21:00:00.000,49,21,28
2013-10-10T22:00:00.000,40,16,24
2013-10-10T23:00:00.000,23,10,13
2013-10-11T00:00:00.000,21,10,11
2013-10-11T01:00:00.000,6,5,1
2013-10-11T02:00:00.000,7,4,3
2013-10-11T03:00:00.000,2,2,0
2013-10-11T04:00:00.000,6,5,1
2013-10-11T05:00:00.000,17,14,3
2013-10-11T06:00:00.000,94,68,26
2013-10-11T07:00:00.000,184,135,49
2013-10-11T08:00:00.000,304,207,97
2013-10-11T09:00:00.000,209,139,70
2013-10-11T10:00:00.000,84,41,43
2013-10-11T11:00:00.000,40,28,12
2013-10-11T12:00:00.000,65,33,32
2013-10-11T13:00:00.000,54,30,24
2013-10-11T14:00:00.000,84,44,40
2013-10-11T15:00:00.000,87,47,40
2013-10-11T16:00:00.000,226,88,138
2013-10-11T17:00:00.000,330,118,212
2013-10-11T18:00:00.000,245,86,159
2013-10-11T19:00:00.000,115,43,72
2013-10-11T20:00:00.000,54,25,29
2013-10-11T21:00:00.000,22,12,10
2013-10-11T22:00:00.000,48,23,25
2013-10-11T23:00:00.000,30,9,21
2013-10-12T00:00:00.000,15,8,7
2013-10-12T01:00:00.000,8,5,3
2013-10-12T02:00:00.000,14,5,9
2013-10-12T03:00:00.000,3,1,2
2013-10-12T04:00:00.000,3,2,1
2013-10-12T05:00:00.000,5,3,2
2013-10-12T06:00:00.000,21,14,7
2013-10-12T07:00:00.000,23,12,11
2013-10-12T08:00:00.000,44,28,16
2013-10-12T09:00:00.000,69,34,35
2013-10-12T10:00:00.000,62,28,34
2013-10-12T11:00:00.000,91,53,38
2013-10-12T12:00:00.000,113,63,50
2013-10-12T13:00:00.000,77,43,34
2013-10-12T14:00:00.000,77,37,40
2013-10-12T15:00:00.000,116,55,61
2013-10-12T16:00:00.000,130,62,68
2013-10-12T17:00:00.000,119,69,50
2013-10-12T18:00:00.000,96,48,48
2013-10-12T19:00:00.000,57,28,29
2013-10-12T20:00:00.000,29,18,11
2013-10-12T21:00:00.000,34,19,15
2013-10-12T22:00:00.000,40,17,23
2013-10-12T23:00:00.000,28,20,8
2013-10-13T00:00:00.000,17,7,10
2013-10-13T01:00:00.000,8,3,5
2013-10-13T02:00:00.000,7,2,5
2013-10-13T03:00:00.000,3,1,2
2013-10-13T04:00:00.000,5,3,2
2013-10-13T05:00:00.000,5,2,3
2013-10-13T06:00:00.000,8,5,3
2013-10-13T07:00:00.000,19,11,8
2013-10-13T08:00:00.000,70,42,28
2013-10-13T09:00:00.000,60,31,29
2013-10-13T10:00:00.000,85,42,43
2013-10-13T11:00:00.000,123,68,55
2013-10-13T12:00:00.000,110,67,43
2013-10-13T13:00:00.000,111,64,47
2013-10-13T14:00:00.000,171,89,82
2013-10-13T15:00:00.000,192,123,69
2013-10-13T16:00:00.000,163,86,77
2013-10-13T17:00:00.000,124,65,59
2013-10-13T18:00:00.000,93,47,46
2013-10-13T19:00:00.000,49,29,20
2013-10-13T20:00:00.000,29,10,19
2013-10-13T21:00:00.000,23,9,14
2013-10-13T22:00:00.000,25,10,15
2013-10-13T23:00:00.000,15,3,12
2013-10-14T00:00:00.000,13,6,7
2013-10-14T01:00:00.000,2,1,1
2013-10-14T02:00:00.000,7,7,0
2013-10-14T03:00:00.000,2,2,0
2013-10-14T04:00:00.000,6,4,2
2013-10-14T05:00:00.000,29,22,7
2013-10-14T06:00:00.000,109,82,27
2013-10-14T07:00:00.000,269,189,80
2013-10-14T08:00:00.000,429,304,125
2013-10-14T09:00:00.000,318,210,108
2013-10-14T10:00:00.000,105,60,45
2013-10-14T11:00:00.000,71,41,30
2013-10-14T12:00:00.000,92,49,43
2013-10-14T13:00:00.000,99,40,59
2013-10-14T14:00:00.000,132,70,62
2013-10-14T15:00:00.000,152,84,68
2013-10-14T16:00:00.000,241,111,130
2013-10-14T17:00:00.000,562,208,354
2013-10-14T18:00:00.000,400,150,250
2013-10-14T19:00:00.000,159,57,102
2013-10-14T20:00:00.000,91,43,48
2013-10-14T21:00:00.000,51,25,26
2013-10-14T22:00:00.000,44,13,31
2013-10-14T23:00:00.000,22,9,13
2013-10-15T00:00:00.000,15,6,9
2013-10-15T01:00:00.000,5,2,3
2013-10-15T02:00:00.000,8,5,3
2013-10-15T03:00:00.000,4,1,3
2013-10-15T04:00:00.000,8,4,4
2013-10-15T05:00:00.000,31,24,7
2013-10-15T06:00:00.000,122,78,44
2013-10-15T07:00:00.000,306,224,82
2013-10-15T08:00:00.000,447,301,146
2013-10-15T09:00:00.000,287,185,102
2013-10-15T10:00:00.000,121,70,51
2013-10-15T11:00:00.000,86,50,36
2013-10-15T12:00:00.000,90,49,41
2013-10-15T13:00:00.000,93,43,50
2013-10-15T14:00:00.000,122,66,56
2013-10-15T15:00:00.000,142,64,78
2013-10-15T16:00:00.000,225,100,125
2013-10-15T17:00:00.000,531,182,349
2013-10-15T18:00:00.000,430,162,268
2013-10-15T19:00:00.000,184,70,114
2013-10-15T20:00:00.000,86,36,50
2013-10-15T21:00:00.000,68,28,40
2013-10-15T22:00:00.000,32,16,16
2013-10-15T23:00:00.000,21,11,10
2013-10-16T00:00:00.000,6,3,3
2013-10-16T01:00:00.000,7,6,1
2013-10-16T02:00:00.000,6,3,3
2013-10-16T03:00:00.000,2,1,1
2013-10-16T04:00:00.000,12,7,5
2013-10-16T05:00:00.000,22,16,6
2013-10-16T06:00:00.000,113,83,30
2013-10-16T07:00:00.000,301,224,77
2013-10-16T08:00:00.000,434,297,137
2013-10-16T09:00:00.000,283,191,92
2013-10-16T10:00:00.000,124,79,45
2013-10-16T11:00:00.000,92,59,33
2013-10-16T12:00:00.000,81,50,31
2013-10-16T13:00:00.000,78,36,42
2013-10-16T14:00:00.000,98,48,50
2013-10-16T15:00:00.000,136,64,72
2013-10-16T16:00:00.000,232,96,136
2013-10-16T17:00:00.000,520,180,340
2013-10-16T18:00:00.000,440,176,264
2013-10-16T19:00:00.000,170,60,110
2013-10-16T20:00:00.000,77,22,55
2013-10-16T21:00:00.000,47,17,30
2013-10-16T22:00:00.000,38,19,19
2013-10-16T23:00:00.000,21,6,15
2013-10-17T00:00:00.000,18,5,13
2013-10-17T01:00:00.000,2,0,2
2013-10-17T02:00:00.000,4,2,2
2013-10-17T03:00:00.000,2,2,0
2013-10-17T04:00:00.000,4,4,0
2013-10-17T05:00:00.000,20,17,3
2013-10-17T06:00:00.000,121,88,33
2013-10-17T07:00:00.000,272,202,70
2013-10-17T08:00:00.000,415,297,118
2013-10-17T09:00:00.000,280,184,96
2013-10-17T10:00:00.000,123,69,54
2013-10-17T11:00:00.000,70,44,26
2013-10-17T12:00:00.000,91,50,41
2013-10-17T13:00:00.000,80,45,35
2013-10-17T14:00:00.000,69,38,31
2013-10-17T15:00:00.000,136,62,74
2013-10-17T16:00:00.000,253,100,153
2013-10-17T17:00:00.000,529,185,344
2013-10-17T18:00:00.000,360,122,238
2013-10-17T19:00:00.000,145,63,82
2013-10-17T20:00:00.000,118,80,38
2013-10-17T21:00:00.000,63,30,33
2013-10-17T22:00:00.000,48,20,28
2013-10-17T23:00:00.000,28,13,15
2013-10-18T00:00:00.000,22,6,16
2013-10-18T01:00:00.000,10,4,6
2013-10-18T02:00:00.000,6,4,2
2013-10-18T03:00:00.000,2,2,0
2013-10-18T04:00:00.000,6,5,1
2013-10-18T05:00:00.000,26,19,7
2013-10-18T06:00:00.000,101,68,33
2013-10-18T07:00:00.000,228,170,58
2013-10-18T08:00:00.000,361,259,102
2013-10-18T09:00:00.000,264,174,90
2013-10-18T10:00:00.000,126,65,61
2013-10-18T11:00:00.000,64,41,23
2013-10-18T12:00:00.000,81,42,39
2013-10-18T13:00:00.000,86,49,37
2013-10-18T14:00:00.000,103,56,47
2013-10-18T15:00:00.000,127,64,63
2013-10-18T16:00:00.000,283,109,174
2013-10-18T17:00:00.000,462,164,298
2013-10-18T18:00:00.000,331,110,221
2013-10-18T19:00:00.000,121,58,63
2013-10-18T20:00:00.000,61,27,34
2013-10-18T21:00:00.000,26,12,14
2013-10-18T22:00:00.000,20,14,6
2013-10-18T23:00:00.000,33,16,17
2013-10-19T00:00:00.000,19,8,11
2013-10-19T01:00:00.000,9,6,3
2013-10-19T02:00:00.000,6,4,2
2013-10-19T03:00:00.000,3,3,0
2013-10-19T04:00:00.000,5,2,3
2013-10-19T05:00:00.000,7,6,1
2013-10-19T06:00:00.000,23,11,12
2013-10-19T07:00:00.000,26,18,8
2013-10-19T08:00:00.000,51,36,15
2013-10-19T09:00:00.000,83,52,31
2013-10-19T10:00:00.000,89,47,42
2013-10-19T11:00:00.000,70,43,27
2013-10-19T12:00:00.000,71,39,32
2013-10-19T13:00:00.000,85,47,38
2013-10-19T14:00:00.000,88,33,55
2013-10-19T15:00:00.000,116,65,51
2013-10-19T16:00:00.000,85,49,36
2013-10-19T17:00:00.000,89,53,36
2013-10-19T18:00:00.000,65,29,36
2013-10-19T19:00:00.000,46,25,21
2013-10-19T20:00:00.000,34,20,14
2013-10-19T21:00:00.000,18,12,6
2013-10-19T22:00:00.000,25,11,14
2013-10-19T23:00:00.000,21,5,16
2013-10-20T00:00:00.000,21,9,12
2013-10-20T01:00:00.000,13,5,8
2013-10-20T02:00:00.000,13,6,7
2013-10-20T03:00:00.000,10,1,9
2013-10-20T04:00:00.000,6,2,4
2013-10-20T05:00:00.000,8,4,4
2013-10-20T06:00:00.000,11,7,4
2013-10-20T07:00:00.000,24,11,13
2013-10-20T08:00:00.000,39,14,25
2013-10-20T09:00:00.000,41,20,21
2013-10-20T10:00:00.000,79,46,33
2013-10-20T11:00:00.000,63,38,25
2013-10-20T12:00:00.000,86,53,33
2013-10-20T13:00:00.000,84,48,36
2013-10-20T14:00:00.000,126,64,62
2013-10-20T15:00:00.000,133,71,62
2013-10-20T16:00:00.000,87,46,41
2013-10-20T17:00:00.000,102,48,54
2013-10-20T18:00:00.000,39,22,17
2013-10-20T19:00:00.000,33,16,17
2013-10-20T20:00:00.000,28,11,17
2013-10-20T21:00:00.000,21,13,8
2013-10-20T22:00:00.000,25,11,14
2013-10-20T23:00:00.000,20,10,10
2013-10-21T00:00:00.000,15,7,8
2013-10-21T01:00:00.000,5,3,2
2013-10-21T02:00:00.000,6,6,0
2013-10-21T03:00:00.000,1,1,0
2013-10-21T04:00:00.000,6,4,2
2013-10-21T05:00:00.000,22,17,5
2013-10-21T06:00:00.000,110,79,31
2013-10-21T07:00:00.000,275,208,67
2013-10-21T08:00:00.000,403,282,121
2013-10-21T09:00:00.000,265,163,102
2013-10-21T10:00:00.000,110,63,47
2013-10-21T11:00:00.000,70,48,22
2013-10-21T12:00:00.000,76,40,36
2013-10-21T13:00:00.000,65,35,30
2013-10-21T14:00:00.000,75,36,39
2013-10-21T15:00:00.000,135,56,79
2013-10-21T16:00:00.000,207,87,120
2013-10-21T17:00:00.000,474,151,323
2013-10-21T18:00:00.000,374,121,253
2013-10-21T19:00:00.000,137,54,83
2013-10-21T20:00:00.000,76,32,44
2013-10-21T21:00:00.000,49,23,26
2013-10-21T22:00:00.000,26,8,18
2013-10-21T23:00:00.000,24,8,16
2013-10-22T00:00:00.000,7,5,2
2013-10-22T01:00:00.000,10,3,7
2013-10-22T02:00:00.000,4,4,0
2013-10-22T03:00:00.000,4,3,1
2013-10-22T04:00:00.000,3,1,2
2013-10-22T05:00:00.000,22,19,3
2013-10-22T06:00:00.000,104,76,28
2013-10-22T07:00:00.000,300,227,73
2013-10-22T08:00:00.000,436,307,129
2013-10-22T09:00:00.000,270,154,116
2013-10-22T10:00:00.000,81,1,80
2013-10-22T11:00:00.000,73,0,73
2013-10-22T12:00:00.000,75,2,73
2013-10-22T13:00:00.000,67,3,64
2013-10-22T14:00:00.000,90,37,53
2013-10-22T15:00:00.000,136,69,67
2013-10-22T16:00:00.000,213,83,130
2013-10-22T17:00:00.000,530,164,366
2013-10-22T18:00:00.000,376,130,246
2013-10-22T19:00:00.000,147,65,82
2013-10-22T20:00:00.000,96,37,59
2013-10-22T21:00:00.000,57,24,33
2013-10-22T22:00:00.000,34,18,16
2013-10-22T23:00:00.000,27,10,17
2013-10-23T00:00:00.000,9,5,4
2013-10-23T01:00:00.000,4,3,1
2013-10-23T02:00:00.000,2,1,1
2013-10-23T03:00:00.000,1,0,1
2013-10-23T04:00:00.000,3,2,1
2013-10-23T05:00:00.000,23,15,8
2013-10-23T06:00:00.000,98,77,21
2013-10-23T07:00:00.000,248,185,63
2013-10-23T08:00:00.000,422,287,135
2013-10-23T09:00:00.000,289,177,112
2013-10-23T10:00:00.000,103,56,47
2013-10-23T11:00:00.000,58,5,53
2013-10-23T12:00:00.000,60,0,60
2013-10-23T13:00:00.000,61,2,59
2013-10-23T14:00:00.000,79,29,50
2013-10-23T15:00:00.000,123,57,66
2013-10-23T16:00:00.000,239,109,130
2013-10-23T17:00:00.000,512,175,337
2013-10-23T18:00:00.000,391,147,244
2013-10-23T19:00:00.000,142,48,94
2013-10-23T20:00:00.000,71,26,45
2013-10-23T21:00:00.000,64,23,41
2013-10-23T22:00:00.000,52,25,27
2013-10-23T23:00:00.000,30,8,22
2013-10-24T00:00:00.000,11,8,3
2013-10-24T01:00:00.000,3,1,2
2013-10-24T02:00:00.000,2,0,2
2013-10-24T03:00:00.000,4,2,2
2013-10-24T04:00:00.000,4,3,1
2013-10-24T05:00:00.000,22,18,4
2013-10-24T06:00:00.000,102,77,25
2013-10-24T07:00:00.000,257,183,74
2013-10-24T08:00:00.000,407,277,130
2013-10-24T09:00:00.000,262,204,58
2013-10-24T10:00:00.000,80,79,1
2013-10-24T11:00:00.000,69,68,1
2013-10-24T12:00:00.000,81,66,15
2013-10-24T13:00:00.000,81,39,42
2013-10-24T14:00:00.000,65,33,32
2013-10-24T15:00:00.000,120,57,63
2013-10-24T16:00:00.000,217,104,113
2013-10-24T17:00:00.000,479,151,328
2013-10-24T18:00:00.000,359,127,232
2013-10-24T19:00:00.000,134,48,86
2013-10-24T20:00:00.000,88,30,58
2013-10-24T21:00:00.000,63,23,40
2013-10-24T22:00:00.000,79,12,67
2013-10-24T23:00:00.000,26,14,12
2013-10-25T00:00:00.000,16,5,11
2013-10-25T01:00:00.000,8,3,5
2013-10-25T02:00:00.000,5,3,2
2013-10-25T03:00:00.000,1,1,0
2013-10-25T04:00:00.000,2,1,1
2013-10-25T05:00:00.000,20,13,7
2013-10-25T06:00:00.000,81,62,19
2013-10-25T07:00:00.000,228,155,73
2013-10-25T08:00:00.000,309,209,100
2013-10-25T09:00:00.000,223,151,72
2013-10-25T10:00:00.000,87,51,36
2013-10-25T11:00:00.000,60,41,19
2013-10-25T12:00:00.000,68,37,31
2013-10-25T13:00:00.000,64,38,26
2013-10-25T14:00:00.000,56,34,22
2013-10-25T15:00:00.000,123,66,57
2013-10-25T16:00:00.000,178,61,117
2013-10-25T17:00:00.000,391,130,261
2013-10-25T18:00:00.000,249,78,171
2013-10-25T19:00:00.000,123,48,75
2013-10-25T20:00:00.000,57,25,32
2013-10-25T21:00:00.000,36,22,14
2013-10-25T22:00:00.000,24,8,16
2013-10-25T23:00:00.000,26,10,16
2013-10-26T00:00:00.000,15,8,7
2013-10-26T01:00:00.000,12,5,7
2013-10-26T02:00:00.000,13,10,3
2013-10-26T03:00:00.000,2,0,2
2013-10-26T04:00:00.000,8,4,4
2013-10-26T05:00:00.000,5,5,0
2013-10-26T06:00:00.000,18,11,7
2013-10-26T07:00:00.000,17,11,6
2013-10-26T08:00:00.000,58,30,28
2013-10-26T09:00:00.000,58,33,25
2013-10-26T10:00:00.000,96,59,37
2013-10-26T11:00:00.000,93,49,44
2013-10-26T12:00:00.000,103,56,47
2013-10-26T13:00:00.000,139,80,59
2013-10-26T14:00:00.000,111,61,50
2013-10-26T15:00:00.000,109,54,55
2013-10-26T16:00:00.000,81,30,51
2013-10-26T17:00:00.000,97,51,46
2013-10-26T18:00:00.000,164,91,73
2013-10-26T19:00:00.000,42,18,24
2013-10-26T20:00:00.000,40,26,14
2013-10-26T21:00:00.000,37,17,20
2013-10-26T22:00:00.000,19,6,13
2013-10-26T23:00:00.000,30,12,18
2013-10-27T00:00:00.000,19,7,12
2013-10-27T01:00:00.000,16,8,8
2013-10-27T02:00:00.000,6,3,3
2013-10-27T03:00:00.000,7,4,3
2013-10-27T04:00:00.000,5,4,1
2013-10-27T05:00:00.000,7,6,1
2013-10-27T06:00:00.000,9,6,3
2013-10-27T07:00:00.000,11,8,3
2013-10-27T08:00:00.000,14,11,3
2013-10-27T09:00:00.000,45,25,20
2013-10-27T10:00:00.000,39,22,17
2013-10-27T11:00:00.000,25,13,12
2013-10-27T12:00:00.000,34,19,15
2013-10-27T13:00:00.000,61,27,34
2013-10-27T14:00:00.000,53,26,27
2013-10-27T15:00:00.000,92,48,44
2013-10-27T16:00:00.000,83,53,30
2013-10-27T17:00:00.000,101,59,42
2013-10-27T18:00:00.000,40,22,18
2013-10-27T19:00:00.000,33,16,17
2013-10-27T20:00:00.000,26,8,18
2013-10-27T21:00:00.000,24,10,14
2013-10-27T22:00:00.000,13,5,8
2013-10-27T23:00:00.000,15,6,9
2013-10-28T00:00:00.000,4,3,1
2013-10-28T01:00:00.000,3,2,1
2013-10-28T02:00:00.000,1,1,0
2013-10-28T03:00:00.000,2,1,1
2013-10-28T04:00:00.000,4,1,3
2013-10-28T05:00:00.000,25,19,6
2013-10-28T06:00:00.000,109,78,31
2013-10-28T07:00:00.000,285,200,85
2013-10-28T08:00:00.000,423,310,113
2013-10-28T09:00:00.000,302,178,124
2013-10-28T10:00:00.000,122,90,32
2013-10-28T11:00:00.000,63,37,26
2013-10-28T12:00:00.000,81,50,31
2013-10-28T13:00:00.000,86,43,43
2013-10-28T14:00:00.000,96,51,45
2013-10-28T15:00:00.000,160,68,92
2013-10-28T16:00:00.000,268,109,159
2013-10-28T17:00:00.000,587,180,407
2013-10-28T18:00:00.000,378,125,253
2013-10-28T19:00:00.000,137,52,85
2013-10-28T20:00:00.000,72,30,42
2013-10-28T21:00:00.000,67,33,34
2013-10-28T22:00:00.000,23,8,15
2013-10-28T23:00:00.000,30,10,20
2013-10-29T00:00:00.000,12,8,4
2013-10-29T01:00:00.000,9,5,4
2013-10-29T02:00:00.000,5,4,1
2013-10-29T03:00:00.000,1,1,0
2013-10-29T04:00:00.000,5,3,2
2013-10-29T05:00:00.000,26,20,6
2013-10-29T06:00:00.000,110,73,37
2013-10-29T07:00:00.000,284,212,72
2013-10-29T08:00:00.000,444,314,130
2013-10-29T09:00:00.000,268,246,22
2013-10-29T10:00:00.000,133,103,30
2013-10-29T11:00:00.000,85,80,5
2013-10-29T12:00:00.000,93,75,18
2013-10-29T13:00:00.000,116,98,18
2013-10-29T14:00:00.000,123,71,52
2013-10-29T15:00:00.000,134,64,70
2013-10-29T16:00:00.000,262,103,159
2013-10-29T17:00:00.000,517,150,367
2013-10-29T18:00:00.000,344,120,224
2013-10-29T19:00:00.000,152,67,85
2013-10-29T20:00:00.000,95,31,64
2013-10-29T21:00:00.000,64,24,40
2013-10-29T22:00:00.000,28,13,15
2013-10-29T23:00:00.000,42,21,21
2013-10-30T00:00:00.000,4,2,2
2013-10-30T01:00:00.000,9,4,5
2013-10-30T02:00:00.000,4,1,3
2013-10-30T03:00:00.000,2,0,2
2013-10-30T04:00:00.000,5,2,3
2013-10-30T05:00:00.000,28,23,5
2013-10-30T06:00:00.000,103,71,32
2013-10-30T07:00:00.000,252,192,60
2013-10-30T08:00:00.000,407,279,128
2013-10-30T09:00:00.000,261,166,95
2013-10-30T10:00:00.000,107,60,47
2013-10-30T11:00:00.000,73,38,35
2013-10-30T12:00:00.000,72,44,28
2013-10-30T13:00:00.000,79,35,44
2013-10-30T14:00:00.000,56,35,21
2013-10-30T15:00:00.000,122,56,66
2013-10-30T16:00:00.000,205,73,132
2013-10-30T17:00:00.000,454,142,312
2013-10-30T18:00:00.000,354,140,214
2013-10-30T19:00:00.000,157,60,97
2013-10-30T20:00:00.000,83,39,44
2013-10-30T21:00:00.000,54,16,38
2013-10-30T22:00:00.000,44,15,29
2013-10-30T23:00:00.000,19,7,12
2013-10-31T00:00:00.000,13,8,5
2013-10-31T01:00:00.000,9,2,7
2013-10-31T02:00:00.000,3,2,1
2013-10-31T03:00:00.000,2,2,0
2013-10-31T04:00:00.000,8,5,3
2013-10-31T05:00:00.000,21,15,6
2013-10-31T06:00:00.000,96,65,31
2013-10-31T07:00:00.000,218,164,54
2013-10-31T08:00:00.000,325,222,103
2013-10-31T09:00:00.000,242,157,85
2013-10-31T10:00:00.000,97,55,42
2013-10-31T11:00:00.000,71,39,32
2013-10-31T12:00:00.000,64,32,32
2013-10-31T13:00:00.000,70,36,34
2013-10-31T14:00:00.000,80,39,41
2013-10-31T15:00:00.000,115,59,56
2013-10-31T16:00:00.000,222,79,143
2013-10-31T17:00:00.000,398,116,282
2013-10-31T18:00:00.000,246,88,158
2013-10-31T19:00:00.000,118,48,70
2013-10-31T20:00:00.000,57,27,30
2013-10-31T21:00:00.000,36,14,22
2013-10-31T22:00:00.000,37,20,17
2013-10-31T23:00:00.000,25,13,12
2013-11-01T00:00:00.000,26,17,9
2013-11-01T01:00:00.000,28,21,7
2013-11-01T02:00:00.000,9,5,4
2013-11-01T03:00:00.000,4,0,4
2013-11-01T04:00:00.000,11,7,4
2013-11-01T05:00:00.000,21,16,5
2013-11-01T06:00:00.000,99,72,27
2013-11-01T07:00:00.000,211,158,53
2013-11-01T08:00:00.000,342,242,100
2013-11-01T09:00:00.000,247,169,78
2013-11-01T10:00:00.000,110,62,48
2013-11-01T11:00:00.000,62,35,27
2013-11-01T12:00:00.000,90,44,46
2013-11-01T13:00:00.000,112,58,54
2013-11-01T14:00:00.000,111,45,66
2013-11-01T15:00:00.000,110,61,49
2013-11-01T16:00:00.000,235,88,147
2013-11-01T17:00:00.000,453,146,307
2013-11-01T18:00:00.000,271,87,184
2013-11-01T19:00:00.000,113,48,65
2013-11-01T20:00:00.000,50,23,27
2013-11-01T21:00:00.000,31,13,18
2013-11-01T22:00:00.000,45,27,18
2013-11-01T23:00:00.000,21,13,8
2013-11-02T00:00:00.000,17,5,12
2013-11-02T01:00:00.000,9,5,4
2013-11-02T02:00:00.000,8,5,3
2013-11-02T03:00:00.000,3,3,0
2013-11-02T04:00:00.000,8,4,4
2013-11-02T05:00:00.000,9,6,3
2013-11-02T06:00:00.000,11,4,7
2013-11-02T07:00:00.000,14,8,6
2013-11-02T08:00:00.000,28,11,17
2013-11-02T09:00:00.000,35,18,17
2013-11-02T10:00:00.000,33,21,12
2013-11-02T11:00:00.000,29,20,9
2013-11-02T12:00:00.000,53,35,18
2013-11-02T13:00:00.000,42,22,20
2013-11-02T14:00:00.000,38,12,26
2013-11-02T15:00:00.000,41,24,17
2013-11-02T16:00:00.000,63,34,29
2013-11-02T17:00:00.000,55,31,24
2013-11-02T18:00:00.000,48,28,20
2013-11-02T19:00:00.000,29,13,16
2013-11-02T20:00:00.000,25,9,16
2013-11-02T21:00:00.000,18,10,8
2013-11-02T22:00:00.000,34,10,24
2013-11-02T23:00:00.000,20,6,14
2013-11-03T00:00:00.000,15,4,11
2013-11-03T01:00:00.000,3,1,2
2013-11-03T02:00:00.000,1,1,0
2013-11-03T03:00:00.000,2,1,1
2013-11-03T04:00:00.000,1,0,1
2013-11-03T05:00:00.000,5,2,3
2013-11-03T06:00:00.000,10,5,5
2013-11-03T07:00:00.000,28,20,8
2013-11-03T08:00:00.000,50,27,23
2013-11-03T09:00:00.000,86,48,38
2013-11-03T10:00:00.000,97,62,35
2013-11-03T11:00:00.000,125,50,75
2013-11-03T12:00:00.000,132,72,60
2013-11-03T13:00:00.000,137,77,60
2013-11-03T14:00:00.000,168,115,53
2013-11-03T15:00:00.000,113,58,55
2013-11-03T16:00:00.000,113,68,45
2013-11-03T17:00:00.000,95,41,54
2013-11-03T18:00:00.000,42,19,23
2013-11-03T19:00:00.000,26,9,17
2013-11-03T20:00:00.000,22,11,11
2013-11-03T21:00:00.000,20,11,9
2013-11-03T22:00:00.000,17,3,14
2013-11-03T23:00:00.000,13,3,10
2013-11-04T00:00:00.000,10,3,7
2013-11-04T01:00:00.000,4,4,0
2013-11-04T02:00:00.000,2,2,0
2013-11-04T03:00:00.000,3,2,1
2013-11-04T04:00:00.000,6,4,2
2013-11-04T05:00:00.000,23,18,5
2013-11-04T06:00:00.000,115,77,38
2013-11-04T07:00:00.000,317,236,81
2013-11-04T08:00:00.000,424,286,138
2013-11-04T09:00:00.000,233,142,91
2013-11-04T10:00:00.000,96,62,34
2013-11-04T11:00:00.000,84,48,36
2013-11-04T12:00:00.000,84,45,39
2013-11-04T13:00:00.000,77,48,29
2013-11-04T14:00:00.000,97,52,45
2013-11-04T15:00:00.000,123,52,71
2013-11-04T16:00:00.000,237,91,146
2013-11-04T17:00:00.000,499,137,362
2013-11-04T18:00:00.000,313,107,206
2013-11-04T19:00:00.000,136,56,80
2013-11-04T20:00:00.000,62,23,39
2013-11-04T21:00:00.000,65,33,32
2013-11-04T22:00:00.000,29,11,18
2013-11-04T23:00:00.000,19,5,14
2013-11-05T00:00:00.000,8,6,2
2013-11-05T01:00:00.000,3,1,2
2013-11-05T02:00:00.000,4,4,0
2013-11-05T03:00:00.000,1,1,0
2013-11-05T04:00:00.000,4,2,2
2013-11-05T05:00:00.000,22,17,5
2013-11-05T06:00:00.000,97,66,31
2013-11-05T07:00:00.000,283,205,78
2013-11-05T08:00:00.000,376,250,126
2013-11-05T09:00:00.000,229,141,88
2013-11-05T10:00:00.000,111,66,45
2013-11-05T11:00:00.000,67,41,26
2013-11-05T12:00:00.000,69,43,26
2013-11-05T13:00:00.000,59,34,25
2013-11-05T14:00:00.000,89,47,42
2013-11-05T15:00:00.000,115,54,61
2013-11-05T16:00:00.000,208,76,132
2013-11-05T17:00:00.000,419,116,303
2013-11-05T18:00:00.000,317,107,210
2013-11-05T19:00:00.000,151,55,96
2013-11-05T20:00:00.000,71,32,39
2013-11-05T21:00:00.000,44,27,17
2013-11-05T22:00:00.000,23,11,12
2013-11-05T23:00:00.000,19,10,9
2013-11-06T00:00:00.000,14,4,10
2013-11-06T01:00:00.000,2,1,1
2013-11-06T02:00:00.000,4,3,1
2013-11-06T03:00:00.000,2,1,1
2013-11-06T04:00:00.000,8,3,5
2013-11-06T05:00:00.000,24,18,6
2013-11-06T06:00:00.000,97,70,27
2013-11-06T07:00:00.000,266,204,62
2013-11-06T08:00:00.000,409,278,131
2013-11-06T09:00:00.000,267,166,101
2013-11-06T10:00:00.000,110,59,51
2013-11-06T11:00:00.000,53,26,27
2013-11-06T12:00:00.000,91,54,37
2013-11-06T13:00:00.000,87,49,38
2013-11-06T14:00:00.000,88,44,44
2013-11-06T15:00:00.000,105,49,56
2013-11-06T16:00:00.000,193,82,111
2013-11-06T17:00:00.000,464,142,322
2013-11-06T18:00:00.000,335,108,227
2013-11-06T19:00:00.000,115,46,69
2013-11-06T20:00:00.000,66,22,44
2013-11-06T21:00:00.000,53,20,33
2013-11-06T22:00:00.000,40,17,23
2013-11-06T23:00:00.000,25,7,18
2013-11-07T00:00:00.000,5,4,1
2013-11-07T01:00:00.000,6,1,5
2013-11-07T02:00:00.000,0,0,0
2013-11-07T03:00:00.000,3,3,0
2013-11-07T04:00:00.000,5,1,4
2013-11-07T05:00:00.000,18,13,5
2013-11-07T06:00:00.000,55,39,16
2013-11-07T07:00:00.000,160,112,48
2013-11-07T08:00:00.000,251,155,96
2013-11-07T09:00:00.000,154,104,50
2013-11-07T10:00:00.000,46,24,22
2013-11-07T11:00:00.000,47,24,23
2013-11-07T12:00:00.000,52,30,22
2013-11-07T13:00:00.000,35,21,14
2013-11-07T14:00:00.000,47,24,23
2013-11-07T15:00:00.000,57,28,29
2013-11-07T16:00:00.000,119,51,68
2013-11-07T17:00:00.000,244,81,163
2013-11-07T18:00:00.000,185,50,135
2013-11-07T19:00:00.000,98,36,62
2013-11-07T20:00:00.000,51,17,34
2013-11-07T21:00:00.000,23,12,11
2013-11-07T22:00:00.000,29,18,11
2013-11-07T23:00:00.000,19,5,14
2013-11-08T00:00:00.000,10,7,3
2013-11-08T01:00:00.000,3,1,2
2013-11-08T02:00:00.000,4,0,4
2013-11-08T03:00:00.000,1,0,1
2013-11-08T04:00:00.000,8,3,5
2013-11-08T05:00:00.000,13,10,3
2013-11-08T06:00:00.000,90,54,36
2013-11-08T07:00:00.000,204,148,56
2013-11-08T08:00:00.000,340,242,98
2013-11-08T09:00:00.000,249,160,89
2013-11-08T10:00:00.000,112,65,47
2013-11-08T11:00:00.000,69,43,26
2013-11-08T12:00:00.000,80,48,32
2013-11-08T13:00:00.000,101,55,46
2013-11-08T14:00:00.000,111,69,42
2013-11-08T15:00:00.000,117,62,55
2013-11-08T16:00:00.000,238,94,144
2013-11-08T17:00:00.000,414,113,301
2013-11-08T18:00:00.000,223,82,141
2013-11-08T19:00:00.000,105,38,67
2013-11-08T20:00:00.000,55,18,37
2013-11-08T21:00:00.000,29,15,14
2013-11-08T22:00:00.000,31,20,11
2013-11-08T23:00:00.000,25,14,11
2013-11-09T00:00:00.000,12,6,6
2013-11-09T01:00:00.000,9,7,2
2013-11-09T02:00:00.000,14,8,6
2013-11-09T03:00:00.000,3,2,1
2013-11-09T04:00:00.000,0,0,0
2013-11-09T05:00:00.000,7,5,2
2013-11-09T06:00:00.000,15,8,7
2013-11-09T07:00:00.000,19,11,8
2013-11-09T08:00:00.000,54,28,26
2013-11-09T09:00:00.000,82,43,39
2013-11-09T10:00:00.000,105,64,41
2013-11-09T11:00:00.000,117,63,54
2013-11-09T12:00:00.000,106,73,33
2013-11-09T13:00:00.000,137,72,65
2013-11-09T14:00:00.000,104,57,47
2013-11-09T15:00:00.000,105,57,48
2013-11-09T16:00:00.000,99,58,41
2013-11-09T17:00:00.000,56,28,28
2013-11-09T18:00:00.000,34,12,22
2013-11-09T19:00:00.000,24,12,12
2013-11-09T20:00:00.000,28,13,15
2013-11-09T21:00:00.000,34,7,27
2013-11-09T22:00:00.000,15,5,10
2013-11-09T23:00:00.000,14,5,9
2013-11-10T00:00:00.000,19,10,9
2013-11-10T01:00:00.000,9,2,7
2013-11-10T02:00:00.000,7,4,3
2013-11-10T03:00:00.000,4,4,0
2013-11-10T04:00:00.000,1,0,1
2013-11-10T05:00:00.000,4,2,2
2013-11-10T06:00:00.000,11,4,7
2013-11-10T07:00:00.000,19,14,5
2013-11-10T08:00:00.000,32,18,14
2013-11-10T09:00:00.000,64,24,40
2013-11-10T10:00:00.000,73,34,39
2013-11-10T11:00:00.000,64,31,33
2013-11-10T12:00:00.000,85,46,39
2013-11-10T13:00:00.000,87,46,41
2013-11-10T14:00:00.000,98,57,41
2013-11-10T15:00:00.000,108,50,58
2013-11-10T16:00:00.000,89,46,43
2013-11-10T17:00:00.000,75,42,33
2013-11-10T18:00:00.000,33,22,11
2013-11-10T19:00:00.000,25,11,14
2013-11-10T20:00:00.000,28,15,13
2013-11-10T21:00:00.000,23,13,10
2013-11-10T22:00:00.000,16,6,10
2013-11-10T23:00:00.000,16,4,12
2013-11-11T00:00:00.000,6,4,2
2013-11-11T01:00:00.000,4,1,3
2013-11-11T02:00:00.000,3,2,1
2013-11-11T03:00:00.000,1,1,0
2013-11-11T04:00:00.000,6,3,3
2013-11-11T05:00:00.000,17,13,4
2013-11-11T06:00:00.000,82,53,29
2013-11-11T07:00:00.000,203,149,54
2013-11-11T08:00:00.000,300,217,83
2013-11-11T09:00:00.000,227,141,86
2013-11-11T10:00:00.000,99,57,42
2013-11-11T11:00:00.000,86,48,38
2013-11-11T12:00:00.000,94,49,45
2013-11-11T13:00:00.000,103,50,53
2013-11-11T14:00:00.000,126,66,60
2013-11-11T15:00:00.000,133,73,60
2013-11-11T16:00:00.000,223,92,131
2013-11-11T17:00:00.000,376,104,272
2013-11-11T18:00:00.000,285,80,205
2013-11-11T19:00:00.000,117,36,81
2013-11-11T20:00:00.000,63,19,44
2013-11-11T21:00:00.000,55,14,41
2013-11-11T22:00:00.000,32,18,14
2013-11-11T23:00:00.000,20,8,12
2013-11-12T00:00:00.000,13,5,8
2013-11-12T01:00:00.000,6,6,0
2013-11-12T02:00:00.000,2,2,0
2013-11-12T03:00:00.000,2,2,0
2013-11-12T04:00:00.000,6,2,4
2013-11-12T05:00:00.000,19,16,3
2013-11-12T06:00:00.000,91,63,28
2013-11-12T07:00:00.000,187,134,53
2013-11-12T08:00:00.000,305,212,93
2013-11-12T09:00:00.000,251,151,100
2013-11-12T10:00:00.000,85,46,39
2013-11-12T11:00:00.000,56,32,24
2013-11-12T12:00:00.000,60,29,31
2013-11-12T13:00:00.000,55,32,23
2013-11-12T14:00:00.000,66,34,32
2013-11-12T15:00:00.000,106,55,51
2013-11-12T16:00:00.000,176,68,108
2013-11-12T17:00:00.000,353,125,228
2013-11-12T18:00:00.000,267,89,178
2013-11-12T19:00:00.000,126,47,79
2013-11-12T20:00:00.000,77,31,46
2013-11-12T21:00:00.000,48,17,31
2013-11-12T22:00:00.000,41,18,23
2013-11-12T23:00:00.000,18,12,6
2013-11-13T00:00:00.000,7,2,5
2013-11-13T01:00:00.000,7,3,4
2013-11-13T02:00:00.000,5,3,2
2013-11-13T03:00:00.000,2,2,0
2013-11-13T04:00:00.000,10,5,5
2013-11-13T05:00:00.000,32,25,7
2013-11-13T06:00:00.000,101,66,35
2013-11-13T07:00:00.000,263,192,71
2013-11-13T08:00:00.000,416,283,133
2013-11-13T09:00:00.000,281,193,88
2013-11-13T10:00:00.000,132,69,63
2013-11-13T11:00:00.000,72,32,40
2013-11-13T12:00:00.000,80,52,28
2013-11-13T13:00:00.000,77,42,35
2013-11-13T14:00:00.000,79,37,42
2013-11-13T15:00:00.000,122,64,58
2013-11-13T16:00:00.000,229,95,134
2013-11-13T17:00:00.000,445,140,305
2013-11-13T18:00:00.000,342,113,229
2013-11-13T19:00:00.000,144,47,97
2013-11-13T20:00:00.000,88,44,44
2013-11-13T21:00:00.000,66,34,32
2013-11-13T22:00:00.000,46,25,21
2013-11-13T23:00:00.000,21,10,11
2013-11-14T00:00:00.000,9,4,5
2013-11-14T01:00:00.000,6,4,2
2013-11-14T02:00:00.000,6,4,2
2013-11-14T03:00:00.000,1,1,0
2013-11-14T04:00:00.000,5,2,3
2013-11-14T05:00:00.000,21,15,6
2013-11-14T06:00:00.000,100,69,31
2013-11-14T07:00:00.000,247,175,72
2013-11-14T08:00:00.000,368,264,104
2013-11-14T09:00:00.000,235,158,77
2013-11-14T10:00:00.000,102,50,52
2013-11-14T11:00:00.000,64,28,36
2013-11-14T12:00:00.000,62,43,19
2013-11-14T13:00:00.000,67,34,33
2013-11-14T14:00:00.000,53,26,27
2013-11-14T15:00:00.000,94,44,50
2013-11-14T16:00:00.000,189,73,116
2013-11-14T17:00:00.000,371,127,244
2013-11-14T18:00:00.000,278,79,199
2013-11-14T19:00:00.000,131,48,83
2013-11-14T20:00:00.000,74,27,47
2013-11-14T21:00:00.000,45,17,28
2013-11-14T22:00:00.000,41,14,27
2013-11-14T23:00:00.000,22,12,10
2013-11-15T00:00:00.000,7,2,5
2013-11-15T01:00:00.000,7,3,4
2013-11-15T02:00:00.000,5,3,2
2013-11-15T03:00:00.000,1,1,0
2013-11-15T04:00:00.000,5,3,2
2013-11-15T05:00:00.000,17,14,3
2013-11-15T06:00:00.000,81,48,33
2013-11-15T07:00:00.000,195,143,52
2013-11-15T08:00:00.000,283,190,93
2013-11-15T09:00:00.000,219,140,79
2013-11-15T10:00:00.000,92,60,32
2013-11-15T11:00:00.000,56,33,23
2013-11-15T12:00:00.000,39,20,19
2013-11-15T13:00:00.000,45,25,20
2013-11-15T14:00:00.000,42,27,15
2013-11-15T15:00:00.000,98,41,57
2013-11-15T16:00:00.000,166,56,110
2013-11-15T17:00:00.000,309,89,220
2013-11-15T18:00:00.000,189,51,138
2013-11-15T19:00:00.000,92,30,62
2013-11-15T20:00:00.000,52,22,30
2013-11-15T21:00:00.000,26,14,12
2013-11-15T22:00:00.000,22,8,14
2013-11-15T23:00:00.000,15,6,9
2013-11-16T00:00:00.000,13,5,8
2013-11-16T01:00:00.000,6,3,3
2013-11-16T02:00:00.000,7,2,5
2013-11-16T03:00:00.000,0,0,0
2013-11-16T04:00:00.000,3,2,1
2013-11-16T05:00:00.000,5,1,4
2013-11-16T06:00:00.000,14,10,4
2013-11-16T07:00:00.000,16,10,6
2013-11-16T08:00:00.000,42,26,16
2013-11-16T09:00:00.000,72,34,38
2013-11-16T10:00:00.000,74,50,24
2013-11-16T11:00:00.000,114,55,59
2013-11-16T12:00:00.000,142,96,46
2013-11-16T13:00:00.000,106,56,50
2013-11-16T14:00:00.000,91,57,34
2013-11-16T15:00:00.000,90,42,48
2013-11-16T16:00:00.000,93,46,47
2013-11-16T17:00:00.000,73,40,33
2013-11-16T18:00:00.000,41,19,22
2013-11-16T19:00:00.000,36,24,12
2013-11-16T20:00:00.000,28,8,20
2013-11-16T21:00:00.000,24,9,15
2013-11-16T22:00:00.000,16,6,10
2013-11-16T23:00:00.000,15,4,11
2013-11-17T00:00:00.000,14,7,7
2013-11-17T01:00:00.000,6,4,2
2013-11-17T02:00:00.000,2,1,1
2013-11-17T03:00:00.000,6,5,1
2013-11-17T04:00:00.000,5,1,4
2013-11-17T05:00:00.000,4,1,3
2013-11-17T06:00:00.000,8,2,6
2013-11-17T07:00:00.000,16,11,5
2013-11-17T08:00:00.000,36,16,20
2013-11-17T09:00:00.000,65,38,27
2013-11-17T10:00:00.000,68,43,25
2013-11-17T11:00:00.000,92,49,43
2013-11-17T12:00:00.000,88,52,36
2013-11-17T13:00:00.000,82,37,45
2013-11-17T14:00:00.000,88,60,28
2013-11-17T15:00:00.000,88,52,36
2013-11-17T16:00:00.000,56,30,26
2013-11-17T17:00:00.000,68,36,32
2013-11-17T18:00:00.000,49,26,23
2013-11-17T19:00:00.000,51,31,20
2013-11-17T20:00:00.000,26,13,13
2013-11-17T21:00:00.000,22,14,8
2013-11-17T22:00:00.000,14,4,10
2013-11-17T23:00:00.000,12,6,6
2013-11-18T00:00:00.000,8,4,4
2013-11-18T01:00:00.000,3,2,1
2013-11-18T02:00:00.000,1,1,0
2013-11-18T03:00:00.000,2,2,0
2013-11-18T04:00:00.000,2,1,1
2013-11-18T05:00:00.000,25,16,9
2013-11-18T06:00:00.000,80,55,25
2013-11-18T07:00:00.000,228,167,61
2013-11-18T08:00:00.000,339,236,103
2013-11-18T09:00:00.000,228,147,81
2013-11-18T10:00:00.000,69,43,26
2013-11-18T11:00:00.000,48,31,17
2013-11-18T12:00:00.000,27,15,12
2013-11-18T13:00:00.000,39,16,23
2013-11-18T14:00:00.000,41,17,24
2013-11-18T15:00:00.000,64,29,35
2013-11-18T16:00:00.000,137,47,90
2013-11-18T17:00:00.000,321,87,234
2013-11-18T18:00:00.000,241,72,169
2013-11-18T19:00:00.000,103,31,72
2013-11-18T20:00:00.000,49,21,28
2013-11-18T21:00:00.000,27,11,16
2013-11-18T22:00:00.000,19,8,11
2013-11-18T23:00:00.000,11,7,4
2013-11-19T00:00:00.000,9,3,6
2013-11-19T01:00:00.000,5,2,3
2013-11-19T02:00:00.000,5,4,1
2013-11-19T03:00:00.000,1,1,0
2013-11-19T04:00:00.000,4,2,2
2013-11-19T05:00:00.000,20,17,3
2013-11-19T06:00:00.000,78,51,27
2013-11-19T07:00:00.000,220,161,59
2013-11-19T08:00:00.000,319,228,91
2013-11-19T09:00:00.000,194,124,70
2013-11-19T10:00:00.000,92,55,37
2013-11-19T11:00:00.000,46,32,14
2013-11-19T12:00:00.000,50,30,20
2013-11-19T13:00:00.000,45,22,23
2013-11-19T14:00:00.000,66,36,30
2013-11-19T15:00:00.000,96,47,49
2013-11-19T16:00:00.000,148,62,86
2013-11-19T17:00:00.000,357,105,252
2013-11-19T18:00:00.000,275,75,200
2013-11-19T19:00:00.000,104,26,78
2013-11-19T20:00:00.000,85,43,42
2013-11-19T21:00:00.000,44,23,21
2013-11-19T22:00:00.000,28,10,18
2013-11-19T23:00:00.000,18,7,11
2013-11-20T00:00:00.000,6,4,2
2013-11-20T01:00:00.000,4,2,2
2013-11-20T02:00:00.000,4,2,2
2013-11-20T03:00:00.000,4,4,0
2013-11-20T04:00:00.000,4,2,2
2013-11-20T05:00:00.000,24,19,5
2013-11-20T06:00:00.000,78,56,22
2013-11-20T07:00:00.000,231,161,70
2013-11-20T08:00:00.000,374,262,112
2013-11-20T09:00:00.000,292,178,114
2013-11-20T10:00:00.000,81,44,37
2013-11-20T11:00:00.000,87,53,34
2013-11-20T12:00:00.000,72,41,31
2013-11-20T13:00:00.000,91,50,41
2013-11-20T14:00:00.000,93,45,48
2013-11-20T15:00:00.000,129,68,61
2013-11-20T16:00:00.000,220,93,127
2013-11-20T17:00:00.000,406,121,285
2013-11-20T18:00:00.000,323,117,206
2013-11-20T19:00:00.000,130,42,88
2013-11-20T20:00:00.000,58,17,41
2013-11-20T21:00:00.000,56,24,32
2013-11-20T22:00:00.000,32,14,18
2013-11-20T23:00:00.000,35,26,9
2013-11-21T00:00:00.000,13,6,7
2013-11-21T01:00:00.000,3,1,2
2013-11-21T02:00:00.000,3,3,0
2013-11-21T03:00:00.000,4,3,1
2013-11-21T04:00:00.000,12,1,11
2013-11-21T05:00:00.000,23,20,3
2013-11-21T06:00:00.000,66,49,17
2013-11-21T07:00:00.000,211,151,60
2013-11-21T08:00:00.000,342,245,97
2013-11-21T09:00:00.000,226,145,81
2013-11-21T10:00:00.000,103,63,40
2013-11-21T11:00:00.000,76,39,37
2013-11-21T12:00:00.000,78,35,43
2013-11-21T13:00:00.000,79,47,32
2013-11-21T14:00:00.000,87,49,38
2013-11-21T15:00:00.000,120,54,66
2013-11-21T16:00:00.000,180,74,106
2013-11-21T17:00:00.000,303,93,210
2013-11-21T18:00:00.000,283,84,199
2013-11-21T19:00:00.000,132,41,91
2013-11-21T20:00:00.000,69,23,46
2013-11-21T21:00:00.000,35,19,16
2013-11-21T22:00:00.000,29,9,20
2013-11-21T23:00:00.000,28,21,7
2013-11-22T00:00:00.000,16,6,10
2013-11-22T01:00:00.000,6,2,4
2013-11-22T02:00:00.000,5,4,1
2013-11-22T03:00:00.000,3,3,0
2013-11-22T04:00:00.000,4,2,2
2013-11-22T05:00:00.000,15,13,2
2013-11-22T06:00:00.000,63,44,19
2013-11-22T07:00:00.000,193,139,54
2013-11-22T08:00:00.000,288,208,80
2013-11-22T09:00:00.000,220,152,68
2013-11-22T10:00:00.000,90,55,35
2013-11-22T11:00:00.000,57,31,26
2013-11-22T12:00:00.000,86,48,38
2013-11-22T13:00:00.000,76,46,30
2013-11-22T14:00:00.000,87,54,33
2013-11-22T15:00:00.000,145,65,80
2013-11-22T16:00:00.000,201,87,114
2013-11-22T17:00:00.000,311,90,221
2013-11-22T18:00:00.000,219,66,153
2013-11-22T19:00:00.000,120,64,56
2013-11-22T20:00:00.000,39,13,26
2013-11-22T21:00:00.000,30,15,15
2013-11-22T22:00:00.000,28,15,13
2013-11-22T23:00:00.000,28,14,14
2013-11-23T00:00:00.000,21,6,15
2013-11-23T01:00:00.000,3,2,1
2013-11-23T02:00:00.000,11,6,5
2013-11-23T03:00:00.000,4,3,1
2013-11-23T04:00:00.000,3,1,2
2013-11-23T05:00:00.000,9,4,5
2013-11-23T06:00:00.000,16,10,6
2013-11-23T07:00:00.000,21,12,9
2013-11-23T08:00:00.000,41,20,21
2013-11-23T09:00:00.000,56,30,26
2013-11-23T10:00:00.000,91,43,48
2013-11-23T11:00:00.000,151,119,32
2013-11-23T12:00:00.000,101,62,39
2013-11-23T13:00:00.000,134,87,47
2013-11-23T14:00:00.000,135,71,64
2013-11-23T15:00:00.000,106,59,47
2013-11-23T16:00:00.000,85,48,37
2013-11-23T17:00:00.000,60,28,32
2013-11-23T18:00:00.000,39,19,20
2013-11-23T19:00:00.000,33,17,16
2013-11-23T20:00:00.000,31,18,13
2013-11-23T21:00:00.000,24,12,12
2013-11-23T22:00:00.000,16,5,11
2013-11-23T23:00:00.000,19,4,15
2013-11-24T00:00:00.000,10,8,2
2013-11-24T01:00:00.000,6,1,5
2013-11-24T02:00:00.000,5,4,1
2013-11-24T03:00:00.000,4,2,2
2013-11-24T04:00:00.000,4,2,2
2013-11-24T05:00:00.000,4,4,0
2013-11-24T06:00:00.000,3,1,2
2013-11-24T07:00:00.000,15,6,9
2013-11-24T08:00:00.000,35,23,12
2013-11-24T09:00:00.000,50,30,20
2013-11-24T10:00:00.000,80,44,36
2013-11-24T11:00:00.000,92,61,31
2013-11-24T12:00:00.000,104,62,42
2013-11-24T13:00:00.000,128,73,55
2013-11-24T14:00:00.000,135,80,55
2013-11-24T15:00:00.000,149,94,55
2013-11-24T16:00:00.000,117,63,54
2013-11-24T17:00:00.000,68,27,41
2013-11-24T18:00:00.000,40,26,14
2013-11-24T19:00:00.000,21,6,15
2013-11-24T20:00:00.000,36,16,20
2013-11-24T21:00:00.000,9,4,5
2013-11-24T22:00:00.000,17,5,12
2013-11-24T23:00:00.000,9,2,7
2013-11-25T00:00:00.000,8,5,3
2013-11-25T01:00:00.000,5,4,1
2013-11-25T02:00:00.000,4,3,1
2013-11-25T03:00:00.000,2,1,1
2013-11-25T04:00:00.000,8,4,4
2013-11-25T05:00:00.000,36,28,8
2013-11-25T06:00:00.000,85,57,28
2013-11-25T07:00:00.000,236,182,54
2013-11-25T08:00:00.000,342,239,103
2013-11-25T09:00:00.000,219,143,76
2013-11-25T10:00:00.000,95,62,33
2013-11-25T11:00:00.000,61,34,27
2013-11-25T12:00:00.000,68,42,26
2013-11-25T13:00:00.000,78,33,45
2013-11-25T14:00:00.000,79,39,40
2013-11-25T15:00:00.000,117,66,51
2013-11-25T16:00:00.000,193,70,123
2013-11-25T17:00:00.000,398,120,278
2013-11-25T18:00:00.000,314,108,206
2013-11-25T19:00:00.000,109,38,71
2013-11-25T20:00:00.000,67,24,43
2013-11-25T21:00:00.000,34,17,17
2013-11-25T22:00:00.000,33,12,21
2013-11-25T23:00:00.000,18,4,14
2013-11-26T00:00:00.000,10,6,4
2013-11-26T01:00:00.000,5,2,3
2013-11-26T02:00:00.000,2,2,0
2013-11-26T03:00:00.000,0,0,0
2013-11-26T04:00:00.000,6,2,4
2013-11-26T05:00:00.000,23,17,6
2013-11-26T06:00:00.000,87,59,28
2013-11-26T07:00:00.000,225,167,58
2013-11-26T08:00:00.000,346,253,93
2013-11-26T09:00:00.000,210,125,85
2013-11-26T10:00:00.000,87,55,32
2013-11-26T11:00:00.000,65,27,38
2013-11-26T12:00:00.000,83,59,24
2013-11-26T13:00:00.000,77,37,40
2013-11-26T14:00:00.000,98,59,39
2013-11-26T15:00:00.000,126,56,70
2013-11-26T16:00:00.000,198,80,118
2013-11-26T17:00:00.000,344,100,244
2013-11-26T18:00:00.000,270,102,168
2013-11-26T19:00:00.000,126,44,82
2013-11-26T20:00:00.000,68,27,41
2013-11-26T21:00:00.000,30,12,18
2013-11-26T22:00:00.000,39,18,21
2013-11-26T23:00:00.000,16,8,8
2013-11-27T00:00:00.000,6,4,2
2013-11-27T01:00:00.000,6,3,3
2013-11-27T02:00:00.000,4,2,2
2013-11-27T03:00:00.000,4,1,3
2013-11-27T04:00:00.000,6,4,2
2013-11-27T05:00:00.000,16,12,4
2013-11-27T06:00:00.000,79,61,18
2013-11-27T07:00:00.000,183,130,53
2013-11-27T08:00:00.000,274,188,86
2013-11-27T09:00:00.000,188,135,53
2013-11-27T10:00:00.000,101,55,46
2013-11-27T11:00:00.000,69,38,31
2013-11-27T12:00:00.000,75,49,26
2013-11-27T13:00:00.000,89,44,45
2013-11-27T14:00:00.000,146,62,84
2013-11-27T15:00:00.000,192,78,114
2013-11-27T16:00:00.000,238,81,157
2013-11-27T17:00:00.000,225,64,161
2013-11-27T18:00:00.000,158,70,88
2013-11-27T19:00:00.000,87,43,44
2013-11-27T20:00:00.000,42,13,29
2013-11-27T21:00:00.000,28,15,13
2013-11-27T22:00:00.000,23,9,14
2013-11-27T23:00:00.000,12,8,4
2013-11-28T00:00:00.000,12,6,6
2013-11-28T01:00:00.000,6,3,3
2013-11-28T02:00:00.000,4,2,2
2013-11-28T03:00:00.000,2,0,2
2013-11-28T04:00:00.000,4,3,1
2013-11-28T05:00:00.000,3,2,1
2013-11-28T06:00:00.000,5,3,2
2013-11-28T07:00:00.000,22,10,12
2013-11-28T08:00:00.000,20,11,9
2013-11-28T09:00:00.000,45,17,28
2013-11-28T10:00:00.000,57,25,32
2013-11-28T11:00:00.000,59,33,26
2013-11-28T12:00:00.000,68,29,39
2013-11-28T13:00:00.000,74,43,31
2013-11-28T14:00:00.000,58,37,21
2013-11-28T15:00:00.000,45,29,16
2013-11-28T16:00:00.000,26,17,9
2013-11-28T17:00:00.000,15,10,5
2013-11-28T18:00:00.000,11,7,4
2013-11-28T19:00:00.000,10,3,7
2013-11-28T20:00:00.000,11,7,4
2013-11-28T21:00:00.000,8,4,4
2013-11-28T22:00:00.000,8,4,4
2013-11-28T23:00:00.000,9,6,3
2013-11-29T00:00:00.000,11,2,9
2013-11-29T01:00:00.000,9,9,0
2013-11-29T02:00:00.000,5,2,3
2013-11-29T03:00:00.000,2,2,0
2013-11-29T04:00:00.000,5,3,2
2013-11-29T05:00:00.000,7,6,1
2013-11-29T06:00:00.000,28,18,10
2013-11-29T07:00:00.000,36,22,14
2013-11-29T08:00:00.000,31,18,13
2013-11-29T09:00:00.000,54,37,17
2013-11-29T10:00:00.000,67,35,32
2013-11-29T11:00:00.000,76,46,30
2013-11-29T12:00:00.000,86,44,42
2013-11-29T13:00:00.000,73,34,39
2013-11-29T14:00:00.000,81,49,32
2013-11-29T15:00:00.000,72,28,44
2013-11-29T16:00:00.000,103,62,41
2013-11-29T17:00:00.000,81,31,50
2013-11-29T18:00:00.000,64,24,40
2013-11-29T19:00:00.000,45,17,28
2013-11-29T20:00:00.000,20,10,10
2013-11-29T21:00:00.000,18,12,6
2013-11-29T22:00:00.000,12,5,7
2013-11-29T23:00:00.000,18,7,11
2013-11-30T00:00:00.000,6,2,4
2013-11-30T01:00:00.000,3,1,2
2013-11-30T02:00:00.000,2,1,1
2013-11-30T03:00:00.000,3,3,0
2013-11-30T04:00:00.000,3,1,2
2013-11-30T05:00:00.000,5,4,1
2013-11-30T06:00:00.000,13,6,7
2013-11-30T07:00:00.000,12,9,3
2013-11-30T08:00:00.000,53,29,24
2013-11-30T09:00:00.000,60,35,25
2013-11-30T10:00:00.000,57,37,20
2013-11-30T11:00:00.000,79,39,40
2013-11-30T12:00:00.000,69,41,28
2013-11-30T13:00:00.000,108,52,56
2013-11-30T14:00:00.000,81,46,35
2013-11-30T15:00:00.000,72,36,36
2013-11-30T16:00:00.000,61,27,34
2013-11-30T17:00:00.000,51,21,30
2013-11-30T18:00:00.000,29,16,13
2013-11-30T19:00:00.000,25,9,16
2013-11-30T20:00:00.000,27,10,17
2013-11-30T21:00:00.000,17,6,11
2013-11-30T22:00:00.000,11,3,8
2013-11-30T23:00:00.000,18,8,10
2013-12-01T00:00:00.000,12,4,8
2013-12-01T01:00:00.000,7,3,4
2013-12-01T02:00:00.000,5,1,4
2013-12-01T03:00:00.000,1,1,0
2013-12-01T04:00:00.000,3,1,2
2013-12-01T05:00:00.000,2,2,0
2013-12-01T06:00:00.000,8,6,2
2013-12-01T07:00:00.000,20,14,6
2013-12-01T08:00:00.000,28,12,16
2013-12-01T09:00:00.000,33,18,15
2013-12-01T10:00:00.000,53,29,24
2013-12-01T11:00:00.000,57,28,29
2013-12-01T12:00:00.000,69,34,35
2013-12-01T13:00:00.000,61,43,18
2013-12-01T14:00:00.000,68,41,27
2013-12-01T15:00:00.000,60,30,30
2013-12-01T16:00:00.000,56,43,13
2013-12-01T17:00:00.000,40,26,14
2013-12-01T18:00:00.000,19,10,9
2013-12-01T19:00:00.000,20,11,9
2013-12-01T20:00:00.000,16,10,6
2013-12-01T21:00:00.000,10,8,2
2013-12-01T22:00:00.000,20,5,15
2013-12-01T23:00:00.000,13,3,10
2013-12-02T00:00:00.000,9,7,2
2013-12-02T01:00:00.000,2,2,0
2013-12-02T02:00:00.000,2,1,1
2013-12-02T03:00:00.000,4,4,0
2013-12-02T04:00:00.000,4,2,2
2013-12-02T05:00:00.000,28,22,6
2013-12-02T06:00:00.000,73,50,23
2013-12-02T07:00:00.000,218,163,55
2013-12-02T08:00:00.000,308,211,97
2013-12-02T09:00:00.000,209,142,67
2013-12-02T10:00:00.000,65,41,24
2013-12-02T11:00:00.000,70,32,38
2013-12-02T12:00:00.000,73,41,32
2013-12-02T13:00:00.000,62,35,27
2013-12-02T14:00:00.000,82,42,40
2013-12-02T15:00:00.000,104,57,47
2013-12-02T16:00:00.000,181,74,107
2013-12-02T17:00:00.000,338,98,240
2013-12-02T18:00:00.000,246,92,154
2013-12-02T19:00:00.000,87,33,54
2013-12-02T20:00:00.000,49,19,30
2013-12-02T21:00:00.000,38,17,21
2013-12-02T22:00:00.000,21,10,11
2013-12-02T23:00:00.000,10,4,6
2013-12-03T00:00:00.000,11,6,5
2013-12-03T01:00:00.000,3,1,2
2013-12-03T02:00:00.000,3,2,1
2013-12-03T03:00:00.000,3,3,0
2013-12-03T04:00:00.000,5,3,2
2013-12-03T05:00:00.000,19,16,3
2013-12-03T06:00:00.000,70,45,25
2013-12-03T07:00:00.000,190,130,60
2013-12-03T08:00:00.000,309,217,92
2013-12-03T09:00:00.000,219,134,85
2013-12-03T10:00:00.000,84,52,32
2013-12-03T11:00:00.000,63,27,36
2013-12-03T12:00:00.000,54,36,18
2013-12-03T13:00:00.000,57,33,24
2013-12-03T14:00:00.000,71,37,34
2013-12-03T15:00:00.000,83,42,41
2013-12-03T16:00:00.000,155,63,92
2013-12-03T17:00:00.000,296,91,205
2013-12-03T18:00:00.000,249,82,167
2013-12-03T19:00:00.000,114,44,70
2013-12-03T20:00:00.000,47,19,28
2013-12-03T21:00:00.000,48,15,33
2013-12-03T22:00:00.000,38,17,21
2013-12-03T23:00:00.000,20,10,10
2013-12-04T00:00:00.000,14,4,10
2013-12-04T01:00:00.000,1,0,1
2013-12-04T02:00:00.000,4,3,1
2013-12-04T03:00:00.000,1,1,0
2013-12-04T04:00:00.000,5,3,2
2013-12-04T05:00:00.000,22,14,8
2013-12-04T06:00:00.000,60,50,10
2013-12-04T07:00:00.000,156,120,36
2013-12-04T08:00:00.000,290,201,89
2013-12-04T09:00:00.000,206,146,60
2013-12-04T10:00:00.000,85,44,41
2013-12-04T11:00:00.000,61,37,24
2013-12-04T12:00:00.000,56,33,23
2013-12-04T13:00:00.000,53,31,22
2013-12-04T14:00:00.000,59,39,20
2013-12-04T15:00:00.000,85,50,35
2013-12-04T16:00:00.000,138,54,84
2013-12-04T17:00:00.000,301,93,208
2013-12-04T18:00:00.000,261,87,174
2013-12-04T19:00:00.000,82,30,52
2013-12-04T20:00:00.000,47,20,27
2013-12-04T21:00:00.000,42,17,25
2013-12-04T22:00:00.000,23,9,14
2013-12-04T23:00:00.000,26,13,13
2013-12-05T00:00:00.000,10,4,6
2013-12-05T01:00:00.000,2,1,1
2013-12-05T02:00:00.000,2,1,1
2013-12-05T03:00:00.000,3,2,1
2013-12-05T04:00:00.000,4,2,2
2013-12-05T05:00:00.000,18,16,2
2013-12-05T06:00:00.000,59,43,16
2013-12-05T07:00:00.000,171,113,58
2013-12-05T08:00:00.000,267,177,90
2013-12-05T09:00:00.000,188,123,65
2013-12-05T10:00:00.000,84,45,39
2013-12-05T11:00:00.000,38,25,13
2013-12-05T12:00:00.000,46,22,24
2013-12-05T13:00:00.000,55,28,27
2013-12-05T14:00:00.000,49,29,20
2013-12-05T15:00:00.000,86,42,44
2013-12-05T16:00:00.000,130,56,74
2013-12-05T17:00:00.000,268,90,178
2013-12-05T18:00:00.000,222,86,136
2013-12-05T19:00:00.000,103,37,66
2013-12-05T20:00:00.000,55,17,38
2013-12-05T21:00:00.000,33,13,20
2013-12-05T22:00:00.000,24,6,18
2013-12-05T23:00:00.000,21,10,11
2013-12-06T00:00:00.000,9,3,6
2013-12-06T01:00:00.000,14,5,9
2013-12-06T02:00:00.000,4,0,4
2013-12-06T03:00:00.000,4,2,2
2013-12-06T04:00:00.000,5,3,2
2013-12-06T05:00:00.000,11,10,1
2013-12-06T06:00:00.000,48,30,18
2013-12-06T07:00:00.000,124,88,36
2013-12-06T08:00:00.000,220,161,59
2013-12-06T09:00:00.000,158,105,53
2013-12-06T10:00:00.000,90,45,45
2013-12-06T11:00:00.000,69,44,25
2013-12-06T12:00:00.000,47,28,19
2013-12-06T13:00:00.000,46,21,25
2013-12-06T14:00:00.000,79,38,41
2013-12-06T15:00:00.000,74,34,40
2013-12-06T16:00:00.000,134,49,85
2013-12-06T17:00:00.000,225,82,143
2013-12-06T18:00:00.000,162,50,112
2013-12-06T19:00:00.000,57,19,38
2013-12-06T20:00:00.000,44,14,30
2013-12-06T21:00:00.000,20,8,12
2013-12-06T22:00:00.000,29,11,18
2013-12-06T23:00:00.000,21,11,10
2013-12-07T00:00:00.000,8,3,5
2013-12-07T01:00:00.000,11,7,4
2013-12-07T02:00:00.000,5,2,3
2013-12-07T03:00:00.000,4,1,3
2013-12-07T04:00:00.000,1,0,1
2013-12-07T05:00:00.000,4,3,1
2013-12-07T06:00:00.000,10,5,5
2013-12-07T07:00:00.000,20,13,7
2013-12-07T08:00:00.000,18,13,5
2013-12-07T09:00:00.000,42,21,21
2013-12-07T10:00:00.000,32,15,17
2013-12-07T11:00:00.000,38,24,14
2013-12-07T12:00:00.000,67,34,33
2013-12-07T13:00:00.000,63,42,21
2013-12-07T14:00:00.000,59,34,25
2013-12-07T15:00:00.000,55,29,26
2013-12-07T16:00:00.000,43,18,25
2013-12-07T17:00:00.000,25,14,11
2013-12-07T18:00:00.000,18,8,10
2013-12-07T19:00:00.000,14,7,7
2013-12-07T20:00:00.000,18,9,9
2013-12-07T21:00:00.000,15,9,6
2013-12-07T22:00:00.000,13,7,6
2013-12-07T23:00:00.000,8,3,5
2013-12-08T00:00:00.000,6,3,3
2013-12-08T01:00:00.000,4,0,4
2013-12-08T02:00:00.000,1,0,1
2013-12-08T03:00:00.000,2,1,1
2013-12-08T04:00:00.000,1,0,1
2013-12-08T05:00:00.000,5,2,3
2013-12-08T06:00:00.000,3,1,2
2013-12-08T07:00:00.000,9,5,4
2013-12-08T08:00:00.000,13,8,5
2013-12-08T09:00:00.000,16,7,9
2013-12-08T10:00:00.000,35,21,14
2013-12-08T11:00:00.000,29,15,14
2013-12-08T12:00:00.000,37,22,15
2013-12-08T13:00:00.000,56,40,16
2013-12-08T14:00:00.000,52,25,27
2013-12-08T15:00:00.000,48,24,24
2013-12-08T16:00:00.000,32,18,14
2013-12-08T17:00:00.000,31,10,21
2013-12-08T18:00:00.000,22,12,10
2013-12-08T19:00:00.000,22,8,14
2013-12-08T20:00:00.000,14,8,6
2013-12-08T21:00:00.000,14,6,8
2013-12-08T22:00:00.000,12,4,8
2013-12-08T23:00:00.000,9,3,6
2013-12-09T00:00:00.000,7,2,5
2013-12-09T01:00:00.000,4,2,2
2013-12-09T02:00:00.000,1,1,0
2013-12-09T03:00:00.000,1,0,1
2013-12-09T04:00:00.000,5,2,3
2013-12-09T05:00:00.000,11,10,1
2013-12-09T06:00:00.000,67,47,20
2013-12-09T07:00:00.000,154,108,46
2013-12-09T08:00:00.000,256,198,58
2013-12-09T09:00:00.000,187,113,74
2013-12-09T10:00:00.000,62,43,19
2013-12-09T11:00:00.000,46,29,17
2013-12-09T12:00:00.000,54,22,32
2013-12-09T13:00:00.000,32,16,16
2013-12-09T14:00:00.000,56,20,36
2013-12-09T15:00:00.000,56,28,28
2013-12-09T16:00:00.000,122,44,78
2013-12-09T17:00:00.000,271,83,188
2013-12-09T18:00:00.000,203,74,129
2013-12-09T19:00:00.000,98,26,72
2013-12-09T20:00:00.000,47,16,31
2013-12-09T21:00:00.000,24,10,14
2013-12-09T22:00:00.000,19,7,12
2013-12-09T23:00:00.000,10,5,5
2013-12-10T00:00:00.000,9,3,6
2013-12-10T01:00:00.000,2,2,0
2013-12-10T02:00:00.000,6,4,2
2013-12-10T03:00:00.000,3,1,2
2013-12-10T04:00:00.000,2,0,2
2013-12-10T05:00:00.000,16,12,4
2013-12-10T06:00:00.000,51,31,20
2013-12-10T07:00:00.000,163,122,41
2013-12-10T08:00:00.000,272,196,76
2013-12-10T09:00:00.000,176,120,56
2013-12-10T10:00:00.000,77,46,31
2013-12-10T11:00:00.000,49,26,23
2013-12-10T12:00:00.000,54,34,20
2013-12-10T13:00:00.000,53,29,24
2013-12-10T14:00:00.000,57,35,22
2013-12-10T15:00:00.000,72,31,41
2013-12-10T16:00:00.000,126,52,74
2013-12-10T17:00:00.000,234,68,166
2013-12-10T18:00:00.000,234,81,153
2013-12-10T19:00:00.000,93,29,64
2013-12-10T20:00:00.000,51,15,36
2013-12-10T21:00:00.000,32,15,17
2013-12-10T22:00:00.000,17,9,8
2013-12-10T23:00:00.000,21,6,15
2013-12-11T00:00:00.000,8,4,4
2013-12-11T01:00:00.000,10,6,4
2013-12-11T02:00:00.000,7,5,2
2013-12-11T03:00:00.000,2,0,2
2013-12-11T04:00:00.000,7,4,3
2013-12-11T05:00:00.000,17,10,7
2013-12-11T06:00:00.000,75,57,18
2013-12-11T07:00:00.000,176,121,55
2013-12-11T08:00:00.000,310,234,76
2013-12-11T09:00:00.000,219,129,90
2013-12-11T10:00:00.000,71,42,29
2013-12-11T11:00:00.000,47,24,23
2013-12-11T12:00:00.000,47,28,19
2013-12-11T13:00:00.000,49,23,26
2013-12-11T14:00:00.000,69,41,28
2013-12-11T15:00:00.000,84,52,32
2013-12-11T16:00:00.000,157,60,97
2013-12-11T17:00:00.000,280,85,195
2013-12-11T18:00:00.000,261,85,176
2013-12-11T19:00:00.000,112,38,74
2013-12-11T20:00:00.000,48,13,35
2013-12-11T21:00:00.000,39,16,23
2013-12-11T22:00:00.000,24,9,15
2013-12-11T23:00:00.000,17,8,9
2013-12-12T00:00:00.000,10,5,5
2013-12-12T01:00:00.000,4,1,3
2013-12-12T02:00:00.000,3,2,1
2013-12-12T03:00:00.000,2,0,2
2013-12-12T04:00:00.000,3,2,1
2013-12-12T05:00:00.000,24,21,3
2013-12-12T06:00:00.000,74,53,21
2013-12-12T07:00:00.000,164,109,55
2013-12-12T08:00:00.000,273,201,72
2013-12-12T09:00:00.000,205,125,80
2013-12-12T10:00:00.000,92,58,34
2013-12-12T11:00:00.000,51,29,22
2013-12-12T12:00:00.000,52,30,22
2013-12-12T13:00:00.000,59,24,35
2013-12-12T14:00:00.000,25,15,10
2013-12-12T15:00:00.000,63,32,31
2013-12-12T16:00:00.000,110,51,59
2013-12-12T17:00:00.000,254,66,188
2013-12-12T18:00:00.000,201,67,134
2013-12-12T19:00:00.000,136,46,90
2013-12-12T20:00:00.000,50,15,35
2013-12-12T21:00:00.000,35,15,20
2013-12-12T22:00:00.000,26,12,14
2013-12-12T23:00:00.000,18,9,9
2013-12-13T00:00:00.000,17,4,13
2013-12-13T01:00:00.000,6,0,6
2013-12-13T02:00:00.000,4,2,2
2013-12-13T03:00:00.000,3,1,2
2013-12-13T04:00:00.000,6,4,2
2013-12-13T05:00:00.000,21,15,6
2013-12-13T06:00:00.000,56,37,19
2013-12-13T07:00:00.000,150,97,53
2013-12-13T08:00:00.000,229,166,63
2013-12-13T09:00:00.000,164,110,54
2013-12-13T10:00:00.000,54,34,20
2013-12-13T11:00:00.000,46,25,21
2013-12-13T12:00:00.000,54,25,29
2013-12-13T13:00:00.000,48,30,18
2013-12-13T14:00:00.000,54,34,20
2013-12-13T15:00:00.000,82,38,44
2013-12-13T16:00:00.000,150,64,86
2013-12-13T17:00:00.000,235,67,168
2013-12-13T18:00:00.000,179,50,129
2013-12-13T19:00:00.000,88,25,63
2013-12-13T20:00:00.000,51,17,34
2013-12-13T21:00:00.000,32,16,16
2013-12-13T22:00:00.000,16,5,11
2013-12-13T23:00:00.000,24,12,12
2013-12-14T00:00:00.000,19,11,8
2013-12-14T01:00:00.000,11,5,6
2013-12-14T02:00:00.000,6,3,3
2013-12-14T03:00:00.000,1,1,0
2013-12-14T04:00:00.000,4,1,3
2013-12-14T05:00:00.000,2,2,0
2013-12-14T06:00:00.000,10,3,7
2013-12-14T07:00:00.000,17,11,6
2013-12-14T08:00:00.000,36,20,16
2013-12-14T09:00:00.000,63,34,29
2013-12-14T10:00:00.000,96,61,35
2013-12-14T11:00:00.000,59,33,26
2013-12-14T12:00:00.000,66,43,23
2013-12-14T13:00:00.000,76,41,35
2013-12-14T14:00:00.000,86,42,44
2013-12-14T15:00:00.000,89,56,33
2013-12-14T16:00:00.000,58,27,31
2013-12-14T17:00:00.000,47,23,24
2013-12-14T18:00:00.000,34,23,11
2013-12-14T19:00:00.000,20,11,9
2013-12-14T20:00:00.000,27,13,14
2013-12-14T21:00:00.000,23,7,16
2013-12-14T22:00:00.000,17,10,7
2013-12-14T23:00:00.000,17,10,7
2013-12-15T00:00:00.000,19,8,11
2013-12-15T01:00:00.000,8,2,6
2013-12-15T02:00:00.000,11,3,8
2013-12-15T03:00:00.000,4,1,3
2013-12-15T04:00:00.000,2,1,1
2013-12-15T05:00:00.000,5,5,0
2013-12-15T06:00:00.000,8,4,4
2013-12-15T07:00:00.000,7,5,2
2013-12-15T08:00:00.000,28,23,5
2013-12-15T09:00:00.000,57,36,21
2013-12-15T10:00:00.000,53,31,22
2013-12-15T11:00:00.000,53,35,18
2013-12-15T12:00:00.000,60,35,25
2013-12-15T13:00:00.000,80,48,32
2013-12-15T14:00:00.000,77,50,27
2013-12-15T15:00:00.000,89,56,33
2013-12-15T16:00:00.000,51,24,27
2013-12-15T17:00:00.000,37,25,12
2013-12-15T18:00:00.000,26,11,15
2013-12-15T19:00:00.000,24,11,13
2013-12-15T20:00:00.000,16,7,9
2013-12-15T21:00:00.000,11,4,7
2013-12-15T22:00:00.000,13,5,8
2013-12-15T23:00:00.000,16,6,10
2013-12-16T00:00:00.000,6,4,2
2013-12-16T01:00:00.000,3,3,0
2013-12-16T02:00:00.000,3,2,1
2013-12-16T03:00:00.000,7,4,3
2013-12-16T04:00:00.000,7,3,4
2013-12-16T05:00:00.000,28,20,8
2013-12-16T06:00:00.000,92,63,29
2013-12-16T07:00:00.000,210,154,56
2013-12-16T08:00:00.000,344,262,82
2013-12-16T09:00:00.000,217,126,91
2013-12-16T10:00:00.000,86,55,31
2013-12-16T11:00:00.000,58,31,27
2013-12-16T12:00:00.000,66,35,31
2013-12-16T13:00:00.000,67,37,30
2013-12-16T14:00:00.000,96,54,42
2013-12-16T15:00:00.000,132,68,64
2013-12-16T16:00:00.000,178,87,91
2013-12-16T17:00:00.000,350,109,241
2013-12-16T18:00:00.000,267,71,196
2013-12-16T19:00:00.000,134,42,92
2013-12-16T20:00:00.000,61,21,40
2013-12-16T21:00:00.000,50,24,26
2013-12-16T22:00:00.000,23,8,15
2013-12-16T23:00:00.000,15,5,10
2013-12-17T00:00:00.000,12,6,6
2013-12-17T01:00:00.000,5,2,3
2013-12-17T02:00:00.000,5,3,2
2013-12-17T03:00:00.000,2,2,0
2013-12-17T04:00:00.000,7,4,3
2013-12-17T05:00:00.000,23,20,3
2013-12-17T06:00:00.000,71,47,24
2013-12-17T07:00:00.000,207,149,58
2013-12-17T08:00:00.000,342,233,109
2013-12-17T09:00:00.000,217,137,80
2013-12-17T10:00:00.000,67,41,26
2013-12-17T11:00:00.000,39,17,22
2013-12-17T12:00:00.000,42,28,14
2013-12-17T13:00:00.000,47,28,19
2013-12-17T14:00:00.000,63,33,30
2013-12-17T15:00:00.000,75,41,34
2013-12-17T16:00:00.000,157,57,100
2013-12-17T17:00:00.000,314,99,215
2013-12-17T18:00:00.000,282,89,193
2013-12-17T19:00:00.000,134,46,88
2013-12-17T20:00:00.000,37,18,19
2013-12-17T21:00:00.000,41,20,21
2013-12-17T22:00:00.000,22,13,9
2013-12-17T23:00:00.000,21,5,16
2013-12-18T00:00:00.000,5,4,1
2013-12-18T01:00:00.000,2,1,1
2013-12-18T02:00:00.000,6,4,2
2013-12-18T03:00:00.000,1,1,0
2013-12-18T04:00:00.000,5,5,0
2013-12-18T05:00:00.000,24,18,6
2013-12-18T06:00:00.000,81,59,22
2013-12-18T07:00:00.000,178,128,50
2013-12-18T08:00:00.000,314,220,94
2013-12-18T09:00:00.000,193,126,67
2013-12-18T10:00:00.000,87,53,34
2013-12-18T11:00:00.000,43,16,27
2013-12-18T12:00:00.000,49,31,18
2013-12-18T13:00:00.000,60,32,28
2013-12-18T14:00:00.000,62,36,26
2013-12-18T15:00:00.000,85,41,44
2013-12-18T16:00:00.000,150,56,94
2013-12-18T17:00:00.000,306,96,210
2013-12-18T18:00:00.000,268,71,197
2013-12-18T19:00:00.000,107,30,77
2013-12-18T20:00:00.000,70,15,55
2013-12-18T21:00:00.000,32,12,20
2013-12-18T22:00:00.000,27,13,14
2013-12-18T23:00:00.000,16,11,5
2013-12-19T00:00:00.000,5,3,2
2013-12-19T01:00:00.000,6,1,5
2013-12-19T02:00:00.000,3,2,1
2013-12-19T03:00:00.000,2,1,1
2013-12-19T04:00:00.000,1,1,0
2013-12-19T05:00:00.000,22,18,4
2013-12-19T06:00:00.000,73,54,19
2013-12-19T07:00:00.000,169,121,48
2013-12-19T08:00:00.000,284,196,88
2013-12-19T09:00:00.000,193,132,61
2013-12-19T10:00:00.000,90,55,35
2013-12-19T11:00:00.000,48,27,21
2013-12-19T12:00:00.000,46,30,16
2013-12-19T13:00:00.000,64,32,32
2013-12-19T14:00:00.000,61,36,25
2013-12-19T15:00:00.000,94,51,43
2013-12-19T16:00:00.000,131,54,77
2013-12-19T17:00:00.000,293,86,207
2013-12-19T18:00:00.000,253,74,179
2013-12-19T19:00:00.000,108,31,77
2013-12-19T20:00:00.000,49,21,28
2013-12-19T21:00:00.000,44,20,24
2013-12-19T22:00:00.000,16,7,9
2013-12-19T23:00:00.000,20,10,10
2013-12-20T00:00:00.000,12,5,7
2013-12-20T01:00:00.000,8,1,7
2013-12-20T02:00:00.000,4,2,2
2013-12-20T03:00:00.000,1,0,1
2013-12-20T04:00:00.000,2,2,0
2013-12-20T05:00:00.000,13,11,2
2013-12-20T06:00:00.000,18,12,6
2013-12-20T07:00:00.000,36,20,16
2013-12-20T08:00:00.000,67,44,23
2013-12-20T09:00:00.000,64,38,26
2013-12-20T10:00:00.000,43,31,12
2013-12-20T11:00:00.000,27,20,7
2013-12-20T12:00:00.000,24,11,13
2013-12-20T13:00:00.000,27,17,10
2013-12-20T14:00:00.000,25,10,15
2013-12-20T15:00:00.000,43,23,20
2013-12-20T16:00:00.000,73,27,46
2013-12-20T17:00:00.000,84,30,54
2013-12-20T18:00:00.000,62,21,41
2013-12-20T19:00:00.000,35,12,23
2013-12-20T20:00:00.000,33,14,19
2013-12-20T21:00:00.000,15,5,10
2013-12-20T22:00:00.000,15,11,4
2013-12-20T23:00:00.000,8,2,6
2013-12-21T00:00:00.000,5,3,2
2013-12-21T01:00:00.000,2,0,2
2013-12-21T02:00:00.000,6,4,2
2013-12-21T03:00:00.000,3,0,3
2013-12-21T04:00:00.000,4,1,3
2013-12-21T05:00:00.000,3,3,0
2013-12-21T06:00:00.000,11,5,6
2013-12-21T07:00:00.000,19,13,6
2013-12-21T08:00:00.000,25,15,10
2013-12-21T09:00:00.000,44,28,16
2013-12-21T10:00:00.000,37,26,11
2013-12-21T11:00:00.000,32,22,10
2013-12-21T12:00:00.000,30,17,13
2013-12-21T13:00:00.000,48,30,18
2013-12-21T14:00:00.000,44,31,13
2013-12-21T15:00:00.000,48,31,17
2013-12-21T16:00:00.000,38,21,17
2013-12-21T17:00:00.000,28,17,11
2013-12-21T18:00:00.000,19,7,12
2013-12-21T19:00:00.000,25,12,13
2013-12-21T20:00:00.000,18,6,12
2013-12-21T21:00:00.000,11,6,5
2013-12-21T22:00:00.000,9,4,5
2013-12-21T23:00:00.000,11,8,3
2013-12-22T00:00:00.000,5,1,4
2013-12-22T01:00:00.000,10,5,5
2013-12-22T02:00:00.000,6,3,3
2013-12-22T03:00:00.000,2,1,1
2013-12-22T04:00:00.000,3,1,2
2013-12-22T05:00:00.000,6,5,1
2013-12-22T06:00:00.000,6,1,5
2013-12-22T07:00:00.000,9,7,2
2013-12-22T08:00:00.000,23,18,5
2013-12-22T09:00:00.000,25,12,13
2013-12-22T10:00:00.000,29,19,10
2013-12-22T11:00:00.000,36,18,18
2013-12-22T12:00:00.000,38,23,15
2013-12-22T13:00:00.000,32,16,16
2013-12-22T14:00:00.000,33,21,12
2013-12-22T15:00:00.000,28,13,15
2013-12-22T16:00:00.000,16,7,9
2013-12-22T17:00:00.000,22,10,12
2013-12-22T18:00:00.000,14,5,9
2013-12-22T19:00:00.000,10,6,4
2013-12-22T20:00:00.000,10,3,7
2013-12-22T21:00:00.000,17,4,13
2013-12-22T22:00:00.000,8,4,4
2013-12-22T23:00:00.000,12,5,7
2013-12-23T00:00:00.000,12,10,2
2013-12-23T01:00:00.000,3,3,0
2013-12-23T02:00:00.000,1,0,1
2013-12-23T03:00:00.000,1,1,0
2013-12-23T04:00:00.000,4,2,2
2013-12-23T05:00:00.000,17,12,5
2013-12-23T06:00:00.000,53,31,22
2013-12-23T07:00:00.000,98,75,23
2013-12-23T08:00:00.000,150,103,47
2013-12-23T09:00:00.000,98,69,29
2013-12-23T10:00:00.000,64,36,28
2013-12-23T11:00:00.000,52,24,28
2013-12-23T12:00:00.000,48,23,25
2013-12-23T13:00:00.000,53,29,24
2013-12-23T14:00:00.000,64,31,33
2013-12-23T15:00:00.000,94,42,52
2013-12-23T16:00:00.000,148,60,88
2013-12-23T17:00:00.000,197,55,142
2013-12-23T18:00:00.000,95,29,66
2013-12-23T19:00:00.000,63,28,35
2013-12-23T20:00:00.000,44,18,26
2013-12-23T21:00:00.000,24,12,12
2013-12-23T22:00:00.000,23,12,11
2013-12-23T23:00:00.000,11,4,7
2013-12-24T00:00:00.000,8,2,6
2013-12-24T01:00:00.000,5,1,4
2013-12-24T02:00:00.000,2,0,2
2013-12-24T03:00:00.000,1,1,0
2013-12-24T04:00:00.000,6,3,3
2013-12-24T05:00:00.000,12,9,3
2013-12-24T06:00:00.000,35,25,10
2013-12-24T07:00:00.000,82,61,21
2013-12-24T08:00:00.000,95,62,33
2013-12-24T09:00:00.000,80,46,34
2013-12-24T10:00:00.000,60,41,19
2013-12-24T11:00:00.000,52,32,20
2013-12-24T12:00:00.000,89,50,39
2013-12-24T13:00:00.000,87,45,42
2013-12-24T14:00:00.000,121,64,57
2013-12-24T15:00:00.000,128,55,73
2013-12-24T16:00:00.000,91,49,42
2013-12-24T17:00:00.000,52,21,31
2013-12-24T18:00:00.000,25,9,16
2013-12-24T19:00:00.000,19,9,10
2013-12-24T20:00:00.000,12,5,7
2013-12-24T21:00:00.000,4,3,1
2013-12-24T22:00:00.000,14,9,5
2013-12-24T23:00:00.000,2,1,1
2013-12-25T00:00:00.000,7,5,2
2013-12-25T01:00:00.000,4,3,1
2013-12-25T02:00:00.000,0,0,0
2013-12-25T03:00:00.000,0,0,0
2013-12-25T04:00:00.000,1,0,1
2013-12-25T05:00:00.000,3,2,1
2013-12-25T06:00:00.000,3,2,1
2013-12-25T07:00:00.000,2,0,2
2013-12-25T08:00:00.000,6,2,4
2013-12-25T09:00:00.000,11,7,4
2013-12-25T10:00:00.000,13,5,8
2013-12-25T11:00:00.000,31,21,10
2013-12-25T12:00:00.000,19,15,4
2013-12-25T13:00:00.000,48,27,21
2013-12-25T14:00:00.000,76,47,29
2013-12-25T15:00:00.000,52,34,18
2013-12-25T16:00:00.000,33,16,17
2013-12-25T17:00:00.000,13,8,5
2013-12-25T18:00:00.000,8,6,2
2013-12-25T19:00:00.000,17,9,8
2013-12-25T20:00:00.000,8,3,5
2013-12-25T21:00:00.000,7,4,3
2013-12-25T22:00:00.000,4,2,2
2013-12-25T23:00:00.000,5,3,2
2013-12-26T00:00:00.000,2,1,1
2013-12-26T01:00:00.000,0,0,0
2013-12-26T02:00:00.000,0,0,0
2013-12-26T03:00:00.000,1,0,1
2013-12-26T04:00:00.000,2,0,2
2013-12-26T05:00:00.000,14,12,2
2013-12-26T06:00:00.000,31,20,11
2013-12-26T07:00:00.000,77,46,31
2013-12-26T08:00:00.000,118,78,40
2013-12-26T09:00:00.000,83,47,36
2013-12-26T10:00:00.000,63,44,19
2013-12-26T11:00:00.000,46,29,17
2013-12-26T12:00:00.000,62,32,30
2013-12-26T13:00:00.000,61,39,22
2013-12-26T14:00:00.000,78,36,42
2013-12-26T15:00:00.000,87,43,44
2013-12-26T16:00:00.000,111,51,60
2013-12-26T17:00:00.000,147,59,88
2013-12-26T18:00:00.000,87,29,58
2013-12-26T19:00:00.000,51,18,33
2013-12-26T20:00:00.000,27,9,18
2013-12-26T21:00:00.000,15,5,10
2013-12-26T22:00:00.000,20,6,14
2013-12-26T23:00:00.000,7,3,4
2013-12-27T00:00:00.000,5,2,3
2013-12-27T01:00:00.000,7,4,3
2013-12-27T02:00:00.000,3,2,1
2013-12-27T03:00:00.000,2,1,1
2013-12-27T04:00:00.000,3,1,2
2013-12-27T05:00:00.000,10,8,2
2013-12-27T06:00:00.000,44,28,16
2013-12-27T07:00:00.000,75,56,19
2013-12-27T08:00:00.000,109,82,27
2013-12-27T09:00:00.000,88,52,36
2013-12-27T10:00:00.000,81,46,35
2013-12-27T11:00:00.000,34,21,13
2013-12-27T12:00:00.000,41,23,18
2013-12-27T13:00:00.000,49,26,23
2013-12-27T14:00:00.000,47,25,22
2013-12-27T15:00:00.000,63,30,33
2013-12-27T16:00:00.000,101,44,57
2013-12-27T17:00:00.000,127,40,87
2013-12-27T18:00:00.000,73,25,48
2013-12-27T19:00:00.000,38,14,24
2013-12-27T20:00:00.000,28,12,16
2013-12-27T21:00:00.000,14,4,10
2013-12-27T22:00:00.000,13,5,8
2013-12-27T23:00:00.000,11,5,6
2013-12-28T00:00:00.000,6,5,1
2013-12-28T01:00:00.000,4,1,3
2013-12-28T02:00:00.000,3,2,1
2013-12-28T03:00:00.000,4,2,2
2013-12-28T04:00:00.000,1,1,0
2013-12-28T05:00:00.000,3,1,2
2013-12-28T06:00:00.000,15,7,8
2013-12-28T07:00:00.000,11,7,4
2013-12-28T08:00:00.000,24,15,9
2013-12-28T09:00:00.000,43,21,22
2013-12-28T10:00:00.000,49,30,19
2013-12-28T11:00:00.000,75,42,33
2013-12-28T12:00:00.000,73,29,44
2013-12-28T13:00:00.000,86,49,37
2013-12-28T14:00:00.000,90,47,43
2013-12-28T15:00:00.000,92,60,32
2013-12-28T16:00:00.000,119,74,45
2013-12-28T17:00:00.000,46,26,20
2013-12-28T18:00:00.000,31,17,14
2013-12-28T19:00:00.000,28,16,12
2013-12-28T20:00:00.000,28,11,17
2013-12-28T21:00:00.000,16,6,10
2013-12-28T22:00:00.000,11,3,8
2013-12-28T23:00:00.000,17,11,6
2013-12-29T00:00:00.000,9,6,3
2013-12-29T01:00:00.000,4,3,1
2013-12-29T02:00:00.000,7,3,4
2013-12-29T03:00:00.000,7,5,2
2013-12-29T04:00:00.000,3,2,1
2013-12-29T05:00:00.000,3,2,1
2013-12-29T06:00:00.000,8,5,3
2013-12-29T07:00:00.000,10,7,3
2013-12-29T08:00:00.000,21,10,11
2013-12-29T09:00:00.000,36,22,14
2013-12-29T10:00:00.000,48,32,16
2013-12-29T11:00:00.000,68,42,26
2013-12-29T12:00:00.000,67,35,32
2013-12-29T13:00:00.000,66,36,30
2013-12-29T14:00:00.000,73,43,30
2013-12-29T15:00:00.000,57,25,32
2013-12-29T16:00:00.000,44,29,15
2013-12-29T17:00:00.000,51,24,27
2013-12-29T18:00:00.000,35,20,15
2013-12-29T19:00:00.000,16,11,5
2013-12-29T20:00:00.000,16,8,8
2013-12-29T21:00:00.000,6,2,4
2013-12-29T22:00:00.000,14,7,7
2013-12-29T23:00:00.000,15,9,6
2013-12-30T00:00:00.000,4,4,0
2013-12-30T01:00:00.000,8,4,4
2013-12-30T02:00:00.000,2,0,2
2013-12-30T03:00:00.000,2,1,1
2013-12-30T04:00:00.000,4,1,3
2013-12-30T05:00:00.000,19,17,2
2013-12-30T06:00:00.000,72,49,23
2013-12-30T07:00:00.000,137,94,43
2013-12-30T08:00:00.000,208,142,66
2013-12-30T09:00:00.000,142,90,52
2013-12-30T10:00:00.000,62,44,18
2013-12-30T11:00:00.000,54,31,23
2013-12-30T12:00:00.000,55,39,16
2013-12-30T13:00:00.000,74,26,48
2013-12-30T14:00:00.000,48,22,26
2013-12-30T15:00:00.000,99,44,55
2013-12-30T16:00:00.000,150,59,91
2013-12-30T17:00:00.000,258,68,190
2013-12-30T18:00:00.000,146,44,102
2013-12-30T19:00:00.000,64,25,39
2013-12-30T20:00:00.000,43,26,17
2013-12-30T21:00:00.000,24,12,12
2013-12-30T22:00:00.000,23,14,9
2013-12-30T23:00:00.000,24,9,15
2013-12-31T00:00:00.000,12,8,4
2013-12-31T01:00:00.000,6,2,4
2013-12-31T02:00:00.000,1,1,0
2013-12-31T03:00:00.000,1,1,0
2013-12-31T04:00:00.000,4,1,3
2013-12-31T05:00:00.000,15,12,3
2013-12-31T06:00:00.000,60,33,27
2013-12-31T07:00:00.000,107,68,39
2013-12-31T08:00:00.000,160,111,49
2013-12-31T09:00:00.000,127,77,50
2013-12-31T10:00:00.000,57,28,29
2013-12-31T11:00:00.000,47,25,22
2013-12-31T12:00:00.000,49,30,19
2013-12-31T13:00:00.000,54,28,26
2013-12-31T14:00:00.000,72,27,45
2013-12-31T15:00:00.000,124,60,64
2013-12-31T16:00:00.000,166,52,114
2013-12-31T17:00:00.000,172,55,117
2013-12-31T18:00:00.000,64,25,39
2013-12-31T19:00:00.000,38,21,17
2013-12-31T20:00:00.000,36,13,23
2013-12-31T21:00:00.000,11,5,6
2013-12-31T22:00:00.000,14,10,4
2013-12-31T23:00:00.000,22,17,5
2014-01-01T00:00:00.000,23,5,18
2014-01-01T01:00:00.000,27,8,19
2014-01-01T02:00:00.000,19,7,12
2014-01-01T03:00:00.000,13,5,8
2014-01-01T04:00:00.000,6,3,3
2014-01-01T05:00:00.000,6,4,2
2014-01-01T06:00:00.000,2,1,1
2014-01-01T07:00:00.000,9,6,3
2014-01-01T08:00:00.000,22,14,8
2014-01-01T09:00:00.000,27,14,13
2014-01-01T10:00:00.000,47,32,15
2014-01-01T11:00:00.000,74,37,37
2014-01-01T12:00:00.000,90,49,41
2014-01-01T13:00:00.000,103,71,32
2014-01-01T14:00:00.000,140,82,58
2014-01-01T15:00:00.000,77,42,35
2014-01-01T16:00:00.000,105,59,46
2014-01-01T17:00:00.000,37,15,22
2014-01-01T18:00:00.000,20,10,10
2014-01-01T19:00:00.000,20,11,9
2014-01-01T20:00:00.000,14,7,7
2014-01-01T21:00:00.000,9,3,6
2014-01-01T22:00:00.000,15,9,6
2014-01-01T23:00:00.000,9,4,5
2014-01-02T00:00:00.000,3,2,1
2014-01-02T01:00:00.000,3,2,1
2014-01-02T02:00:00.000,0,0,0
2014-01-02T03:00:00.000,4,2,2
2014-01-02T04:00:00.000,2,1,1
2014-01-02T05:00:00.000,20,17,3
2014-01-02T06:00:00.000,74,56,18
2014-01-02T07:00:00.000,165,126,39
2014-01-02T08:00:00.000,248,166,82
2014-01-02T09:00:00.000,182,118,64
2014-01-02T10:00:00.000,75,48,27
2014-01-02T11:00:00.000,60,29,31
2014-01-02T12:00:00.000,74,41,33
2014-01-02T13:00:00.000,51,29,22
2014-01-02T14:00:00.000,53,21,32
2014-01-02T15:00:00.000,67,30,37
2014-01-02T16:00:00.000,145,56,89
2014-01-02T17:00:00.000,281,70,211
2014-01-02T18:00:00.000,205,58,147
2014-01-02T19:00:00.000,76,32,44
2014-01-02T20:00:00.000,44,12,32
2014-01-02T21:00:00.000,12,7,5
2014-01-02T22:00:00.000,8,2,6
2014-01-02T23:00:00.000,13,6,7
2014-01-03T00:00:00.000,10,4,6
2014-01-03T01:00:00.000,5,2,3
2014-01-03T02:00:00.000,1,1,0
2014-01-03T03:00:00.000,1,0,1
2014-01-03T04:00:00.000,6,4,2
2014-01-03T05:00:00.000,15,11,4
2014-01-03T06:00:00.000,64,46,18
2014-01-03T07:00:00.000,169,126,43
2014-01-03T08:00:00.000,231,174,57
2014-01-03T09:00:00.000,192,126,66
2014-01-03T10:00:00.000,85,49,36
2014-01-03T11:00:00.000,65,33,32
2014-01-03T12:00:00.000,72,45,27
2014-01-03T13:00:00.000,86,57,29
2014-01-03T14:00:00.000,95,59,36
2014-01-03T15:00:00.000,109,63,46
2014-01-03T16:00:00.000,193,64,129
2014-01-03T17:00:00.000,282,80,202
2014-01-03T18:00:00.000,175,58,117
2014-01-03T19:00:00.000,77,33,44
2014-01-03T20:00:00.000,30,10,20
2014-01-03T21:00:00.000,32,14,18
2014-01-03T22:00:00.000,20,14,6
2014-01-03T23:00:00.000,12,6,6
2014-01-04T00:00:00.000,9,4,5
2014-01-04T01:00:00.000,8,5,3
2014-01-04T02:00:00.000,2,0,2
2014-01-04T03:00:00.000,0,0,0
2014-01-04T04:00:00.000,5,1,4
2014-01-04T05:00:00.000,2,2,0
2014-01-04T06:00:00.000,11,9,2
2014-01-04T07:00:00.000,8,5,3
2014-01-04T08:00:00.000,41,19,22
2014-01-04T09:00:00.000,60,35,25
2014-01-04T10:00:00.000,63,39,24
2014-01-04T11:00:00.000,91,56,35
2014-01-04T12:00:00.000,125,73,52
2014-01-04T13:00:00.000,151,76,75
2014-01-04T14:00:00.000,163,102,61
2014-01-04T15:00:00.000,133,80,53
2014-01-04T16:00:00.000,92,49,43
2014-01-04T17:00:00.000,67,32,35
2014-01-04T18:00:00.000,32,19,13
2014-01-04T19:00:00.000,36,20,16
2014-01-04T20:00:00.000,26,12,14
2014-01-04T21:00:00.000,20,8,12
2014-01-04T22:00:00.000,11,4,7
2014-01-04T23:00:00.000,16,7,9
2014-01-05T00:00:00.000,12,8,4
2014-01-05T01:00:00.000,4,3,1
2014-01-05T02:00:00.000,5,1,4
2014-01-05T03:00:00.000,3,3,0
2014-01-05T04:00:00.000,7,3,4
2014-01-05T05:00:00.000,6,6,0
2014-01-05T06:00:00.000,5,3,2
2014-01-05T07:00:00.000,10,7,3
2014-01-05T08:00:00.000,42,21,21
2014-01-05T09:00:00.000,43,27,16
2014-01-05T10:00:00.000,69,45,24
2014-01-05T11:00:00.000,77,41,36
2014-01-05T12:00:00.000,139,98,41
2014-01-05T13:00:00.000,129,72,57
2014-01-05T14:00:00.000,170,93,77
2014-01-05T15:00:00.000,153,92,61
2014-01-05T16:00:00.000,104,62,42
2014-01-05T17:00:00.000,54,30,24
2014-01-05T18:00:00.000,40,20,20
2014-01-05T19:00:00.000,26,11,15
2014-01-05T20:00:00.000,12,7,5
2014-01-05T21:00:00.000,14,6,8
2014-01-05T22:00:00.000,14,2,12
2014-01-05T23:00:00.000,13,4,9
2014-01-06T00:00:00.000,7,2,5
2014-01-06T01:00:00.000,3,2,1
2014-01-06T02:00:00.000,3,3,0
2014-01-06T03:00:00.000,3,0,3
2014-01-06T04:00:00.000,2,1,1
2014-01-06T05:00:00.000,26,20,6
2014-01-06T06:00:00.000,81,51,30
2014-01-06T07:00:00.000,201,146,55
2014-01-06T08:00:00.000,306,220,86
2014-01-06T09:00:00.000,232,143,89
2014-01-06T10:00:00.000,92,60,32
2014-01-06T11:00:00.000,57,35,22
2014-01-06T12:00:00.000,58,23,35
2014-01-06T13:00:00.000,53,31,22
2014-01-06T14:00:00.000,81,41,40
2014-01-06T15:00:00.000,82,43,39
2014-01-06T16:00:00.000,172,75,97
2014-01-06T17:00:00.000,358,100,258
2014-01-06T18:00:00.000,258,75,183
2014-01-06T19:00:00.000,105,39,66
2014-01-06T20:00:00.000,54,17,37
2014-01-06T21:00:00.000,32,11,21
2014-01-06T22:00:00.000,22,11,11
2014-01-06T23:00:00.000,16,6,10
2014-01-07T00:00:00.000,6,4,2
2014-01-07T01:00:00.000,3,1,2
2014-01-07T02:00:00.000,4,3,1
2014-01-07T03:00:00.000,1,0,1
2014-01-07T04:00:00.000,5,2,3
2014-01-07T05:00:00.000,21,16,5
2014-01-07T06:00:00.000,87,57,30
2014-01-07T07:00:00.000,195,140,55
2014-01-07T08:00:00.000,321,228,93
2014-01-07T09:00:00.000,202,142,60
2014-01-07T10:00:00.000,79,51,28
2014-01-07T11:00:00.000,35,18,17
2014-01-07T12:00:00.000,32,20,12
2014-01-07T13:00:00.000,41,24,17
2014-01-07T14:00:00.000,54,29,25
2014-01-07T15:00:00.000,71,32,39
2014-01-07T16:00:00.000,134,52,82
2014-01-07T17:00:00.000,323,90,233
2014-01-07T18:00:00.000,263,88,175
2014-01-07T19:00:00.000,99,31,68
2014-01-07T20:00:00.000,44,17,27
2014-01-07T21:00:00.000,29,12,17
2014-01-07T22:00:00.000,21,9,12
2014-01-07T23:00:00.000,12,5,7
2014-01-08T00:00:00.000,7,4,3
2014-01-08T01:00:00.000,3,1,2
2014-01-08T02:00:00.000,1,1,0
2014-01-08T03:00:00.000,3,1,2
2014-01-08T04:00:00.000,5,4,1
2014-01-08T05:00:00.000,20,15,5
2014-01-08T06:00:00.000,63,46,17
2014-01-08T07:00:00.000,192,130,62
2014-01-08T08:00:00.000,329,241,88
2014-01-08T09:00:00.000,223,141,82
2014-01-08T10:00:00.000,75,44,31
2014-01-08T11:00:00.000,43,23,20
2014-01-08T12:00:00.000,30,15,15
2014-01-08T13:00:00.000,36,19,17
2014-01-08T14:00:00.000,31,19,12
2014-01-08T15:00:00.000,55,28,27
2014-01-08T16:00:00.000,111,39,72
2014-01-08T17:00:00.000,255,73,182
2014-01-08T18:00:00.000,247,71,176
2014-01-08T19:00:00.000,91,29,62
2014-01-08T20:00:00.000,62,27,35
2014-01-08T21:00:00.000,27,9,18
2014-01-08T22:00:00.000,21,7,14
2014-01-08T23:00:00.000,18,11,7
2014-01-09T00:00:00.000,6,3,3
2014-01-09T01:00:00.000,4,2,2
2014-01-09T02:00:00.000,2,1,1
2014-01-09T03:00:00.000,3,2,1
2014-01-09T04:00:00.000,3,1,2
2014-01-09T05:00:00.000,16,11,5
2014-01-09T06:00:00.000,68,47,21
2014-01-09T07:00:00.000,183,129,54
2014-01-09T08:00:00.000,306,208,98
2014-01-09T09:00:00.000,194,120,74
2014-01-09T10:00:00.000,89,58,31
2014-01-09T11:00:00.000,64,31,33
2014-01-09T12:00:00.000,31,15,16
2014-01-09T13:00:00.000,27,17,10
2014-01-09T14:00:00.000,57,32,25
2014-01-09T15:00:00.000,73,42,31
2014-01-09T16:00:00.000,140,46,94
2014-01-09T17:00:00.000,293,84,209
2014-01-09T18:00:00.000,253,83,170
2014-01-09T19:00:00.000,126,44,82
2014-01-09T20:00:00.000,103,18,85
2014-01-09T21:00:00.000,36,15,21
2014-01-09T22:00:00.000,27,10,17
2014-01-09T23:00:00.000,16,8,8
2014-01-10T00:00:00.000,8,3,5
2014-01-10T01:00:00.000,10,8,2
2014-01-10T02:00:00.000,2,1,1
2014-01-10T03:00:00.000,3,1,2
2014-01-10T04:00:00.000,5,2,3
2014-01-10T05:00:00.000,14,9,5
2014-01-10T06:00:00.000,68,46,22
2014-01-10T07:00:00.000,147,104,43
2014-01-10T08:00:00.000,253,197,56
2014-01-10T09:00:00.000,177,111,66
2014-01-10T10:00:00.000,86,55,31
2014-01-10T11:00:00.000,43,23,20
2014-01-10T12:00:00.000,45,30,15
2014-01-10T13:00:00.000,52,26,26
2014-01-10T14:00:00.000,66,40,26
2014-01-10T15:00:00.000,88,52,36
2014-01-10T16:00:00.000,130,55,75
2014-01-10T17:00:00.000,242,79,163
2014-01-10T18:00:00.000,192,68,124
2014-01-10T19:00:00.000,64,18,46
2014-01-10T20:00:00.000,36,14,22
2014-01-10T21:00:00.000,17,6,11
2014-01-10T22:00:00.000,14,8,6
2014-01-10T23:00:00.000,18,8,10
2014-01-11T00:00:00.000,10,5,5
2014-01-11T01:00:00.000,4,3,1
2014-01-11T02:00:00.000,3,1,2
2014-01-11T03:00:00.000,3,1,2
2014-01-11T04:00:00.000,0,0,0
2014-01-11T05:00:00.000,4,3,1
2014-01-11T06:00:00.000,10,4,6
2014-01-11T07:00:00.000,14,7,7
2014-01-11T08:00:00.000,33,21,12
2014-01-11T09:00:00.000,50,28,22
2014-01-11T10:00:00.000,57,30,27
2014-01-11T11:00:00.000,27,19,8
2014-01-11T12:00:00.000,21,13,8
2014-01-11T13:00:00.000,29,15,14
2014-01-11T14:00:00.000,18,12,6
2014-01-11T15:00:00.000,13,9,4
2014-01-11T16:00:00.000,21,10,11
2014-01-11T17:00:00.000,18,9,9
2014-01-11T18:00:00.000,32,17,15
2014-01-11T19:00:00.000,17,10,7
2014-01-11T20:00:00.000,12,7,5
2014-01-11T21:00:00.000,10,4,6
2014-01-11T22:00:00.000,11,3,8
2014-01-11T23:00:00.000,6,4,2
2014-01-12T00:00:00.000,11,5,6
2014-01-12T01:00:00.000,5,4,1
2014-01-12T02:00:00.000,2,2,0
2014-01-12T03:00:00.000,4,1,3
2014-01-12T04:00:00.000,3,3,0
2014-01-12T05:00:00.000,6,4,2
2014-01-12T06:00:00.000,10,2,8
2014-01-12T07:00:00.000,2,1,1
2014-01-12T08:00:00.000,21,11,10
2014-01-12T09:00:00.000,33,21,12
2014-01-12T10:00:00.000,41,24,17
2014-01-12T11:00:00.000,42,20,22
2014-01-12T12:00:00.000,64,34,30
2014-01-12T13:00:00.000,56,30,26
2014-01-12T14:00:00.000,68,40,28
2014-01-12T15:00:00.000,65,30,35
2014-01-12T16:00:00.000,62,40,22
2014-01-12T17:00:00.000,37,22,15
2014-01-12T18:00:00.000,36,25,11
2014-01-12T19:00:00.000,35,28,7
2014-01-12T20:00:00.000,16,9,7
2014-01-12T21:00:00.000,16,6,10
2014-01-12T22:00:00.000,9,3,6
2014-01-12T23:00:00.000,11,5,6
2014-01-13T00:00:00.000,8,3,5
2014-01-13T01:00:00.000,4,4,0
2014-01-13T02:00:00.000,2,1,1
2014-01-13T03:00:00.000,4,3,1
2014-01-13T04:00:00.000,4,2,2
2014-01-13T05:00:00.000,16,12,4
2014-01-13T06:00:00.000,84,55,29
2014-01-13T07:00:00.000,202,142,60
2014-01-13T08:00:00.000,359,274,85
2014-01-13T09:00:00.000,234,151,83
2014-01-13T10:00:00.000,95,54,41
2014-01-13T11:00:00.000,63,33,30
2014-01-13T12:00:00.000,53,35,18
2014-01-13T13:00:00.000,68,29,39
2014-01-13T14:00:00.000,67,37,30
2014-01-13T15:00:00.000,91,47,44
2014-01-13T16:00:00.000,165,78,87
2014-01-13T17:00:00.000,378,103,275
2014-01-13T18:00:00.000,317,98,219
2014-01-13T19:00:00.000,125,42,83
2014-01-13T20:00:00.000,82,31,51
2014-01-13T21:00:00.000,57,18,39
2014-01-13T22:00:00.000,27,13,14
2014-01-13T23:00:00.000,25,14,11
2014-01-14T00:00:00.000,14,9,5
2014-01-14T01:00:00.000,1,0,1
2014-01-14T02:00:00.000,1,0,1
2014-01-14T03:00:00.000,1,1,0
2014-01-14T04:00:00.000,11,8,3
2014-01-14T05:00:00.000,24,13,11
2014-01-14T06:00:00.000,99,72,27
2014-01-14T07:00:00.000,254,180,74
2014-01-14T08:00:00.000,385,275,110
2014-01-14T09:00:00.000,290,175,115
2014-01-14T10:00:00.000,105,68,37
2014-01-14T11:00:00.000,55,29,26
2014-01-14T12:00:00.000,67,38,29
2014-01-14T13:00:00.000,75,37,38
2014-01-14T14:00:00.000,76,40,36
2014-01-14T15:00:00.000,107,57,50
2014-01-14T16:00:00.000,199,84,115
2014-01-14T17:00:00.000,405,102,303
2014-01-14T18:00:00.000,319,104,215
2014-01-14T19:00:00.000,142,61,81
2014-01-14T20:00:00.000,65,28,37
2014-01-14T21:00:00.000,60,17,43
2014-01-14T22:00:00.000,36,15,21
2014-01-14T23:00:00.000,17,6,11
2014-01-15T00:00:00.000,7,7,0
2014-01-15T01:00:00.000,4,2,2
2014-01-15T02:00:00.000,2,2,0
2014-01-15T03:00:00.000,2,1,1
2014-01-15T04:00:00.000,8,3,5
2014-01-15T05:00:00.000,18,10,8
2014-01-15T06:00:00.000,96,73,23
2014-01-15T07:00:00.000,226,164,62
2014-01-15T08:00:00.000,371,261,110
2014-01-15T09:00:00.000,244,158,86
2014-01-15T10:00:00.000,96,52,44
2014-01-15T11:00:00.000,66,40,26
2014-01-15T12:00:00.000,88,43,45
2014-01-15T13:00:00.000,76,37,39
2014-01-15T14:00:00.000,93,52,41
2014-01-15T15:00:00.000,95,51,44
2014-01-15T16:00:00.000,192,73,119
2014-01-15T17:00:00.000,365,111,254
2014-01-15T18:00:00.000,361,137,224
2014-01-15T19:00:00.000,153,49,104
2014-01-15T20:00:00.000,86,26,60
2014-01-15T21:00:00.000,60,28,32
2014-01-15T22:00:00.000,49,17,32
2014-01-15T23:00:00.000,14,3,11
2014-01-16T00:00:00.000,13,5,8
2014-01-16T01:00:00.000,7,3,4
2014-01-16T02:00:00.000,5,3,2
2014-01-16T03:00:00.000,2,1,1
2014-01-16T04:00:00.000,2,1,1
2014-01-16T05:00:00.000,24,17,7
2014-01-16T06:00:00.000,102,72,30
2014-01-16T07:00:00.000,226,161,65
2014-01-16T08:00:00.000,382,269,113
2014-01-16T09:00:00.000,234,154,80
2014-01-16T10:00:00.000,116,60,56
2014-01-16T11:00:00.000,59,30,29
2014-01-16T12:00:00.000,72,40,32
2014-01-16T13:00:00.000,60,37,23
2014-01-16T14:00:00.000,82,41,41
2014-01-16T15:00:00.000,97,57,40
2014-01-16T16:00:00.000,170,61,109
2014-01-16T17:00:00.000,357,113,244
2014-01-16T18:00:00.000,305,99,206
2014-01-16T19:00:00.000,147,48,99
2014-01-16T20:00:00.000,72,28,44
2014-01-16T21:00:00.000,56,28,28
2014-01-16T22:00:00.000,35,16,19
2014-01-16T23:00:00.000,16,7,9
2014-01-17T00:00:00.000,10,1,9
2014-01-17T01:00:00.000,6,3,3
2014-01-17T02:00:00.000,5,2,3
2014-01-17T03:00:00.000,3,1,2
2014-01-17T04:00:00.000,3,1,2
2014-01-17T05:00:00.000,20,13,7
2014-01-17T06:00:00.000,76,50,26
2014-01-17T07:00:00.000,194,135,59
2014-01-17T08:00:00.000,333,249,84
2014-01-17T09:00:00.000,211,140,71
2014-01-17T10:00:00.000,103,70,33
2014-01-17T11:00:00.000,59,37,22
2014-01-17T12:00:00.000,66,35,31
2014-01-17T13:00:00.000,70,43,27
2014-01-17T14:00:00.000,73,37,36
2014-01-17T15:00:00.000,102,52,50
2014-01-17T16:00:00.000,199,86,113
2014-01-17T17:00:00.000,337,106,231
2014-01-17T18:00:00.000,208,71,137
2014-01-17T19:00:00.000,106,26,80
2014-01-17T20:00:00.000,41,17,24
2014-01-17T21:00:00.000,37,20,17
2014-01-17T22:00:00.000,26,12,14
2014-01-17T23:00:00.000,22,11,11
2014-01-18T00:00:00.000,15,6,9
2014-01-18T01:00:00.000,11,8,3
2014-01-18T02:00:00.000,5,4,1
2014-01-18T03:00:00.000,6,2,4
2014-01-18T04:00:00.000,5,0,5
2014-01-18T05:00:00.000,6,5,1
2014-01-18T06:00:00.000,17,7,10
2014-01-18T07:00:00.000,18,10,8
2014-01-18T08:00:00.000,58,37,21
2014-01-18T09:00:00.000,61,31,30
2014-01-18T10:00:00.000,77,46,31
2014-01-18T11:00:00.000,75,44,31
2014-01-18T12:00:00.000,93,62,31
2014-01-18T13:00:00.000,116,79,37
2014-01-18T14:00:00.000,104,60,44
2014-01-18T15:00:00.000,124,73,51
2014-01-18T16:00:00.000,117,55,62
2014-01-18T17:00:00.000,62,30,32
2014-01-18T18:00:00.000,55,32,23
2014-01-18T19:00:00.000,31,15,16
2014-01-18T20:00:00.000,20,7,13
2014-01-18T21:00:00.000,26,14,12
2014-01-18T22:00:00.000,14,7,7
2014-01-18T23:00:00.000,19,10,9
2014-01-19T00:00:00.000,14,6,8
2014-01-19T01:00:00.000,8,2,6
2014-01-19T02:00:00.000,3,2,1
2014-01-19T03:00:00.000,2,1,1
2014-01-19T04:00:00.000,0,0,0
2014-01-19T05:00:00.000,6,4,2
2014-01-19T06:00:00.000,9,3,6
2014-01-19T07:00:00.000,9,3,6
2014-01-19T08:00:00.000,34,21,13
2014-01-19T09:00:00.000,53,35,18
2014-01-19T10:00:00.000,69,40,29
2014-01-19T11:00:00.000,64,33,31
2014-01-19T12:00:00.000,97,54,43
2014-01-19T13:00:00.000,93,47,46
2014-01-19T14:00:00.000,69,52,17
2014-01-19T15:00:00.000,71,42,29
2014-01-19T16:00:00.000,35,20,15
2014-01-19T17:00:00.000,34,13,21
2014-01-19T18:00:00.000,22,10,12
2014-01-19T19:00:00.000,35,17,18
2014-01-19T20:00:00.000,37,16,21
2014-01-19T21:00:00.000,28,11,17
2014-01-19T22:00:00.000,13,5,8
2014-01-19T23:00:00.000,17,7,10
2014-01-20T00:00:00.000,8,4,4
2014-01-20T01:00:00.000,5,4,1
2014-01-20T02:00:00.000,2,1,1
2014-01-20T03:00:00.000,1,0,1
2014-01-20T04:00:00.000,2,1,1
2014-01-20T05:00:00.000,13,10,3
2014-01-20T06:00:00.000,43,26,17
2014-01-20T07:00:00.000,134,89,45
2014-01-20T08:00:00.000,157,107,50
2014-01-20T09:00:00.000,139,85,54
2014-01-20T10:00:00.000,77,46,31
2014-01-20T11:00:00.000,71,32,39
2014-01-20T12:00:00.000,86,55,31
2014-01-20T13:00:00.000,110,69,41
2014-01-20T14:00:00.000,138,65,73
2014-01-20T15:00:00.000,140,85,55
2014-01-20T16:00:00.000,167,71,96
2014-01-20T17:00:00.000,210,68,142
2014-01-20T18:00:00.000,159,52,107
2014-01-20T19:00:00.000,98,33,65
2014-01-20T20:00:00.000,44,20,24
2014-01-20T21:00:00.000,32,14,18
2014-01-20T22:00:00.000,24,10,14
2014-01-20T23:00:00.000,14,2,12
2014-01-21T00:00:00.000,8,5,3
2014-01-21T01:00:00.000,4,2,2
2014-01-21T02:00:00.000,2,1,1
2014-01-21T03:00:00.000,2,0,2
2014-01-21T04:00:00.000,5,3,2
2014-01-21T05:00:00.000,18,13,5
2014-01-21T06:00:00.000,101,69,32
2014-01-21T07:00:00.000,218,154,64
2014-01-21T08:00:00.000,376,272,104
2014-01-21T09:00:00.000,222,135,87
2014-01-21T10:00:00.000,114,72,42
2014-01-21T11:00:00.000,64,33,31
2014-01-21T12:00:00.000,76,41,35
2014-01-21T13:00:00.000,50,25,25
2014-01-21T14:00:00.000,63,29,34
2014-01-21T15:00:00.000,110,53,57
2014-01-21T16:00:00.000,192,76,116
2014-01-21T17:00:00.000,408,139,269
2014-01-21T18:00:00.000,335,113,222
2014-01-21T19:00:00.000,162,48,114
2014-01-21T20:00:00.000,55,31,24
2014-01-21T21:00:00.000,46,15,31
2014-01-21T22:00:00.000,33,17,16
2014-01-21T23:00:00.000,16,6,10
2014-01-22T00:00:00.000,13,7,6
2014-01-22T01:00:00.000,6,5,1
2014-01-22T02:00:00.000,3,1,2
2014-01-22T03:00:00.000,3,1,2
2014-01-22T04:00:00.000,6,2,4
2014-01-22T05:00:00.000,20,15,5
2014-01-22T06:00:00.000,88,64,24
2014-01-22T07:00:00.000,233,168,65
2014-01-22T08:00:00.000,375,268,107
2014-01-22T09:00:00.000,253,163,90
2014-01-22T10:00:00.000,105,60,45
2014-01-22T11:00:00.000,56,32,24
2014-01-22T12:00:00.000,63,36,27
2014-01-22T13:00:00.000,73,40,33
2014-01-22T14:00:00.000,74,43,31
2014-01-22T15:00:00.000,102,51,51
2014-01-22T16:00:00.000,188,79,109
2014-01-22T17:00:00.000,398,132,266
2014-01-22T18:00:00.000,328,98,230
2014-01-22T19:00:00.000,143,53,90
2014-01-22T20:00:00.000,68,25,43
2014-01-22T21:00:00.000,49,19,30
2014-01-22T22:00:00.000,32,16,16
2014-01-22T23:00:00.000,13,3,10
2014-01-23T00:00:00.000,5,4,1
2014-01-23T01:00:00.000,4,2,2
2014-01-23T02:00:00.000,6,2,4
2014-01-23T03:00:00.000,3,1,2
2014-01-23T04:00:00.000,3,1,2
2014-01-23T05:00:00.000,26,24,2
2014-01-23T06:00:00.000,90,62,28
2014-01-23T07:00:00.000,223,156,67
2014-01-23T08:00:00.000,366,244,122
2014-01-23T09:00:00.000,233,147,86
2014-01-23T10:00:00.000,103,64,39
2014-01-23T11:00:00.000,69,35,34
2014-01-23T12:00:00.000,73,50,23
2014-01-23T13:00:00.000,69,35,34
2014-01-23T14:00:00.000,81,39,42
2014-01-23T15:00:00.000,127,61,66
2014-01-23T16:00:00.000,191,70,121
2014-01-23T17:00:00.000,371,113,258
2014-01-23T18:00:00.000,287,105,182
2014-01-23T19:00:00.000,131,45,86
2014-01-23T20:00:00.000,87,39,48
2014-01-23T21:00:00.000,36,16,20
2014-01-23T22:00:00.000,44,23,21
2014-01-23T23:00:00.000,21,9,12
2014-01-24T00:00:00.000,19,10,9
2014-01-24T01:00:00.000,8,2,6
2014-01-24T02:00:00.000,4,2,2
2014-01-24T03:00:00.000,2,1,1
2014-01-24T04:00:00.000,8,5,3
2014-01-24T05:00:00.000,20,17,3
2014-01-24T06:00:00.000,75,48,27
2014-01-24T07:00:00.000,192,138,54
2014-01-24T08:00:00.000,314,227,87
2014-01-24T09:00:00.000,221,150,71
2014-01-24T10:00:00.000,126,84,42
2014-01-24T11:00:00.000,79,53,26
2014-01-24T12:00:00.000,82,52,30
2014-01-24T13:00:00.000,91,50,41
2014-01-24T14:00:00.000,110,61,49
2014-01-24T15:00:00.000,146,69,77
2014-01-24T16:00:00.000,201,90,111
2014-01-24T17:00:00.000,336,94,242
2014-01-24T18:00:00.000,224,63,161
2014-01-24T19:00:00.000,90,35,55
2014-01-24T20:00:00.000,59,22,37
2014-01-24T21:00:00.000,43,17,26
2014-01-24T22:00:00.000,37,25,12
2014-01-24T23:00:00.000,34,18,16
2014-01-25T00:00:00.000,18,8,10
2014-01-25T01:00:00.000,10,6,4
2014-01-25T02:00:00.000,6,4,2
2014-01-25T03:00:00.000,2,0,2
2014-01-25T04:00:00.000,3,2,1
2014-01-25T05:00:00.000,4,1,3
2014-01-25T06:00:00.000,12,5,7
2014-01-25T07:00:00.000,21,11,10
2014-01-25T08:00:00.000,42,21,21
2014-01-25T09:00:00.000,71,45,26
2014-01-25T10:00:00.000,62,38,24
2014-01-25T11:00:00.000,94,54,40
2014-01-25T12:00:00.000,135,67,68
2014-01-25T13:00:00.000,137,84,53
2014-01-25T14:00:00.000,165,94,71
2014-01-25T15:00:00.000,231,127,104
2014-01-25T16:00:00.000,164,97,67
2014-01-25T17:00:00.000,80,41,39
2014-01-25T18:00:00.000,68,39,29
2014-01-25T19:00:00.000,30,14,16
2014-01-25T20:00:00.000,31,10,21
2014-01-25T21:00:00.000,14,9,5
2014-01-25T22:00:00.000,24,16,8
2014-01-25T23:00:00.000,17,7,10
2014-01-26T00:00:00.000,19,10,9
2014-01-26T01:00:00.000,8,2,6
2014-01-26T02:00:00.000,6,3,3
2014-01-26T03:00:00.000,8,5,3
2014-01-26T04:00:00.000,3,2,1
2014-01-26T05:00:00.000,5,4,1
2014-01-26T06:00:00.000,14,6,8
2014-01-26T07:00:00.000,8,5,3
2014-01-26T08:00:00.000,35,26,9
2014-01-26T09:00:00.000,44,20,24
2014-01-26T10:00:00.000,73,56,17
2014-01-26T11:00:00.000,88,49,39
2014-01-26T12:00:00.000,123,68,55
2014-01-26T13:00:00.000,161,85,76
2014-01-26T14:00:00.000,296,116,180
2014-01-26T15:00:00.000,172,80,92
2014-01-26T16:00:00.000,131,74,57
2014-01-26T17:00:00.000,110,63,47
2014-01-26T18:00:00.000,44,26,18
2014-01-26T19:00:00.000,24,19,5
2014-01-26T20:00:00.000,20,11,9
2014-01-26T21:00:00.000,19,9,10
2014-01-26T22:00:00.000,9,6,3
2014-01-26T23:00:00.000,9,3,6
2014-01-27T00:00:00.000,8,2,6
2014-01-27T01:00:00.000,4,4,0
2014-01-27T02:00:00.000,3,2,1
2014-01-27T03:00:00.000,1,0,1
2014-01-27T04:00:00.000,1,1,0
2014-01-27T05:00:00.000,18,11,7
2014-01-27T06:00:00.000,94,61,33
2014-01-27T07:00:00.000,218,153,65
2014-01-27T08:00:00.000,357,254,103
2014-01-27T09:00:00.000,224,147,77
2014-01-27T10:00:00.000,83,48,35
2014-01-27T11:00:00.000,59,41,18
2014-01-27T12:00:00.000,53,34,19
2014-01-27T13:00:00.000,63,35,28
2014-01-27T14:00:00.000,74,35,39
2014-01-27T15:00:00.000,96,59,37
2014-01-27T16:00:00.000,180,68,112
2014-01-27T17:00:00.000,400,114,286
2014-01-27T18:00:00.000,294,90,204
2014-01-27T19:00:00.000,122,40,82
2014-01-27T20:00:00.000,61,19,42
2014-01-27T21:00:00.000,39,14,25
2014-01-27T22:00:00.000,27,14,13
2014-01-27T23:00:00.000,20,9,11
2014-01-28T00:00:00.000,8,4,4
2014-01-28T01:00:00.000,3,1,2
2014-01-28T02:00:00.000,4,2,2
2014-01-28T03:00:00.000,0,0,0
2014-01-28T04:00:00.000,4,4,0
2014-01-28T05:00:00.000,19,14,5
2014-01-28T06:00:00.000,93,67,26
2014-01-28T07:00:00.000,226,155,71
2014-01-28T08:00:00.000,354,246,108
2014-01-28T09:00:00.000,237,158,79
2014-01-28T10:00:00.000,80,48,32
2014-01-28T11:00:00.000,48,33,15
2014-01-28T12:00:00.000,61,38,23
2014-01-28T13:00:00.000,48,23,25
2014-01-28T14:00:00.000,55,27,28
2014-01-28T15:00:00.000,103,50,53
2014-01-28T16:00:00.000,162,61,101
2014-01-28T17:00:00.000,391,113,278
2014-01-28T18:00:00.000,277,93,184
2014-01-28T19:00:00.000,147,54,93
2014-01-28T20:00:00.000,63,27,36
2014-01-28T21:00:00.000,40,17,23
2014-01-28T22:00:00.000,31,13,18
2014-01-28T23:00:00.000,12,6,6
2014-01-29T00:00:00.000,6,4,2
2014-01-29T01:00:00.000,3,1,2
2014-01-29T02:00:00.000,1,1,0
2014-01-29T03:00:00.000,0,0,0
2014-01-29T04:00:00.000,3,2,1
2014-01-29T05:00:00.000,19,15,4
2014-01-29T06:00:00.000,61,50,11
2014-01-29T07:00:00.000,177,129,48
2014-01-29T08:00:00.000,277,206,71
2014-01-29T09:00:00.000,202,131,71
2014-01-29T10:00:00.000,71,44,27
2014-01-29T11:00:00.000,36,24,12
2014-01-29T12:00:00.000,38,13,25
2014-01-29T13:00:00.000,33,18,15
2014-01-29T14:00:00.000,41,12,29
2014-01-29T15:00:00.000,60,30,30
2014-01-29T16:00:00.000,126,52,74
2014-01-29T17:00:00.000,271,84,187
2014-01-29T18:00:00.000,231,72,159
2014-01-29T19:00:00.000,121,55,66
2014-01-29T20:00:00.000,48,14,34
2014-01-29T21:00:00.000,31,19,12
2014-01-29T22:00:00.000,26,12,14
2014-01-29T23:00:00.000,17,10,7
2014-01-30T00:00:00.000,6,2,4
2014-01-30T01:00:00.000,3,1,2
2014-01-30T02:00:00.000,4,2,2
2014-01-30T03:00:00.000,1,1,0
2014-01-30T04:00:00.000,7,5,2
2014-01-30T05:00:00.000,19,18,1
2014-01-30T06:00:00.000,81,57,24
2014-01-30T07:00:00.000,182,128,54
2014-01-30T08:00:00.000,310,215,95
2014-01-30T09:00:00.000,217,140,77
2014-01-30T10:00:00.000,95,53,42
2014-01-30T11:00:00.000,66,34,32
2014-01-30T12:00:00.000,52,28,24
2014-01-30T13:00:00.000,46,25,21
2014-01-30T14:00:00.000,55,31,24
2014-01-30T15:00:00.000,93,52,41
2014-01-30T16:00:00.000,161,58,103
2014-01-30T17:00:00.000,307,84,223
2014-01-30T18:00:00.000,252,74,178
2014-01-30T19:00:00.000,124,40,84
2014-01-30T20:00:00.000,60,22,38
2014-01-30T21:00:00.000,48,22,26
2014-01-30T22:00:00.000,30,10,20
2014-01-30T23:00:00.000,10,2,8
2014-01-31T00:00:00.000,8,3,5
2014-01-31T01:00:00.000,10,2,8
2014-01-31T02:00:00.000,2,2,0
2014-01-31T03:00:00.000,5,2,3
2014-01-31T04:00:00.000,3,2,1
2014-01-31T05:00:00.000,17,15,2
2014-01-31T06:00:00.000,60,39,21
2014-01-31T07:00:00.000,159,114,45
2014-01-31T08:00:00.000,252,179,73
2014-01-31T09:00:00.000,166,114,52
2014-01-31T10:00:00.000,93,45,48
2014-01-31T11:00:00.000,61,33,28
2014-01-31T12:00:00.000,69,42,27
2014-01-31T13:00:00.000,62,38,24
2014-01-31T14:00:00.000,85,46,39
2014-01-31T15:00:00.000,91,48,43
2014-01-31T16:00:00.000,157,61,96
2014-01-31T17:00:00.000,286,97,189
2014-01-31T18:00:00.000,216,77,139
2014-01-31T19:00:00.000,93,31,62
2014-01-31T20:00:00.000,54,17,37
2014-01-31T21:00:00.000,36,13,23
2014-01-31T22:00:00.000,30,16,14
2014-01-31T23:00:00.000,20,12,8
2014-02-01T00:00:00.000,21,5,16
2014-02-01T01:00:00.000,14,8,6
2014-02-01T02:00:00.000,4,1,3
2014-02-01T03:00:00.000,2,1,1
2014-02-01T04:00:00.000,1,0,1
2014-02-01T05:00:00.000,6,5,1
2014-02-01T06:00:00.000,11,5,6
2014-02-01T07:00:00.000,26,15,11
2014-02-01T08:00:00.000,60,42,18
2014-02-01T09:00:00.000,71,38,33
2014-02-01T10:00:00.000,91,56,35
2014-02-01T11:00:00.000,81,40,41
2014-02-01T12:00:00.000,111,70,41
2014-02-01T13:00:00.000,86,43,43
2014-02-01T14:00:00.000,122,69,53
2014-02-01T15:00:00.000,111,70,41
2014-02-01T16:00:00.000,110,64,46
2014-02-01T17:00:00.000,52,26,26
2014-02-01T18:00:00.000,47,31,16
2014-02-01T19:00:00.000,35,21,14
2014-02-01T20:00:00.000,21,9,12
2014-02-01T21:00:00.000,18,10,8
2014-02-01T22:00:00.000,16,10,6
2014-02-01T23:00:00.000,17,11,6
2014-02-02T00:00:00.000,19,9,10
2014-02-02T01:00:00.000,8,2,6
2014-02-02T02:00:00.000,5,0,5
2014-02-02T03:00:00.000,5,1,4
2014-02-02T04:00:00.000,6,2,4
2014-02-02T05:00:00.000,3,2,1
2014-02-02T06:00:00.000,9,5,4
2014-02-02T07:00:00.000,11,7,4
2014-02-02T08:00:00.000,37,20,17
2014-02-02T09:00:00.000,36,22,14
2014-02-02T10:00:00.000,93,65,28
2014-02-02T11:00:00.000,108,61,47
2014-02-02T12:00:00.000,121,75,46
2014-02-02T13:00:00.000,156,78,78
2014-02-02T14:00:00.000,135,72,63
2014-02-02T15:00:00.000,77,51,26
2014-02-02T16:00:00.000,47,19,28
2014-02-02T17:00:00.000,41,22,19
2014-02-02T18:00:00.000,23,16,7
2014-02-02T19:00:00.000,41,26,15
2014-02-02T20:00:00.000,44,24,20
2014-02-02T21:00:00.000,29,12,17
2014-02-02T22:00:00.000,24,6,18
2014-02-02T23:00:00.000,17,3,14
2014-02-03T00:00:00.000,5,3,2
2014-02-03T01:00:00.000,1,1,0
2014-02-03T02:00:00.000,1,1,0
2014-02-03T03:00:00.000,2,0,2
2014-02-03T04:00:00.000,6,3,3
2014-02-03T05:00:00.000,20,13,7
2014-02-03T06:00:00.000,66,42,24
2014-02-03T07:00:00.000,196,143,53
2014-02-03T08:00:00.000,309,235,74
2014-02-03T09:00:00.000,216,136,80
2014-02-03T10:00:00.000,91,45,46
2014-02-03T11:00:00.000,57,33,24
2014-02-03T12:00:00.000,50,28,22
2014-02-03T13:00:00.000,52,31,21
2014-02-03T14:00:00.000,72,43,29
2014-02-03T15:00:00.000,89,46,43
2014-02-03T16:00:00.000,186,75,111
2014-02-03T17:00:00.000,370,100,270
2014-02-03T18:00:00.000,260,82,178
2014-02-03T19:00:00.000,113,29,84
2014-02-03T20:00:00.000,53,20,33
2014-02-03T21:00:00.000,38,15,23
2014-02-03T22:00:00.000,24,8,16
2014-02-03T23:00:00.000,13,6,7
2014-02-04T00:00:00.000,4,2,2
2014-02-04T01:00:00.000,2,2,0
2014-02-04T02:00:00.000,1,1,0
2014-02-04T03:00:00.000,2,2,0
2014-02-04T04:00:00.000,4,4,0
2014-02-04T05:00:00.000,22,15,7
2014-02-04T06:00:00.000,78,50,28
2014-02-04T07:00:00.000,200,151,49
2014-02-04T08:00:00.000,312,218,94
2014-02-04T09:00:00.000,176,114,62
2014-02-04T10:00:00.000,74,40,34
2014-02-04T11:00:00.000,42,18,24
2014-02-04T12:00:00.000,52,32,20
2014-02-04T13:00:00.000,46,25,21
2014-02-04T14:00:00.000,61,34,27
2014-02-04T15:00:00.000,61,28,33
2014-02-04T16:00:00.000,143,59,84
2014-02-04T17:00:00.000,294,76,218
2014-02-04T18:00:00.000,266,77,189
2014-02-04T19:00:00.000,130,39,91
2014-02-04T20:00:00.000,38,16,22
2014-02-04T21:00:00.000,45,22,23
2014-02-04T22:00:00.000,23,11,12
2014-02-04T23:00:00.000,15,6,9
2014-02-05T00:00:00.000,9,4,5
2014-02-05T01:00:00.000,2,1,1
2014-02-05T02:00:00.000,1,0,1
2014-02-05T03:00:00.000,2,2,0
2014-02-05T04:00:00.000,3,1,2
2014-02-05T05:00:00.000,13,11,2
2014-02-05T06:00:00.000,55,38,17
2014-02-05T07:00:00.000,183,139,44
2014-02-05T08:00:00.000,317,229,88
2014-02-05T09:00:00.000,248,156,92
2014-02-05T10:00:00.000,245,171,74
2014-02-05T11:00:00.000,114,81,33
2014-02-05T12:00:00.000,100,45,55
2014-02-05T13:00:00.000,157,30,127
2014-02-05T14:00:00.000,99,27,72
2014-02-05T15:00:00.000,120,37,83
2014-02-05T16:00:00.000,161,56,105
2014-02-05T17:00:00.000,307,70,237
2014-02-05T18:00:00.000,226,74,152
2014-02-05T19:00:00.000,109,43,66
2014-02-05T20:00:00.000,56,17,39
2014-02-05T21:00:00.000,26,11,15
2014-02-05T22:00:00.000,16,6,10
2014-02-05T23:00:00.000,19,8,11
2014-02-06T00:00:00.000,5,3,2
2014-02-06T01:00:00.000,3,1,2
2014-02-06T02:00:00.000,0,0,0
2014-02-06T03:00:00.000,2,2,0
2014-02-06T04:00:00.000,2,1,1
2014-02-06T05:00:00.000,15,12,3
2014-02-06T06:00:00.000,52,33,19
2014-02-06T07:00:00.000,117,90,27
2014-02-06T08:00:00.000,229,163,66
2014-02-06T09:00:00.000,164,110,54
2014-02-06T10:00:00.000,69,40,29
2014-02-06T11:00:00.000,54,28,26
2014-02-06T12:00:00.000,44,27,17
2014-02-06T13:00:00.000,40,21,19
2014-02-06T14:00:00.000,41,24,17
2014-02-06T15:00:00.000,58,26,32
2014-02-06T16:00:00.000,102,39,63
2014-02-06T17:00:00.000,199,58,141
2014-02-06T18:00:00.000,172,59,113
2014-02-06T19:00:00.000,84,33,51
2014-02-06T20:00:00.000,45,15,30
2014-02-06T21:00:00.000,28,9,19
2014-02-06T22:00:00.000,16,5,11
2014-02-06T23:00:00.000,21,8,13
2014-02-07T00:00:00.000,7,3,4
2014-02-07T01:00:00.000,6,2,4
2014-02-07T02:00:00.000,1,0,1
2014-02-07T03:00:00.000,1,1,0
2014-02-07T04:00:00.000,4,2,2
2014-02-07T05:00:00.000,12,8,4
2014-02-07T06:00:00.000,46,30,16
2014-02-07T07:00:00.000,110,80,30
2014-02-07T08:00:00.000,194,142,52
2014-02-07T09:00:00.000,150,104,46
2014-02-07T10:00:00.000,71,39,32
2014-02-07T11:00:00.000,45,22,23
2014-02-07T12:00:00.000,54,27,27
2014-02-07T13:00:00.000,35,20,15
2014-02-07T14:00:00.000,67,39,28
2014-02-07T15:00:00.000,79,33,46
2014-02-07T16:00:00.000,124,56,68
2014-02-07T17:00:00.000,220,88,132
2014-02-07T18:00:00.000,154,48,106
2014-02-07T19:00:00.000,74,22,52
2014-02-07T20:00:00.000,45,15,30
2014-02-07T21:00:00.000,28,15,13
2014-02-07T22:00:00.000,21,12,9
2014-02-07T23:00:00.000,24,14,10
2014-02-08T00:00:00.000,34,3,31
2014-02-08T01:00:00.000,7,4,3
2014-02-08T02:00:00.000,2,0,2
2014-02-08T03:00:00.000,4,1,3
2014-02-08T04:00:00.000,0,0,0
2014-02-08T05:00:00.000,6,2,4
2014-02-08T06:00:00.000,11,5,6
2014-02-08T07:00:00.000,11,6,5
2014-02-08T08:00:00.000,26,13,13
2014-02-08T09:00:00.000,44,30,14
2014-02-08T10:00:00.000,67,44,23
2014-02-08T11:00:00.000,61,38,23
2014-02-08T12:00:00.000,76,49,27
2014-02-08T13:00:00.000,75,46,29
2014-02-08T14:00:00.000,90,60,30
2014-02-08T15:00:00.000,69,38,31
2014-02-08T16:00:00.000,73,33,40
2014-02-08T17:00:00.000,49,26,23
2014-02-08T18:00:00.000,34,20,14
2014-02-08T19:00:00.000,13,5,8
2014-02-08T20:00:00.000,19,5,14
2014-02-08T21:00:00.000,10,7,3
2014-02-08T22:00:00.000,8,2,6
2014-02-08T23:00:00.000,6,3,3
2014-02-09T00:00:00.000,5,1,4
2014-02-09T01:00:00.000,0,0,0
2014-02-09T02:00:00.000,4,2,2
2014-02-09T03:00:00.000,1,0,1
2014-02-09T04:00:00.000,0,0,0
2014-02-09T05:00:00.000,0,0,0
2014-02-09T06:00:00.000,3,2,1
2014-02-09T07:00:00.000,4,3,1
2014-02-09T08:00:00.000,9,5,4
2014-02-09T09:00:00.000,12,5,7
2014-02-09T10:00:00.000,21,11,10
2014-02-09T11:00:00.000,16,6,10
2014-02-09T12:00:00.000,18,9,9
2014-02-09T13:00:00.000,16,8,8
2014-02-09T14:00:00.000,17,10,7
2014-02-09T15:00:00.000,17,9,8
2014-02-09T16:00:00.000,19,9,10
2014-02-09T17:00:00.000,11,4,7
2014-02-09T18:00:00.000,12,4,8
2014-02-09T19:00:00.000,8,4,4
2014-02-09T20:00:00.000,5,5,0
2014-02-09T21:00:00.000,9,3,6
2014-02-09T22:00:00.000,7,0,7
2014-02-09T23:00:00.000,7,5,2
2014-02-10T00:00:00.000,5,3,2
2014-02-10T01:00:00.000,0,0,0
2014-02-10T02:00:00.000,1,0,1
2014-02-10T03:00:00.000,1,1,0
2014-02-10T04:00:00.000,3,2,1
2014-02-10T05:00:00.000,11,7,4
2014-02-10T06:00:00.000,53,37,16
2014-02-10T07:00:00.000,101,66,35
2014-02-10T08:00:00.000,180,133,47
2014-02-10T09:00:00.000,151,96,55
2014-02-10T10:00:00.000,53,31,22
2014-02-10T11:00:00.000,47,33,14
2014-02-10T12:00:00.000,49,27,22
2014-02-10T13:00:00.000,42,24,18
2014-02-10T14:00:00.000,35,15,20
2014-02-10T15:00:00.000,50,26,24
2014-02-10T16:00:00.000,100,42,58
2014-02-10T17:00:00.000,212,65,147
2014-02-10T18:00:00.000,165,53,112
2014-02-10T19:00:00.000,72,29,43
2014-02-10T20:00:00.000,44,14,30
2014-02-10T21:00:00.000,23,12,11
2014-02-10T22:00:00.000,14,3,11
2014-02-10T23:00:00.000,16,8,8
2014-02-11T00:00:00.000,7,2,5
2014-02-11T01:00:00.000,1,1,0
2014-02-11T02:00:00.000,1,1,0
2014-02-11T03:00:00.000,3,3,0
2014-02-11T04:00:00.000,2,1,1
2014-02-11T05:00:00.000,20,14,6
2014-02-11T06:00:00.000,85,55,30
2014-02-11T07:00:00.000,196,135,61
2014-02-11T08:00:00.000,304,225,79
2014-02-11T09:00:00.000,207,123,84
2014-02-11T10:00:00.000,89,58,31
2014-02-11T11:00:00.000,52,32,20
2014-02-11T12:00:00.000,56,20,36
2014-02-11T13:00:00.000,63,32,31
2014-02-11T14:00:00.000,68,36,32
2014-02-11T15:00:00.000,77,31,46
2014-02-11T16:00:00.000,119,45,74
2014-02-11T17:00:00.000,271,74,197
2014-02-11T18:00:00.000,212,75,137
2014-02-11T19:00:00.000,89,22,67
2014-02-11T20:00:00.000,53,24,29
2014-02-11T21:00:00.000,24,8,16
2014-02-11T22:00:00.000,16,8,8
2014-02-11T23:00:00.000,9,6,3
2014-02-12T00:00:00.000,8,2,6
2014-02-12T01:00:00.000,3,2,1
2014-02-12T02:00:00.000,1,1,0
2014-02-12T03:00:00.000,1,1,0
2014-02-12T04:00:00.000,7,5,2
2014-02-12T05:00:00.000,10,7,3
2014-02-12T06:00:00.000,66,46,20
2014-02-12T07:00:00.000,137,97,40
2014-02-12T08:00:00.000,267,182,85
2014-02-12T09:00:00.000,187,129,58
2014-02-12T10:00:00.000,85,44,41
2014-02-12T11:00:00.000,59,36,23
2014-02-12T12:00:00.000,69,40,29
2014-02-12T13:00:00.000,71,38,33
2014-02-12T14:00:00.000,57,28,29
2014-02-12T15:00:00.000,122,58,64
2014-02-12T16:00:00.000,156,60,96
2014-02-12T17:00:00.000,295,92,203
2014-02-12T18:00:00.000,275,83,192
2014-02-12T19:00:00.000,119,45,74
2014-02-12T20:00:00.000,59,25,34
2014-02-12T21:00:00.000,44,21,23
2014-02-12T22:00:00.000,22,7,15
2014-02-12T23:00:00.000,19,7,12
2014-02-13T00:00:00.000,7,4,3
2014-02-13T01:00:00.000,5,2,3
2014-02-13T02:00:00.000,2,0,2
2014-02-13T03:00:00.000,1,1,0
2014-02-13T04:00:00.000,2,1,1
2014-02-13T05:00:00.000,23,19,4
2014-02-13T06:00:00.000,91,57,34
2014-02-13T07:00:00.000,191,144,47
2014-02-13T08:00:00.000,321,227,94
2014-02-13T09:00:00.000,207,130,77
2014-02-13T10:00:00.000,90,57,33
2014-02-13T11:00:00.000,75,45,30
2014-02-13T12:00:00.000,63,41,22
2014-02-13T13:00:00.000,68,41,27
2014-02-13T14:00:00.000,61,25,36
2014-02-13T15:00:00.000,99,44,55
2014-02-13T16:00:00.000,174,72,102
2014-02-13T17:00:00.000,340,110,230
2014-02-13T18:00:00.000,288,95,193
2014-02-13T19:00:00.000,112,44,68
2014-02-13T20:00:00.000,68,24,44
2014-02-13T21:00:00.000,44,11,33
2014-02-13T22:00:00.000,33,12,21
2014-02-13T23:00:00.000,24,5,19
2014-02-14T00:00:00.000,11,4,7
2014-02-14T01:00:00.000,6,0,6
2014-02-14T02:00:00.000,3,1,2
2014-02-14T03:00:00.000,3,2,1
2014-02-14T04:00:00.000,5,2,3
2014-02-14T05:00:00.000,8,5,3
2014-02-14T06:00:00.000,62,45,17
2014-02-14T07:00:00.000,155,109,46
2014-02-14T08:00:00.000,244,169,75
2014-02-14T09:00:00.000,155,100,55
2014-02-14T10:00:00.000,55,30,25
2014-02-14T11:00:00.000,37,21,16
2014-02-14T12:00:00.000,43,28,15
2014-02-14T13:00:00.000,48,30,18
2014-02-14T14:00:00.000,57,26,31
2014-02-14T15:00:00.000,102,53,49
2014-02-14T16:00:00.000,138,52,86
2014-02-14T17:00:00.000,266,84,182
2014-02-14T18:00:00.000,199,68,131
2014-02-14T19:00:00.000,79,28,51
2014-02-14T20:00:00.000,43,16,27
2014-02-14T21:00:00.000,27,14,13
2014-02-14T22:00:00.000,24,11,13
2014-02-14T23:00:00.000,16,8,8
2014-02-15T00:00:00.000,19,4,15
2014-02-15T01:00:00.000,5,3,2
2014-02-15T02:00:00.000,7,3,4
2014-02-15T03:00:00.000,2,0,2
2014-02-15T04:00:00.000,6,1,5
2014-02-15T05:00:00.000,2,1,1
2014-02-15T06:00:00.000,16,9,7
2014-02-15T07:00:00.000,13,6,7
2014-02-15T08:00:00.000,47,29,18
2014-02-15T09:00:00.000,67,36,31
2014-02-15T10:00:00.000,62,38,24
2014-02-15T11:00:00.000,74,41,33
2014-02-15T12:00:00.000,84,47,37
2014-02-15T13:00:00.000,68,39,29
2014-02-15T14:00:00.000,32,19,13
2014-02-15T15:00:00.000,23,10,13
2014-02-15T16:00:00.000,36,20,16
2014-02-15T17:00:00.000,16,10,6
2014-02-15T18:00:00.000,19,11,8
2014-02-15T19:00:00.000,17,9,8
2014-02-15T20:00:00.000,15,11,4
2014-02-15T21:00:00.000,8,3,5
2014-02-15T22:00:00.000,9,7,2
2014-02-15T23:00:00.000,11,7,4
2014-02-16T00:00:00.000,15,10,5
2014-02-16T01:00:00.000,2,2,0
2014-02-16T02:00:00.000,2,2,0
2014-02-16T03:00:00.000,2,0,2
2014-02-16T04:00:00.000,3,2,1
2014-02-16T05:00:00.000,1,0,1
2014-02-16T06:00:00.000,9,5,4
2014-02-16T07:00:00.000,3,2,1
2014-02-16T08:00:00.000,24,12,12
2014-02-16T09:00:00.000,58,38,20
2014-02-16T10:00:00.000,62,37,25
2014-02-16T11:00:00.000,58,31,27
2014-02-16T12:00:00.000,46,19,27
2014-02-16T13:00:00.000,40,24,16
2014-02-16T14:00:00.000,41,27,14
2014-02-16T15:00:00.000,35,23,12
2014-02-16T16:00:00.000,24,12,12
2014-02-16T17:00:00.000,12,6,6
2014-02-16T18:00:00.000,12,8,4
2014-02-16T19:00:00.000,11,3,8
2014-02-16T20:00:00.000,12,6,6
2014-02-16T21:00:00.000,6,3,3
2014-02-16T22:00:00.000,2,0,2
2014-02-16T23:00:00.000,5,2,3
2014-02-17T00:00:00.000,4,2,2
2014-02-17T01:00:00.000,0,0,0
2014-02-17T02:00:00.000,2,1,1
2014-02-17T03:00:00.000,2,2,0
2014-02-17T04:00:00.000,2,1,1
2014-02-17T05:00:00.000,4,3,1
2014-02-17T06:00:00.000,25,8,17
2014-02-17T07:00:00.000,52,29,23
2014-02-17T08:00:00.000,93,68,25
2014-02-17T09:00:00.000,87,47,40
2014-02-17T10:00:00.000,40,19,21
2014-02-17T11:00:00.000,41,29,12
2014-02-17T12:00:00.000,38,21,17
2014-02-17T13:00:00.000,45,27,18
2014-02-17T14:00:00.000,68,34,34
2014-02-17T15:00:00.000,59,31,28
2014-02-17T16:00:00.000,104,47,57
2014-02-17T17:00:00.000,119,33,86
2014-02-17T18:00:00.000,113,36,77
2014-02-17T19:00:00.000,54,19,35
2014-02-17T20:00:00.000,23,14,9
2014-02-17T21:00:00.000,28,11,17
2014-02-17T22:00:00.000,15,7,8
2014-02-17T23:00:00.000,10,6,4
2014-02-18T00:00:00.000,4,1,3
2014-02-18T01:00:00.000,0,0,0
2014-02-18T02:00:00.000,4,2,2
2014-02-18T03:00:00.000,1,0,1
2014-02-18T04:00:00.000,4,2,2
2014-02-18T05:00:00.000,10,8,2
2014-02-18T06:00:00.000,67,44,23
2014-02-18T07:00:00.000,140,94,46
2014-02-18T08:00:00.000,229,166,63
2014-02-18T09:00:00.000,154,98,56
2014-02-18T10:00:00.000,46,32,14
2014-02-18T11:00:00.000,20,9,11
2014-02-18T12:00:00.000,25,11,14
2014-02-18T13:00:00.000,19,13,6
2014-02-18T14:00:00.000,27,14,13
2014-02-18T15:00:00.000,52,15,37
2014-02-18T16:00:00.000,91,32,59
2014-02-18T17:00:00.000,246,80,166
2014-02-18T18:00:00.000,215,65,150
2014-02-18T19:00:00.000,74,24,50
2014-02-18T20:00:00.000,36,14,22
2014-02-18T21:00:00.000,25,10,15
2014-02-18T22:00:00.000,25,9,16
2014-02-18T23:00:00.000,11,6,5
2014-02-19T00:00:00.000,5,2,3
2014-02-19T01:00:00.000,1,1,0
2014-02-19T02:00:00.000,2,1,1
2014-02-19T03:00:00.000,2,2,0
2014-02-19T04:00:00.000,2,2,0
2014-02-19T05:00:00.000,18,11,7
2014-02-19T06:00:00.000,69,48,21
2014-02-19T07:00:00.000,170,132,38
2014-02-19T08:00:00.000,273,189,84
2014-02-19T09:00:00.000,205,132,73
2014-02-19T10:00:00.000,90,47,43
2014-02-19T11:00:00.000,52,33,19
2014-02-19T12:00:00.000,68,37,31
2014-02-19T13:00:00.000,81,44,37
2014-02-19T14:00:00.000,59,29,30
2014-02-19T15:00:00.000,105,45,60
2014-02-19T16:00:00.000,157,63,94
2014-02-19T17:00:00.000,309,89,220
2014-02-19T18:00:00.000,222,76,146
2014-02-19T19:00:00.000,129,46,83
2014-02-19T20:00:00.000,70,29,41
2014-02-19T21:00:00.000,36,16,20
2014-02-19T22:00:00.000,32,14,18
2014-02-19T23:00:00.000,10,4,6
2014-02-20T00:00:00.000,2,2,0
2014-02-20T01:00:00.000,4,1,3
2014-02-20T02:00:00.000,2,2,0
2014-02-20T03:00:00.000,1,1,0
2014-02-20T04:00:00.000,5,3,2
2014-02-20T05:00:00.000,14,11,3
2014-02-20T06:00:00.000,69,45,24
2014-02-20T07:00:00.000,184,133,51
2014-02-20T08:00:00.000,298,188,110
2014-02-20T09:00:00.000,187,113,74
2014-02-20T10:00:00.000,85,51,34
2014-02-20T11:00:00.000,47,24,23
2014-02-20T12:00:00.000,55,31,24
2014-02-20T13:00:00.000,79,47,32
2014-02-20T14:00:00.000,76,43,33
2014-02-20T15:00:00.000,103,53,50
2014-02-20T16:00:00.000,177,67,110
2014-02-20T17:00:00.000,305,100,205
2014-02-20T18:00:00.000,233,88,145
2014-02-20T19:00:00.000,132,52,80
2014-02-20T20:00:00.000,55,21,34
2014-02-20T21:00:00.000,51,21,30
2014-02-20T22:00:00.000,28,15,13
2014-02-20T23:00:00.000,22,8,14
2014-02-21T00:00:00.000,10,4,6
2014-02-21T01:00:00.000,5,3,2
2014-02-21T02:00:00.000,2,1,1
2014-02-21T03:00:00.000,3,1,2
2014-02-21T04:00:00.000,5,2,3
2014-02-21T05:00:00.000,14,9,5
2014-02-21T06:00:00.000,64,45,19
2014-02-21T07:00:00.000,175,122,53
2014-02-21T08:00:00.000,275,190,85
2014-02-21T09:00:00.000,179,111,68
2014-02-21T10:00:00.000,84,49,35
2014-02-21T11:00:00.000,53,27,26
2014-02-21T12:00:00.000,51,27,24
2014-02-21T13:00:00.000,61,27,34
2014-02-21T14:00:00.000,49,22,27
2014-02-21T15:00:00.000,81,35,46
2014-02-21T16:00:00.000,133,45,88
2014-02-21T17:00:00.000,262,84,178
2014-02-21T18:00:00.000,187,59,128
2014-02-21T19:00:00.000,103,31,72
2014-02-21T20:00:00.000,33,9,24
2014-02-21T21:00:00.000,15,2,13
2014-02-21T22:00:00.000,24,15,9
2014-02-21T23:00:00.000,21,9,12
2014-02-22T00:00:00.000,10,7,3
2014-02-22T01:00:00.000,13,7,6
2014-02-22T02:00:00.000,6,4,2
2014-02-22T03:00:00.000,5,3,2
2014-02-22T04:00:00.000,1,0,1
2014-02-22T05:00:00.000,3,2,1
2014-02-22T06:00:00.000,15,9,6
2014-02-22T07:00:00.000,17,8,9
2014-02-22T08:00:00.000,39,24,15
2014-02-22T09:00:00.000,41,17,24
2014-02-22T10:00:00.000,32,23,9
2014-02-22T11:00:00.000,42,29,13
2014-02-22T12:00:00.000,34,16,18
2014-02-22T13:00:00.000,41,25,16
2014-02-22T14:00:00.000,47,29,18
2014-02-22T15:00:00.000,57,30,27
2014-02-22T16:00:00.000,59,32,27
2014-02-22T17:00:00.000,37,18,19
2014-02-22T18:00:00.000,36,20,16
2014-02-22T19:00:00.000,18,8,10
2014-02-22T20:00:00.000,14,3,11
2014-02-22T21:00:00.000,19,8,11
2014-02-22T22:00:00.000,22,13,9
2014-02-22T23:00:00.000,16,8,8
2014-02-23T00:00:00.000,9,3,6
2014-02-23T01:00:00.000,5,4,1
2014-02-23T02:00:00.000,8,2,6
2014-02-23T03:00:00.000,2,0,2
2014-02-23T04:00:00.000,2,1,1
2014-02-23T05:00:00.000,4,2,2
2014-02-23T06:00:00.000,19,14,5
2014-02-23T07:00:00.000,44,39,5
2014-02-23T08:00:00.000,55,42,13
2014-02-23T09:00:00.000,48,32,16
2014-02-23T10:00:00.000,67,42,25
2014-02-23T11:00:00.000,42,24,18
2014-02-23T12:00:00.000,73,38,35
2014-02-23T13:00:00.000,65,24,41
2014-02-23T14:00:00.000,69,29,40
2014-02-23T15:00:00.000,43,21,22
2014-02-23T16:00:00.000,31,10,21
2014-02-23T17:00:00.000,28,16,12
2014-02-23T18:00:00.000,10,5,5
2014-02-23T19:00:00.000,13,7,6
2014-02-23T20:00:00.000,17,8,9
2014-02-23T21:00:00.000,12,5,7
2014-02-23T22:00:00.000,12,6,6
2014-02-23T23:00:00.000,13,7,6
2014-02-24T00:00:00.000,4,2,2
2014-02-24T01:00:00.000,0,0,0
2014-02-24T02:00:00.000,1,0,1
2014-02-24T03:00:00.000,1,1,0
2014-02-24T04:00:00.000,3,2,1
2014-02-24T05:00:00.000,17,14,3
2014-02-24T06:00:00.000,72,45,27
2014-02-24T07:00:00.000,160,120,40
2014-02-24T08:00:00.000,240,183,57
2014-02-24T09:00:00.000,146,86,60
2014-02-24T10:00:00.000,44,23,21
2014-02-24T11:00:00.000,28,19,9
2014-02-24T12:00:00.000,19,10,9
2014-02-24T13:00:00.000,25,16,9
2014-02-24T14:00:00.000,32,15,17
2014-02-24T15:00:00.000,53,26,27
2014-02-24T16:00:00.000,95,31,64
2014-02-24T17:00:00.000,242,72,170
2014-02-24T18:00:00.000,191,67,124
2014-02-24T19:00:00.000,90,32,58
2014-02-24T20:00:00.000,43,15,28
2014-02-24T21:00:00.000,19,10,9
2014-02-24T22:00:00.000,22,11,11
2014-02-24T23:00:00.000,10,4,6
2014-02-25T00:00:00.000,6,4,2
2014-02-25T01:00:00.000,0,0,0
2014-02-25T02:00:00.000,2,2,0
2014-02-25T03:00:00.000,1,1,0
2014-02-25T04:00:00.000,2,1,1
2014-02-25T05:00:00.000,24,19,5
2014-02-25T06:00:00.000,73,46,27
2014-02-25T07:00:00.000,229,167,62
2014-02-25T08:00:00.000,367,256,111
2014-02-25T09:00:00.000,216,139,77
2014-02-25T10:00:00.000,87,59,28
2014-02-25T11:00:00.000,51,19,32
2014-02-25T12:00:00.000,66,37,29
2014-02-25T13:00:00.000,62,32,30
2014-02-25T14:00:00.000,72,32,40
2014-02-25T15:00:00.000,128,64,64
2014-02-25T16:00:00.000,176,75,101
2014-02-25T17:00:00.000,396,134,262
2014-02-25T18:00:00.000,313,115,198
2014-02-25T19:00:00.000,135,56,79
2014-02-25T20:00:00.000,68,27,41
2014-02-25T21:00:00.000,43,22,21
2014-02-25T22:00:00.000,30,9,21
2014-02-25T23:00:00.000,16,5,11
2014-02-26T00:00:00.000,5,2,3
2014-02-26T01:00:00.000,1,1,0
2014-02-26T02:00:00.000,6,2,4
2014-02-26T03:00:00.000,3,1,2
2014-02-26T04:00:00.000,4,3,1
2014-02-26T05:00:00.000,17,11,6
2014-02-26T06:00:00.000,79,58,21
2014-02-26T07:00:00.000,250,184,66
2014-02-26T08:00:00.000,375,251,124
2014-02-26T09:00:00.000,263,159,104
2014-02-26T10:00:00.000,90,58,32
2014-02-26T11:00:00.000,77,43,34
2014-02-26T12:00:00.000,110,62,48
2014-02-26T13:00:00.000,100,47,53
2014-02-26T14:00:00.000,98,51,47
2014-02-26T15:00:00.000,140,80,60
2014-02-26T16:00:00.000,223,99,124
2014-02-26T17:00:00.000,451,157,294
2014-02-26T18:00:00.000,319,115,204
2014-02-26T19:00:00.000,153,52,101
2014-02-26T20:00:00.000,83,26,57
2014-02-26T21:00:00.000,49,18,31
2014-02-26T22:00:00.000,40,22,18
2014-02-26T23:00:00.000,24,8,16
2014-02-27T00:00:00.000,11,7,4
2014-02-27T01:00:00.000,5,1,4
2014-02-27T02:00:00.000,1,0,1
2014-02-27T03:00:00.000,3,3,0
2014-02-27T04:00:00.000,3,2,1
2014-02-27T05:00:00.000,26,21,5
2014-02-27T06:00:00.000,91,67,24
2014-02-27T07:00:00.000,231,170,61
2014-02-27T08:00:00.000,347,246,101
2014-02-27T09:00:00.000,216,137,79
2014-02-27T10:00:00.000,113,71,42
2014-02-27T11:00:00.000,76,39,37
2014-02-27T12:00:00.000,90,60,30
2014-02-27T13:00:00.000,91,55,36
2014-02-27T14:00:00.000,85,41,44
2014-02-27T15:00:00.000,127,57,70
2014-02-27T16:00:00.000,200,98,102
2014-02-27T17:00:00.000,355,118,237
2014-02-27T18:00:00.000,300,102,198
2014-02-27T19:00:00.000,144,52,92
2014-02-27T20:00:00.000,75,28,47
2014-02-27T21:00:00.000,56,27,29
2014-02-27T22:00:00.000,31,12,19
2014-02-27T23:00:00.000,44,30,14
2014-02-28T00:00:00.000,21,13,8
2014-02-28T01:00:00.000,5,2,3
2014-02-28T02:00:00.000,7,4,3
2014-02-28T03:00:00.000,1,0,1
2014-02-28T04:00:00.000,7,6,1
2014-02-28T05:00:00.000,16,15,1
2014-02-28T06:00:00.000,78,47,31
2014-02-28T07:00:00.000,187,138,49
2014-02-28T08:00:00.000,354,258,96
2014-02-28T09:00:00.000,245,156,89
2014-02-28T10:00:00.000,113,60,53
2014-02-28T11:00:00.000,101,62,39
2014-02-28T12:00:00.000,109,54,55
2014-02-28T13:00:00.000,101,51,50
2014-02-28T14:00:00.000,119,60,59
2014-02-28T15:00:00.000,149,79,70
2014-02-28T16:00:00.000,237,104,133
2014-02-28T17:00:00.000,395,143,252
2014-02-28T18:00:00.000,314,111,203
2014-02-28T19:00:00.000,108,45,63
2014-02-28T20:00:00.000,65,18,47
2014-02-28T21:00:00.000,35,15,20
2014-02-28T22:00:00.000,34,17,17
2014-02-28T23:00:00.000,28,10,18
2014-03-01T00:00:00.000,21,10,11
2014-03-01T01:00:00.000,6,2,4
2014-03-01T02:00:00.000,2,0,2
2014-03-01T03:00:00.000,1,0,1
2014-03-01T04:00:00.000,1,1,0
2014-03-01T05:00:00.000,3,3,0
2014-03-01T06:00:00.000,13,4,9
2014-03-01T07:00:00.000,16,13,3
2014-03-01T08:00:00.000,58,34,24
2014-03-01T09:00:00.000,86,56,30
2014-03-01T10:00:00.000,111,85,26
2014-03-01T11:00:00.000,114,83,31
2014-03-01T12:00:00.000,99,59,40
2014-03-01T13:00:00.000,57,44,13
2014-03-01T14:00:00.000,83,43,40
2014-03-01T15:00:00.000,56,34,22
2014-03-01T16:00:00.000,72,35,37
2014-03-01T17:00:00.000,41,26,15
2014-03-01T18:00:00.000,43,21,22
2014-03-01T19:00:00.000,32,7,25
2014-03-01T20:00:00.000,23,3,20
2014-03-01T21:00:00.000,17,3,14
2014-03-01T22:00:00.000,19,10,9
2014-03-01T23:00:00.000,15,12,3
2014-03-02T00:00:00.000,8,5,3
2014-03-02T01:00:00.000,2,1,1
2014-03-02T02:00:00.000,5,1,4
2014-03-02T03:00:00.000,3,1,2
2014-03-02T04:00:00.000,1,1,0
2014-03-02T05:00:00.000,3,2,1
2014-03-02T06:00:00.000,12,7,5
2014-03-02T07:00:00.000,8,3,5
2014-03-02T08:00:00.000,19,9,10
2014-03-02T09:00:00.000,54,29,25
2014-03-02T10:00:00.000,57,41,16
2014-03-02T11:00:00.000,41,27,14
2014-03-02T12:00:00.000,34,26,8
2014-03-02T13:00:00.000,28,6,22
2014-03-02T14:00:00.000,23,19,4
2014-03-02T15:00:00.000,34,20,14
2014-03-02T16:00:00.000,33,16,17
2014-03-02T17:00:00.000,22,11,11
2014-03-02T18:00:00.000,13,6,7
2014-03-02T19:00:00.000,9,4,5
2014-03-02T20:00:00.000,10,5,5
2014-03-02T21:00:00.000,3,1,2
2014-03-02T22:00:00.000,5,1,4
2014-03-02T23:00:00.000,4,2,2
2014-03-03T00:00:00.000,2,1,1
2014-03-03T01:00:00.000,0,0,0
2014-03-03T02:00:00.000,0,0,0
2014-03-03T03:00:00.000,2,2,0
2014-03-03T04:00:00.000,2,1,1
2014-03-03T05:00:00.000,15,13,2
2014-03-03T06:00:00.000,61,41,20
2014-03-03T07:00:00.000,152,104,48
2014-03-03T08:00:00.000,205,139,66
2014-03-03T09:00:00.000,130,94,36
2014-03-03T10:00:00.000,55,32,23
2014-03-03T11:00:00.000,21,12,9
2014-03-03T12:00:00.000,29,21,8
2014-03-03T13:00:00.000,50,28,22
2014-03-03T14:00:00.000,57,25,32
2014-03-03T15:00:00.000,73,44,29
2014-03-03T16:00:00.000,137,62,75
2014-03-03T17:00:00.000,263,99,164
2014-03-03T18:00:00.000,238,93,145
2014-03-03T19:00:00.000,105,42,63
2014-03-03T20:00:00.000,46,17,29
2014-03-03T21:00:00.000,26,12,14
2014-03-03T22:00:00.000,35,16,19
2014-03-03T23:00:00.000,16,5,11
2014-03-04T00:00:00.000,4,2,2
2014-03-04T01:00:00.000,2,2,0
2014-03-04T02:00:00.000,3,2,1
2014-03-04T03:00:00.000,2,2,0
2014-03-04T04:00:00.000,2,0,2
2014-03-04T05:00:00.000,21,16,5
2014-03-04T06:00:00.000,81,55,26
2014-03-04T07:00:00.000,191,137,54
2014-03-04T08:00:00.000,339,240,99
2014-03-04T09:00:00.000,186,117,69
2014-03-04T10:00:00.000,60,42,18
2014-03-04T11:00:00.000,44,28,16
2014-03-04T12:00:00.000,54,35,19
2014-03-04T13:00:00.000,39,21,18
2014-03-04T14:00:00.000,54,30,24
2014-03-04T15:00:00.000,80,35,45
2014-03-04T16:00:00.000,139,59,80
2014-03-04T17:00:00.000,326,91,235
2014-03-04T18:00:00.000,235,78,157
2014-03-04T19:00:00.000,91,31,60
2014-03-04T20:00:00.000,43,11,32
2014-03-04T21:00:00.000,26,10,16
2014-03-04T22:00:00.000,14,4,10
2014-03-04T23:00:00.000,17,7,10
2014-03-05T00:00:00.000,9,2,7
2014-03-05T01:00:00.000,3,2,1
2014-03-05T02:00:00.000,5,3,2
2014-03-05T03:00:00.000,3,2,1
2014-03-05T04:00:00.000,4,2,2
2014-03-05T05:00:00.000,8,6,2
2014-03-05T06:00:00.000,53,39,14
2014-03-05T07:00:00.000,141,99,42
2014-03-05T08:00:00.000,259,182,77
2014-03-05T09:00:00.000,188,123,65
2014-03-05T10:00:00.000,63,36,27
2014-03-05T11:00:00.000,66,36,30
2014-03-05T12:00:00.000,62,42,20
2014-03-05T13:00:00.000,71,44,27
2014-03-05T14:00:00.000,80,41,39
2014-03-05T15:00:00.000,64,30,34
2014-03-05T16:00:00.000,117,46,71
2014-03-05T17:00:00.000,257,84,173
2014-03-05T18:00:00.000,211,60,151
2014-03-05T19:00:00.000,87,25,62
2014-03-05T20:00:00.000,46,15,31
2014-03-05T21:00:00.000,27,14,13
2014-03-05T22:00:00.000,29,11,18
2014-03-05T23:00:00.000,21,10,11
2014-03-06T00:00:00.000,5,3,2
2014-03-06T01:00:00.000,2,1,1
2014-03-06T02:00:00.000,2,1,1
2014-03-06T03:00:00.000,1,1,0
2014-03-06T04:00:00.000,5,5,0
2014-03-06T05:00:00.000,14,12,2
2014-03-06T06:00:00.000,56,38,18
2014-03-06T07:00:00.000,142,95,47
2014-03-06T08:00:00.000,245,178,67
2014-03-06T09:00:00.000,153,100,53
2014-03-06T10:00:00.000,87,59,28
2014-03-06T11:00:00.000,46,27,19
2014-03-06T12:00:00.000,41,22,19
2014-03-06T13:00:00.000,39,20,19
2014-03-06T14:00:00.000,43,18,25
2014-03-06T15:00:00.000,81,41,40
2014-03-06T16:00:00.000,126,53,73
2014-03-06T17:00:00.000,254,75,179
2014-03-06T18:00:00.000,200,76,124
2014-03-06T19:00:00.000,117,44,73
2014-03-06T20:00:00.000,53,17,36
2014-03-06T21:00:00.000,34,17,17
2014-03-06T22:00:00.000,28,10,18
2014-03-06T23:00:00.000,27,8,19
2014-03-07T00:00:00.000,13,9,4
2014-03-07T01:00:00.000,7,4,3
2014-03-07T02:00:00.000,1,0,1
2014-03-07T03:00:00.000,4,1,3
2014-03-07T04:00:00.000,4,4,0
2014-03-07T05:00:00.000,19,13,6
2014-03-07T06:00:00.000,89,55,34
2014-03-07T07:00:00.000,173,120,53
2014-03-07T08:00:00.000,332,244,88
2014-03-07T09:00:00.000,210,136,74
2014-03-07T10:00:00.000,89,55,34
2014-03-07T11:00:00.000,63,38,25
2014-03-07T12:00:00.000,74,35,39
2014-03-07T13:00:00.000,101,57,44
2014-03-07T14:00:00.000,105,47,58
2014-03-07T15:00:00.000,147,69,78
2014-03-07T16:00:00.000,220,93,127
2014-03-07T17:00:00.000,370,114,256
2014-03-07T18:00:00.000,258,96,162
2014-03-07T19:00:00.000,112,55,57
2014-03-07T20:00:00.000,60,23,37
2014-03-07T21:00:00.000,42,14,28
2014-03-07T22:00:00.000,36,14,22
2014-03-07T23:00:00.000,31,15,16
2014-03-08T00:00:00.000,22,10,12
2014-03-08T01:00:00.000,17,10,7
2014-03-08T02:00:00.000,6,1,5
2014-03-08T03:00:00.000,2,1,1
2014-03-08T04:00:00.000,3,0,3
2014-03-08T05:00:00.000,4,3,1
2014-03-08T06:00:00.000,20,11,9
2014-03-08T07:00:00.000,31,12,19
2014-03-08T08:00:00.000,78,37,41
2014-03-08T09:00:00.000,91,52,39
2014-03-08T10:00:00.000,99,60,39
2014-03-08T11:00:00.000,79,49,30
2014-03-08T12:00:00.000,51,24,27
2014-03-08T13:00:00.000,35,16,19
2014-03-08T14:00:00.000,35,14,21
2014-03-08T15:00:00.000,29,17,12
2014-03-08T16:00:00.000,26,11,15
2014-03-08T17:00:00.000,22,14,8
2014-03-08T18:00:00.000,21,12,9
2014-03-08T19:00:00.000,12,5,7
2014-03-08T20:00:00.000,19,7,12
2014-03-08T21:00:00.000,8,5,3
2014-03-08T22:00:00.000,6,3,3
2014-03-08T23:00:00.000,10,6,4
2014-03-09T00:00:00.000,6,1,5
2014-03-09T01:00:00.000,0,0,0
2014-03-09T02:00:00.000,,,
2014-03-09T03:00:00.000,0,0,0
2014-03-09T04:00:00.000,4,2,2
2014-03-09T05:00:00.000,3,1,2
2014-03-09T06:00:00.000,4,3,1
2014-03-09T07:00:00.000,7,4,3
2014-03-09T08:00:00.000,15,9,6
2014-03-09T09:00:00.000,31,20,11
2014-03-09T10:00:00.000,37,29,8
2014-03-09T11:00:00.000,51,18,33
2014-03-09T12:00:00.000,68,40,28
2014-03-09T13:00:00.000,101,60,41
2014-03-09T14:00:00.000,145,83,62
2014-03-09T15:00:00.000,186,106,80
2014-03-09T16:00:00.000,171,97,74
2014-03-09T17:00:00.000,136,73,63
2014-03-09T18:00:00.000,78,50,28
2014-03-09T19:00:00.000,36,24,12
2014-03-09T20:00:00.000,31,15,16
2014-03-09T21:00:00.000,15,9,6
2014-03-09T22:00:00.000,12,1,11
2014-03-09T23:00:00.000,5,3,2
2014-03-10T00:00:00.000,7,3,4
2014-03-10T01:00:00.000,2,1,1
2014-03-10T02:00:00.000,0,0,0
2014-03-10T03:00:00.000,2,1,1
2014-03-10T04:00:00.000,1,0,1
2014-03-10T05:00:00.000,13,10,3
2014-03-10T06:00:00.000,68,48,20
2014-03-10T07:00:00.000,193,137,56
2014-03-10T08:00:00.000,279,195,84
2014-03-10T09:00:00.000,220,137,83
2014-03-10T10:00:00.000,103,63,40
2014-03-10T11:00:00.000,45,26,19
2014-03-10T12:00:00.000,50,26,24
2014-03-10T13:00:00.000,37,21,16
2014-03-10T14:00:00.000,52,24,28
2014-03-10T15:00:00.000,73,32,41
2014-03-10T16:00:00.000,143,58,85
2014-03-10T17:00:00.000,325,90,235
2014-03-10T18:00:00.000,285,101,184
2014-03-10T19:00:00.000,116,36,80
2014-03-10T20:00:00.000,55,25,30
2014-03-10T21:00:00.000,38,19,19
2014-03-10T22:00:00.000,21,8,13
2014-03-10T23:00:00.000,17,6,11
2014-03-11T00:00:00.000,5,3,2
2014-03-11T01:00:00.000,3,1,2
2014-03-11T02:00:00.000,1,1,0
2014-03-11T03:00:00.000,0,0,0
2014-03-11T04:00:00.000,3,2,1
2014-03-11T05:00:00.000,20,16,4
2014-03-11T06:00:00.000,99,68,31
2014-03-11T07:00:00.000,266,193,73
2014-03-11T08:00:00.000,417,298,119
2014-03-11T09:00:00.000,309,201,108
2014-03-11T10:00:00.000,109,72,37
2014-03-11T11:00:00.000,59,35,24
2014-03-11T12:00:00.000,107,66,41
2014-03-11T13:00:00.000,92,52,40
2014-03-11T14:00:00.000,100,60,40
2014-03-11T15:00:00.000,159,82,77
2014-03-11T16:00:00.000,254,98,156
2014-03-11T17:00:00.000,507,159,348
2014-03-11T18:00:00.000,474,164,310
2014-03-11T19:00:00.000,213,96,117
2014-03-11T20:00:00.000,107,47,60
2014-03-11T21:00:00.000,56,21,35
2014-03-11T22:00:00.000,38,16,22
2014-03-11T23:00:00.000,18,8,10
2014-03-12T00:00:00.000,8,4,4
2014-03-12T01:00:00.000,3,1,2
2014-03-12T02:00:00.000,4,3,1
2014-03-12T03:00:00.000,1,0,1
2014-03-12T04:00:00.000,3,0,3
2014-03-12T05:00:00.000,23,16,7
2014-03-12T06:00:00.000,95,66,29
2014-03-12T07:00:00.000,254,193,61
2014-03-12T08:00:00.000,425,303,122
2014-03-12T09:00:00.000,338,222,116
2014-03-12T10:00:00.000,131,70,61
2014-03-12T11:00:00.000,88,56,32
2014-03-12T12:00:00.000,96,58,38
2014-03-12T13:00:00.000,116,63,53
2014-03-12T14:00:00.000,127,67,60
2014-03-12T15:00:00.000,157,80,77
2014-03-12T16:00:00.000,251,114,137
2014-03-12T17:00:00.000,562,179,383
2014-03-12T18:00:00.000,476,184,292
2014-03-12T19:00:00.000,244,109,135
2014-03-12T20:00:00.000,128,58,70
2014-03-12T21:00:00.000,63,27,36
2014-03-12T22:00:00.000,56,29,27
2014-03-12T23:00:00.000,16,10,6
2014-03-13T00:00:00.000,10,7,3
2014-03-13T01:00:00.000,2,0,2
2014-03-13T02:00:00.000,6,3,3
2014-03-13T03:00:00.000,1,1,0
2014-03-13T04:00:00.000,9,6,3
2014-03-13T05:00:00.000,25,20,5
2014-03-13T06:00:00.000,94,63,31
2014-03-13T07:00:00.000,253,178,75
2014-03-13T08:00:00.000,423,303,120
2014-03-13T09:00:00.000,287,182,105
2014-03-13T10:00:00.000,105,50,55
2014-03-13T11:00:00.000,85,50,35
2014-03-13T12:00:00.000,104,69,35
2014-03-13T13:00:00.000,101,48,53
2014-03-13T14:00:00.000,98,52,46
2014-03-13T15:00:00.000,157,81,76
2014-03-13T16:00:00.000,255,96,159
2014-03-13T17:00:00.000,431,144,287
2014-03-13T18:00:00.000,479,173,306
2014-03-13T19:00:00.000,184,92,92
2014-03-13T20:00:00.000,85,30,55
2014-03-13T21:00:00.000,65,23,42
2014-03-13T22:00:00.000,33,14,19
2014-03-13T23:00:00.000,21,9,12
2014-03-14T00:00:00.000,5,1,4
2014-03-14T01:00:00.000,10,2,8
2014-03-14T02:00:00.000,3,1,2
2014-03-14T03:00:00.000,4,2,2
2014-03-14T04:00:00.000,4,2,2
2014-03-14T05:00:00.000,21,16,5
2014-03-14T06:00:00.000,74,49,25
2014-03-14T07:00:00.000,129,88,41
2014-03-14T08:00:00.000,270,191,79
2014-03-14T09:00:00.000,189,125,64
2014-03-14T10:00:00.000,83,50,33
2014-03-14T11:00:00.000,55,40,15
2014-03-14T12:00:00.000,59,33,26
2014-03-14T13:00:00.000,80,40,40
2014-03-14T14:00:00.000,89,48,41
2014-03-14T15:00:00.000,117,63,54
2014-03-14T16:00:00.000,167,70,97
2014-03-14T17:00:00.000,331,113,218
2014-03-14T18:00:00.000,232,88,144
2014-03-14T19:00:00.000,150,56,94
2014-03-14T20:00:00.000,60,15,45
2014-03-14T21:00:00.000,31,13,18
2014-03-14T22:00:00.000,25,11,14
2014-03-14T23:00:00.000,28,12,16
2014-03-15T00:00:00.000,11,5,6
2014-03-15T01:00:00.000,11,5,6
2014-03-15T02:00:00.000,9,4,5
2014-03-15T03:00:00.000,4,1,3
2014-03-15T04:00:00.000,2,1,1
2014-03-15T05:00:00.000,5,3,2
2014-03-15T06:00:00.000,16,7,9
2014-03-15T07:00:00.000,29,14,15
2014-03-15T08:00:00.000,49,29,20
2014-03-15T09:00:00.000,80,47,33
2014-03-15T10:00:00.000,96,57,39
2014-03-15T11:00:00.000,91,53,38
2014-03-15T12:00:00.000,86,47,39
2014-03-15T13:00:00.000,90,53,37
2014-03-15T14:00:00.000,129,72,57
2014-03-15T15:00:00.000,97,42,55
2014-03-15T16:00:00.000,126,64,62
2014-03-15T17:00:00.000,93,54,39
2014-03-15T18:00:00.000,57,30,27
2014-03-15T19:00:00.000,28,15,13
2014-03-15T20:00:00.000,27,10,17
2014-03-15T21:00:00.000,12,5,7
2014-03-15T22:00:00.000,13,7,6
2014-03-15T23:00:00.000,16,9,7
2014-03-16T00:00:00.000,14,5,9
2014-03-16T01:00:00.000,8,4,4
2014-03-16T02:00:00.000,5,2,3
2014-03-16T03:00:00.000,2,1,1
2014-03-16T04:00:00.000,1,1,0
2014-03-16T05:00:00.000,6,4,2
2014-03-16T06:00:00.000,8,4,4
2014-03-16T07:00:00.000,12,6,6
2014-03-16T08:00:00.000,14,8,6
2014-03-16T09:00:00.000,24,16,8
2014-03-16T10:00:00.000,28,17,11
2014-03-16T11:00:00.000,26,16,10
2014-03-16T12:00:00.000,27,17,10
2014-03-16T13:00:00.000,31,17,14
2014-03-16T14:00:00.000,14,11,3
2014-03-16T15:00:00.000,30,17,13
2014-03-16T16:00:00.000,45,28,17
2014-03-16T17:00:00.000,27,13,14
2014-03-16T18:00:00.000,14,10,4
2014-03-16T19:00:00.000,7,4,3
2014-03-16T20:00:00.000,16,4,12
2014-03-16T21:00:00.000,7,7,0
2014-03-16T22:00:00.000,6,1,5
2014-03-16T23:00:00.000,3,2,1
2014-03-17T00:00:00.000,4,0,4
2014-03-17T01:00:00.000,5,3,2
2014-03-17T02:00:00.000,1,1,0
2014-03-17T03:00:00.000,3,3,0
2014-03-17T04:00:00.000,3,2,1
2014-03-17T05:00:00.000,17,14,3
2014-03-17T06:00:00.000,84,52,32
2014-03-17T07:00:00.000,198,150,48
2014-03-17T08:00:00.000,377,267,110
2014-03-17T09:00:00.000,269,181,88
2014-03-17T10:00:00.000,112,66,46
2014-03-17T11:00:00.000,94,52,42
2014-03-17T12:00:00.000,92,51,41
2014-03-17T13:00:00.000,99,47,52
2014-03-17T14:00:00.000,80,39,41
2014-03-17T15:00:00.000,116,54,62
2014-03-17T16:00:00.000,171,55,116
2014-03-17T17:00:00.000,404,116,288
2014-03-17T18:00:00.000,380,127,253
2014-03-17T19:00:00.000,136,48,88
2014-03-17T20:00:00.000,72,30,42
2014-03-17T21:00:00.000,40,15,25
2014-03-17T22:00:00.000,30,12,18
2014-03-17T23:00:00.000,22,10,12
2014-03-18T00:00:00.000,6,2,4
2014-03-18T01:00:00.000,8,6,2
2014-03-18T02:00:00.000,2,1,1
2014-03-18T03:00:00.000,1,0,1
2014-03-18T04:00:00.000,5,4,1
2014-03-18T05:00:00.000,19,15,4
2014-03-18T06:00:00.000,112,81,31
2014-03-18T07:00:00.000,232,160,72
2014-03-18T08:00:00.000,391,273,118
2014-03-18T09:00:00.000,245,155,90
2014-03-18T10:00:00.000,128,85,43
2014-03-18T11:00:00.000,50,27,23
2014-03-18T12:00:00.000,63,34,29
2014-03-18T13:00:00.000,57,33,24
2014-03-18T14:00:00.000,80,48,32
2014-03-18T15:00:00.000,114,45,69
2014-03-18T16:00:00.000,172,80,92
2014-03-18T17:00:00.000,383,113,270
2014-03-18T18:00:00.000,388,122,266
2014-03-18T19:00:00.000,178,61,117
2014-03-18T20:00:00.000,71,23,48
2014-03-18T21:00:00.000,43,26,17
2014-03-18T22:00:00.000,36,16,20
2014-03-18T23:00:00.000,18,9,9
2014-03-19T00:00:00.000,6,5,1
2014-03-19T01:00:00.000,6,0,6
2014-03-19T02:00:00.000,2,2,0
2014-03-19T03:00:00.000,2,1,1
2014-03-19T04:00:00.000,4,3,1
2014-03-19T05:00:00.000,14,12,2
2014-03-19T06:00:00.000,81,57,24
2014-03-19T07:00:00.000,171,122,49
2014-03-19T08:00:00.000,293,205,88
2014-03-19T09:00:00.000,226,137,89
2014-03-19T10:00:00.000,98,59,39
2014-03-19T11:00:00.000,55,35,20
2014-03-19T12:00:00.000,57,31,26
2014-03-19T13:00:00.000,46,26,20
2014-03-19T14:00:00.000,55,29,26
2014-03-19T15:00:00.000,72,34,38
2014-03-19T16:00:00.000,134,54,80
2014-03-19T17:00:00.000,310,108,202
2014-03-19T18:00:00.000,302,85,217
2014-03-19T19:00:00.000,126,50,76
2014-03-19T20:00:00.000,56,19,37
2014-03-19T21:00:00.000,38,18,20
2014-03-19T22:00:00.000,21,7,14
2014-03-19T23:00:00.000,17,10,7
2014-03-20T00:00:00.000,1,0,1
2014-03-20T01:00:00.000,3,2,1
2014-03-20T02:00:00.000,0,0,0
2014-03-20T03:00:00.000,2,2,0
2014-03-20T04:00:00.000,5,3,2
2014-03-20T05:00:00.000,19,12,7
2014-03-20T06:00:00.000,80,56,24
2014-03-20T07:00:00.000,205,150,55
2014-03-20T08:00:00.000,306,225,81
2014-03-20T09:00:00.000,241,160,81
2014-03-20T10:00:00.000,101,68,33
2014-03-20T11:00:00.000,70,42,28
2014-03-20T12:00:00.000,57,33,24
2014-03-20T13:00:00.000,66,39,27
2014-03-20T14:00:00.000,104,63,41
2014-03-20T15:00:00.000,137,73,64
2014-03-20T16:00:00.000,190,104,86
2014-03-20T17:00:00.000,400,133,267
2014-03-20T18:00:00.000,339,127,212
2014-03-20T19:00:00.000,165,60,105
2014-03-20T20:00:00.000,82,38,44
2014-03-20T21:00:00.000,51,19,32
2014-03-20T22:00:00.000,40,15,25
2014-03-20T23:00:00.000,27,13,14
2014-03-21T00:00:00.000,16,11,5
2014-03-21T01:00:00.000,7,3,4
2014-03-21T02:00:00.000,4,1,3
2014-03-21T03:00:00.000,4,2,2
2014-03-21T04:00:00.000,6,3,3
2014-03-21T05:00:00.000,15,10,5
2014-03-21T06:00:00.000,70,47,23
2014-03-21T07:00:00.000,202,138,64
2014-03-21T08:00:00.000,340,253,87
2014-03-21T09:00:00.000,229,142,87
2014-03-21T10:00:00.000,110,64,46
2014-03-21T11:00:00.000,62,39,23
2014-03-21T12:00:00.000,71,48,23
2014-03-21T13:00:00.000,98,45,53
2014-03-21T14:00:00.000,116,64,52
2014-03-21T15:00:00.000,139,62,77
2014-03-21T16:00:00.000,207,79,128
2014-03-21T17:00:00.000,389,128,261
2014-03-21T18:00:00.000,283,103,180
2014-03-21T19:00:00.000,134,47,87
2014-03-21T20:00:00.000,70,27,43
2014-03-21T21:00:00.000,25,10,15
2014-03-21T22:00:00.000,24,9,15
2014-03-21T23:00:00.000,31,10,21
2014-03-22T00:00:00.000,16,5,11
2014-03-22T01:00:00.000,9,5,4
2014-03-22T02:00:00.000,4,3,1
2014-03-22T03:00:00.000,3,2,1
2014-03-22T04:00:00.000,1,1,0
2014-03-22T05:00:00.000,7,2,5
2014-03-22T06:00:00.000,14,9,5
2014-03-22T07:00:00.000,45,23,22
2014-03-22T08:00:00.000,59,21,38
2014-03-22T09:00:00.000,89,44,45
2014-03-22T10:00:00.000,112,77,35
2014-03-22T11:00:00.000,147,90,57
2014-03-22T12:00:00.000,156,78,78
2014-03-22T13:00:00.000,125,73,52
2014-03-22T14:00:00.000,137,78,59
2014-03-22T15:00:00.000,126,67,59
2014-03-22T16:00:00.000,133,64,69
2014-03-22T17:00:00.000,100,43,57
2014-03-22T18:00:00.000,83,46,37
2014-03-22T19:00:00.000,53,28,25
2014-03-22T20:00:00.000,34,13,21
2014-03-22T21:00:00.000,19,5,14
2014-03-22T22:00:00.000,18,7,11
2014-03-22T23:00:00.000,14,10,4
2014-03-23T00:00:00.000,13,6,7
2014-03-23T01:00:00.000,6,2,4
2014-03-23T02:00:00.000,5,1,4
2014-03-23T03:00:00.000,4,1,3
2014-03-23T04:00:00.000,2,0,2
2014-03-23T05:00:00.000,5,2,3
2014-03-23T06:00:00.000,8,2,6
2014-03-23T07:00:00.000,23,14,9
2014-03-23T08:00:00.000,54,28,26
2014-03-23T09:00:00.000,72,43,29
2014-03-23T10:00:00.000,90,47,43
2014-03-23T11:00:00.000,147,88,59
2014-03-23T12:00:00.000,220,123,97
2014-03-23T13:00:00.000,204,123,81
2014-03-23T14:00:00.000,191,107,84
2014-03-23T15:00:00.000,259,140,119
2014-03-23T16:00:00.000,232,132,100
2014-03-23T17:00:00.000,178,83,95
2014-03-23T18:00:00.000,106,61,45
2014-03-23T19:00:00.000,61,37,24
2014-03-23T20:00:00.000,31,12,19
2014-03-23T21:00:00.000,19,8,11
2014-03-23T22:00:00.000,19,9,10
2014-03-23T23:00:00.000,14,6,8
2014-03-24T00:00:00.000,15,3,12
2014-03-24T01:00:00.000,3,2,1
2014-03-24T02:00:00.000,0,0,0
2014-03-24T03:00:00.000,1,1,0
2014-03-24T04:00:00.000,6,3,3
2014-03-24T05:00:00.000,23,14,9
2014-03-24T06:00:00.000,104,64,40
2014-03-24T07:00:00.000,258,199,59
2014-03-24T08:00:00.000,485,333,152
2014-03-24T09:00:00.000,299,188,111
2014-03-24T10:00:00.000,121,75,46
2014-03-24T11:00:00.000,91,48,43
2014-03-24T12:00:00.000,106,64,42
2014-03-24T13:00:00.000,112,66,46
2014-03-24T14:00:00.000,108,56,52
2014-03-24T15:00:00.000,148,79,69
2014-03-24T16:00:00.000,261,115,146
2014-03-24T17:00:00.000,585,186,399
2014-03-24T18:00:00.000,476,166,310
2014-03-24T19:00:00.000,227,91,136
2014-03-24T20:00:00.000,75,38,37
2014-03-24T21:00:00.000,55,19,36
2014-03-24T22:00:00.000,43,18,25
2014-03-24T23:00:00.000,34,15,19
2014-03-25T00:00:00.000,10,5,5
2014-03-25T01:00:00.000,11,3,8
2014-03-25T02:00:00.000,6,3,3
2014-03-25T03:00:00.000,1,0,1
2014-03-25T04:00:00.000,6,3,3
2014-03-25T05:00:00.000,21,15,6
2014-03-25T06:00:00.000,89,57,32
2014-03-25T07:00:00.000,222,155,67
2014-03-25T08:00:00.000,298,207,91
2014-03-25T09:00:00.000,190,122,68
2014-03-25T10:00:00.000,80,49,31
2014-03-25T11:00:00.000,37,17,20
2014-03-25T12:00:00.000,34,14,20
2014-03-25T13:00:00.000,34,18,16
2014-03-25T14:00:00.000,42,15,27
2014-03-25T15:00:00.000,71,27,44
2014-03-25T16:00:00.000,116,41,75
2014-03-25T17:00:00.000,327,103,224
2014-03-25T18:00:00.000,263,91,172
2014-03-25T19:00:00.000,93,31,62
2014-03-25T20:00:00.000,60,21,39
2014-03-25T21:00:00.000,34,14,20
2014-03-25T22:00:00.000,21,11,10
2014-03-25T23:00:00.000,21,9,12
2014-03-26T00:00:00.000,9,2,7
2014-03-26T01:00:00.000,7,5,2
2014-03-26T02:00:00.000,3,1,2
2014-03-26T03:00:00.000,3,1,2
2014-03-26T04:00:00.000,2,1,1
2014-03-26T05:00:00.000,17,11,6
2014-03-26T06:00:00.000,75,57,18
2014-03-26T07:00:00.000,214,153,61
2014-03-26T08:00:00.000,358,249,109
2014-03-26T09:00:00.000,239,150,89
2014-03-26T10:00:00.000,80,51,29
2014-03-26T11:00:00.000,47,27,20
2014-03-26T12:00:00.000,45,17,28
2014-03-26T13:00:00.000,60,37,23
2014-03-26T14:00:00.000,65,32,33
2014-03-26T15:00:00.000,88,40,48
2014-03-26T16:00:00.000,138,60,78
2014-03-26T17:00:00.000,332,77,255
2014-03-26T18:00:00.000,291,86,205
2014-03-26T19:00:00.000,128,48,80
2014-03-26T20:00:00.000,58,18,40
2014-03-26T21:00:00.000,27,13,14
2014-03-26T22:00:00.000,28,11,17
2014-03-26T23:00:00.000,32,20,12
2014-03-27T00:00:00.000,9,4,5
2014-03-27T01:00:00.000,8,1,7
2014-03-27T02:00:00.000,3,2,1
2014-03-27T03:00:00.000,4,2,2
2014-03-27T04:00:00.000,5,3,2
2014-03-27T05:00:00.000,24,20,4
2014-03-27T06:00:00.000,73,54,19
2014-03-27T07:00:00.000,180,142,38
2014-03-27T08:00:00.000,314,240,74
2014-03-27T09:00:00.000,180,111,69
2014-03-27T10:00:00.000,75,48,27
2014-03-27T11:00:00.000,53,31,22
2014-03-27T12:00:00.000,44,21,23
2014-03-27T13:00:00.000,57,32,25
2014-03-27T14:00:00.000,81,44,37
2014-03-27T15:00:00.000,60,35,25
2014-03-27T16:00:00.000,179,66,113
2014-03-27T17:00:00.000,366,138,228
2014-03-27T18:00:00.000,282,99,183
2014-03-27T19:00:00.000,152,57,95
2014-03-27T20:00:00.000,85,39,46
2014-03-27T21:00:00.000,49,23,26
2014-03-27T22:00:00.000,46,16,30
2014-03-27T23:00:00.000,28,11,17
2014-03-28T00:00:00.000,11,3,8
2014-03-28T01:00:00.000,12,4,8
2014-03-28T02:00:00.000,5,1,4
2014-03-28T03:00:00.000,5,2,3
2014-03-28T04:00:00.000,6,2,4
2014-03-28T05:00:00.000,20,13,7
2014-03-28T06:00:00.000,70,47,23
2014-03-28T07:00:00.000,129,96,33
2014-03-28T08:00:00.000,170,123,47
2014-03-28T09:00:00.000,159,95,64
2014-03-28T10:00:00.000,51,37,14
2014-03-28T11:00:00.000,38,24,14
2014-03-28T12:00:00.000,29,15,14
2014-03-28T13:00:00.000,37,22,15
2014-03-28T14:00:00.000,39,17,22
2014-03-28T15:00:00.000,53,23,30
2014-03-28T16:00:00.000,114,45,69
2014-03-28T17:00:00.000,222,75,147
2014-03-28T18:00:00.000,163,54,109
2014-03-28T19:00:00.000,85,34,51
2014-03-28T20:00:00.000,48,22,26
2014-03-28T21:00:00.000,20,8,12
2014-03-28T22:00:00.000,23,10,13
2014-03-28T23:00:00.000,16,7,9
2014-03-29T00:00:00.000,11,7,4
2014-03-29T01:00:00.000,7,1,6
2014-03-29T02:00:00.000,2,1,1
2014-03-29T03:00:00.000,2,1,1
2014-03-29T04:00:00.000,2,0,2
2014-03-29T05:00:00.000,7,3,4
2014-03-29T06:00:00.000,16,10,6
2014-03-29T07:00:00.000,9,6,3
2014-03-29T08:00:00.000,25,14,11
2014-03-29T09:00:00.000,31,17,14
2014-03-29T10:00:00.000,31,19,12
2014-03-29T11:00:00.000,44,23,21
2014-03-29T12:00:00.000,56,35,21
2014-03-29T13:00:00.000,50,18,32
2014-03-29T14:00:00.000,46,26,20
2014-03-29T15:00:00.000,51,29,22
2014-03-29T16:00:00.000,46,24,22
2014-03-29T17:00:00.000,34,25,9
2014-03-29T18:00:00.000,24,12,12
2014-03-29T19:00:00.000,19,12,7
2014-03-29T20:00:00.000,18,7,11
2014-03-29T21:00:00.000,14,4,10
2014-03-29T22:00:00.000,11,7,4
2014-03-29T23:00:00.000,15,12,3
2014-03-30T00:00:00.000,7,6,1
2014-03-30T01:00:00.000,5,1,4
2014-03-30T02:00:00.000,3,2,1
2014-03-30T03:00:00.000,1,0,1
2014-03-30T04:00:00.000,4,2,2
2014-03-30T05:00:00.000,5,2,3
2014-03-30T06:00:00.000,7,5,2
2014-03-30T07:00:00.000,18,9,9
2014-03-30T08:00:00.000,41,25,16
2014-03-30T09:00:00.000,52,31,21
2014-03-30T10:00:00.000,65,45,20
2014-03-30T11:00:00.000,81,49,32
2014-03-30T12:00:00.000,102,73,29
2014-03-30T13:00:00.000,128,83,45
2014-03-30T14:00:00.000,149,84,65
2014-03-30T15:00:00.000,164,97,67
2014-03-30T16:00:00.000,198,102,96
2014-03-30T17:00:00.000,107,67,40
2014-03-30T18:00:00.000,77,40,37
2014-03-30T19:00:00.000,35,23,12
2014-03-30T20:00:00.000,29,14,15
2014-03-30T21:00:00.000,14,7,7
2014-03-30T22:00:00.000,17,7,10
2014-03-30T23:00:00.000,11,4,7
2014-03-31T00:00:00.000,5,2,3
2014-03-31T01:00:00.000,3,1,2
2014-03-31T02:00:00.000,3,2,1
2014-03-31T03:00:00.000,2,1,1
2014-03-31T04:00:00.000,4,2,2
2014-03-31T05:00:00.000,20,15,5
2014-03-31T06:00:00.000,99,65,34
2014-03-31T07:00:00.000,276,197,79
2014-03-31T08:00:00.000,469,319,150
2014-03-31T09:00:00.000,296,193,103
2014-03-31T10:00:00.000,97,57,40
2014-03-31T11:00:00.000,76,45,31
2014-03-31T12:00:00.000,99,47,52
2014-03-31T13:00:00.000,100,53,47
2014-03-31T14:00:00.000,100,39,61
2014-03-31T15:00:00.000,129,52,77
2014-03-31T16:00:00.000,246,94,152
2014-03-31T17:00:00.000,559,200,359
2014-03-31T18:00:00.000,427,145,282
2014-03-31T19:00:00.000,229,98,131
2014-03-31T20:00:00.000,96,38,58
2014-03-31T21:00:00.000,50,25,25
2014-03-31T22:00:00.000,29,12,17
2014-03-31T23:00:00.000,22,10,12
2014-04-01T00:00:00.000,18,5,13
2014-04-01T01:00:00.000,3,0,3
2014-04-01T02:00:00.000,8,0,8
2014-04-01T03:00:00.000,1,1,0
2014-04-01T04:00:00.000,2,1,1
2014-04-01T05:00:00.000,23,14,9
2014-04-01T06:00:00.000,122,92,30
2014-04-01T07:00:00.000,330,245,85
2014-04-01T08:00:00.000,478,344,134
2014-04-01T09:00:00.000,294,194,100
2014-04-01T10:00:00.000,118,62,56
2014-04-01T11:00:00.000,80,48,32
2014-04-01T12:00:00.000,68,41,27
2014-04-01T13:00:00.000,89,48,41
2014-04-01T14:00:00.000,105,54,51
2014-04-01T15:00:00.000,170,80,90
2014-04-01T16:00:00.000,261,93,168
2014-04-01T17:00:00.000,601,206,395
2014-04-01T18:00:00.000,509,179,330
2014-04-01T19:00:00.000,241,99,142
2014-04-01T20:00:00.000,124,59,65
2014-04-01T21:00:00.000,70,35,35
2014-04-01T22:00:00.000,42,18,24
2014-04-01T23:00:00.000,34,18,16
2014-04-02T00:00:00.000,8,5,3
2014-04-02T01:00:00.000,11,8,3
2014-04-02T02:00:00.000,3,1,2
2014-04-02T03:00:00.000,2,2,0
2014-04-02T04:00:00.000,7,5,2
2014-04-02T05:00:00.000,25,18,7
2014-04-02T06:00:00.000,112,86,26
2014-04-02T07:00:00.000,306,223,83
2014-04-02T08:00:00.000,474,342,132
2014-04-02T09:00:00.000,295,199,96
2014-04-02T10:00:00.000,128,75,53
2014-04-02T11:00:00.000,66,40,26
2014-04-02T12:00:00.000,91,43,48
2014-04-02T13:00:00.000,100,57,43
2014-04-02T14:00:00.000,113,60,53
2014-04-02T15:00:00.000,138,70,68
2014-04-02T16:00:00.000,259,100,159
2014-04-02T17:00:00.000,576,203,373
2014-04-02T18:00:00.000,474,187,287
2014-04-02T19:00:00.000,202,85,117
2014-04-02T20:00:00.000,133,67,66
2014-04-02T21:00:00.000,81,38,43
2014-04-02T22:00:00.000,51,20,31
2014-04-02T23:00:00.000,17,13,4
2014-04-03T00:00:00.000,22,8,14
2014-04-03T01:00:00.000,7,3,4
2014-04-03T02:00:00.000,2,1,1
2014-04-03T03:00:00.000,2,1,1
2014-04-03T04:00:00.000,2,1,1
2014-04-03T05:00:00.000,18,10,8
2014-04-03T06:00:00.000,87,66,21
2014-04-03T07:00:00.000,263,189,74
2014-04-03T08:00:00.000,344,233,111
2014-04-03T09:00:00.000,260,166,94
2014-04-03T10:00:00.000,118,64,54
2014-04-03T11:00:00.000,87,50,37
2014-04-03T12:00:00.000,76,43,33
2014-04-03T13:00:00.000,71,39,32
2014-04-03T14:00:00.000,77,43,34
2014-04-03T15:00:00.000,78,44,34
2014-04-03T16:00:00.000,185,66,119
2014-04-03T17:00:00.000,295,81,214
2014-04-03T18:00:00.000,304,87,217
2014-04-03T19:00:00.000,153,58,95
2014-04-03T20:00:00.000,67,30,37
2014-04-03T21:00:00.000,54,21,33
2014-04-03T22:00:00.000,30,11,19
2014-04-03T23:00:00.000,21,11,10
2014-04-04T00:00:00.000,8,3,5
2014-04-04T01:00:00.000,4,2,2
2014-04-04T02:00:00.000,3,2,1
2014-04-04T03:00:00.000,3,2,1
2014-04-04T04:00:00.000,5,1,4
2014-04-04T05:00:00.000,18,11,7
2014-04-04T06:00:00.000,73,51,22
2014-04-04T07:00:00.000,199,143,56
2014-04-04T08:00:00.000,356,257,99
2014-04-04T09:00:00.000,258,159,99
2014-04-04T10:00:00.000,104,55,49
2014-04-04T11:00:00.000,81,47,34
2014-04-04T12:00:00.000,73,35,38
2014-04-04T13:00:00.000,76,40,36
2014-04-04T14:00:00.000,108,54,54
2014-04-04T15:00:00.000,139,61,78
2014-04-04T16:00:00.000,210,91,119
2014-04-04T17:00:00.000,414,128,286
2014-04-04T18:00:00.000,307,117,190
2014-04-04T19:00:00.000,176,73,103
2014-04-04T20:00:00.000,78,32,46
2014-04-04T21:00:00.000,50,23,27
2014-04-04T22:00:00.000,42,15,27
2014-04-04T23:00:00.000,32,13,19
2014-04-05T00:00:00.000,19,11,8
2014-04-05T01:00:00.000,11,7,4
2014-04-05T02:00:00.000,14,7,7
2014-04-05T03:00:00.000,6,1,5
2014-04-05T04:00:00.000,1,1,0
2014-04-05T05:00:00.000,8,6,2
2014-04-05T06:00:00.000,21,13,8
2014-04-05T07:00:00.000,18,8,10
2014-04-05T08:00:00.000,58,34,24
2014-04-05T09:00:00.000,95,44,51
2014-04-05T10:00:00.000,140,84,56
2014-04-05T11:00:00.000,85,46,39
2014-04-05T12:00:00.000,83,46,37
2014-04-05T13:00:00.000,82,47,35
2014-04-05T14:00:00.000,81,45,36
2014-04-05T15:00:00.000,76,44,32
2014-04-05T16:00:00.000,56,26,30
2014-04-05T17:00:00.000,44,19,25
2014-04-05T18:00:00.000,37,20,17
2014-04-05T19:00:00.000,41,23,18
2014-04-05T20:00:00.000,24,14,10
2014-04-05T21:00:00.000,15,8,7
2014-04-05T22:00:00.000,13,6,7
2014-04-05T23:00:00.000,16,9,7
2014-04-06T00:00:00.000,7,4,3
2014-04-06T01:00:00.000,8,4,4
2014-04-06T02:00:00.000,2,1,1
2014-04-06T03:00:00.000,5,1,4
2014-04-06T04:00:00.000,4,3,1
2014-04-06T05:00:00.000,8,4,4
2014-04-06T06:00:00.000,12,7,5
2014-04-06T07:00:00.000,26,19,7
2014-04-06T08:00:00.000,51,36,15
2014-04-06T09:00:00.000,73,38,35
2014-04-06T10:00:00.000,100,65,35
2014-04-06T11:00:00.000,113,60,53
2014-04-06T12:00:00.000,158,86,72
2014-04-06T13:00:00.000,167,87,80
2014-04-06T14:00:00.000,194,129,65
2014-04-06T15:00:00.000,171,112,59
2014-04-06T16:00:00.000,128,68,60
2014-04-06T17:00:00.000,104,56,48
2014-04-06T18:00:00.000,93,53,40
2014-04-06T19:00:00.000,50,24,26
2014-04-06T20:00:00.000,27,18,9
2014-04-06T21:00:00.000,22,8,14
2014-04-06T22:00:00.000,13,7,6
2014-04-06T23:00:00.000,7,6,1
2014-04-07T00:00:00.000,11,3,8
2014-04-07T01:00:00.000,3,1,2
2014-04-07T02:00:00.000,1,1,0
2014-04-07T03:00:00.000,4,2,2
2014-04-07T04:00:00.000,3,3,0
2014-04-07T05:00:00.000,32,22,10
2014-04-07T06:00:00.000,109,73,36
2014-04-07T07:00:00.000,330,251,79
2014-04-07T08:00:00.000,506,342,164
2014-04-07T09:00:00.000,351,235,116
2014-04-07T10:00:00.000,129,75,54
2014-04-07T11:00:00.000,120,71,49
2014-04-07T12:00:00.000,111,73,38
2014-04-07T13:00:00.000,122,62,60
2014-04-07T14:00:00.000,145,71,74
2014-04-07T15:00:00.000,199,95,104
2014-04-07T16:00:00.000,345,140,205
2014-04-07T17:00:00.000,705,232,473
2014-04-07T18:00:00.000,591,211,380
2014-04-07T19:00:00.000,234,105,129
2014-04-07T20:00:00.000,125,64,61
2014-04-07T21:00:00.000,82,45,37
2014-04-07T22:00:00.000,40,16,24
2014-04-07T23:00:00.000,21,15,6
2014-04-08T00:00:00.000,15,7,8
2014-04-08T01:00:00.000,7,2,5
2014-04-08T02:00:00.000,2,1,1
2014-04-08T03:00:00.000,4,3,1
2014-04-08T04:00:00.000,2,1,1
2014-04-08T05:00:00.000,27,19,8
2014-04-08T06:00:00.000,87,61,26
2014-04-08T07:00:00.000,306,212,94
2014-04-08T08:00:00.000,451,323,128
2014-04-08T09:00:00.000,305,188,117
2014-04-08T10:00:00.000,112,62,50
2014-04-08T11:00:00.000,68,49,19
2014-04-08T12:00:00.000,70,42,28
2014-04-08T13:00:00.000,73,38,35
2014-04-08T14:00:00.000,67,31,36
2014-04-08T15:00:00.000,101,48,53
2014-04-08T16:00:00.000,157,54,103
2014-04-08T17:00:00.000,341,97,244
2014-04-08T18:00:00.000,296,83,213
2014-04-08T19:00:00.000,136,45,91
2014-04-08T20:00:00.000,71,31,40
2014-04-08T21:00:00.000,65,23,42
2014-04-08T22:00:00.000,26,11,15
2014-04-08T23:00:00.000,17,10,7
2014-04-09T00:00:00.000,7,1,6
2014-04-09T01:00:00.000,8,3,5
2014-04-09T02:00:00.000,1,1,0
2014-04-09T03:00:00.000,3,2,1
2014-04-09T04:00:00.000,6,4,2
2014-04-09T05:00:00.000,26,18,8
2014-04-09T06:00:00.000,113,87,26
2014-04-09T07:00:00.000,289,206,83
2014-04-09T08:00:00.000,472,328,144
2014-04-09T09:00:00.000,303,193,110
2014-04-09T10:00:00.000,163,102,61
2014-04-09T11:00:00.000,97,56,41
2014-04-09T12:00:00.000,96,57,39
2014-04-09T13:00:00.000,113,60,53
2014-04-09T14:00:00.000,91,56,35
2014-04-09T15:00:00.000,162,72,90
2014-04-09T16:00:00.000,270,111,159
2014-04-09T17:00:00.000,583,164,419
2014-04-09T18:00:00.000,512,178,334
2014-04-09T19:00:00.000,266,101,165
2014-04-09T20:00:00.000,116,52,64
2014-04-09T21:00:00.000,69,38,31
2014-04-09T22:00:00.000,41,19,22
2014-04-09T23:00:00.000,21,5,16
2014-04-10T00:00:00.000,18,8,10
2014-04-10T01:00:00.000,11,3,8
2014-04-10T02:00:00.000,5,2,3
2014-04-10T03:00:00.000,2,1,1
2014-04-10T04:00:00.000,2,1,1
2014-04-10T05:00:00.000,29,18,11
2014-04-10T06:00:00.000,102,69,33
2014-04-10T07:00:00.000,301,232,69
2014-04-10T08:00:00.000,502,352,150
2014-04-10T09:00:00.000,349,220,129
2014-04-10T10:00:00.000,150,96,54
2014-04-10T11:00:00.000,113,71,42
2014-04-10T12:00:00.000,151,73,78
2014-04-10T13:00:00.000,109,58,51
2014-04-10T14:00:00.000,127,66,61
2014-04-10T15:00:00.000,162,80,82
2014-04-10T16:00:00.000,261,101,160
2014-04-10T17:00:00.000,502,163,339
2014-04-10T18:00:00.000,517,200,317
2014-04-10T19:00:00.000,253,103,150
2014-04-10T20:00:00.000,118,56,62
2014-04-10T21:00:00.000,75,31,44
2014-04-10T22:00:00.000,43,14,29
2014-04-10T23:00:00.000,38,15,23
2014-04-11T00:00:00.000,18,5,13
2014-04-11T01:00:00.000,10,4,6
2014-04-11T02:00:00.000,8,3,5
2014-04-11T03:00:00.000,5,2,3
2014-04-11T04:00:00.000,5,4,1
2014-04-11T05:00:00.000,30,19,11
2014-04-11T06:00:00.000,84,56,28
2014-04-11T07:00:00.000,262,194,68
2014-04-11T08:00:00.000,438,319,119
2014-04-11T09:00:00.000,274,177,97
2014-04-11T10:00:00.000,133,70,63
2014-04-11T11:00:00.000,102,58,44
2014-04-11T12:00:00.000,94,54,40
2014-04-11T13:00:00.000,103,58,45
2014-04-11T14:00:00.000,120,58,62
2014-04-11T15:00:00.000,172,84,88
2014-04-11T16:00:00.000,297,111,186
2014-04-11T17:00:00.000,524,188,336
2014-04-11T18:00:00.000,395,145,250
2014-04-11T19:00:00.000,187,73,114
2014-04-11T20:00:00.000,73,31,42
2014-04-11T21:00:00.000,38,17,21
2014-04-11T22:00:00.000,38,14,24
2014-04-11T23:00:00.000,25,11,14
2014-04-12T00:00:00.000,15,6,9
2014-04-12T01:00:00.000,13,8,5
2014-04-12T02:00:00.000,13,6,7
2014-04-12T03:00:00.000,4,2,2
2014-04-12T04:00:00.000,1,0,1
2014-04-12T05:00:00.000,6,5,1
2014-04-12T06:00:00.000,15,4,11
2014-04-12T07:00:00.000,45,27,18
2014-04-12T08:00:00.000,89,52,37
2014-04-12T09:00:00.000,121,54,67
2014-04-12T10:00:00.000,163,91,72
2014-04-12T11:00:00.000,121,62,59
2014-04-12T12:00:00.000,160,100,60
2014-04-12T13:00:00.000,205,121,84
2014-04-12T14:00:00.000,183,93,90
2014-04-12T15:00:00.000,204,104,100
2014-04-12T16:00:00.000,186,98,88
2014-04-12T17:00:00.000,189,103,86
2014-04-12T18:00:00.000,146,69,77
2014-04-12T19:00:00.000,119,63,56
2014-04-12T20:00:00.000,48,29,19
2014-04-12T21:00:00.000,42,21,21
2014-04-12T22:00:00.000,60,32,28
2014-04-12T23:00:00.000,37,20,17
2014-04-13T00:00:00.000,19,11,8
2014-04-13T01:00:00.000,14,5,9
2014-04-13T02:00:00.000,14,8,6
2014-04-13T03:00:00.000,7,4,3
2014-04-13T04:00:00.000,2,0,2
2014-04-13T05:00:00.000,5,3,2
2014-04-13T06:00:00.000,13,5,8
2014-04-13T07:00:00.000,24,14,10
2014-04-13T08:00:00.000,66,36,30
2014-04-13T09:00:00.000,123,63,60
2014-04-13T10:00:00.000,157,100,57
2014-04-13T11:00:00.000,180,113,67
2014-04-13T12:00:00.000,223,128,95
2014-04-13T13:00:00.000,263,131,132
2014-04-13T14:00:00.000,304,165,139
2014-04-13T15:00:00.000,321,198,123
2014-04-13T16:00:00.000,279,156,123
2014-04-13T17:00:00.000,221,130,91
2014-04-13T18:00:00.000,164,82,82
2014-04-13T19:00:00.000,101,55,46
2014-04-13T20:00:00.000,66,36,30
2014-04-13T21:00:00.000,42,26,16
2014-04-13T22:00:00.000,23,6,17
2014-04-13T23:00:00.000,16,11,5
2014-04-14T00:00:00.000,11,2,9
2014-04-14T01:00:00.000,5,3,2
2014-04-14T02:00:00.000,3,0,3
2014-04-14T03:00:00.000,2,2,0
2014-04-14T04:00:00.000,3,3,0
2014-04-14T05:00:00.000,33,22,11
2014-04-14T06:00:00.000,109,73,36
2014-04-14T07:00:00.000,326,257,69
2014-04-14T08:00:00.000,518,358,160
2014-04-14T09:00:00.000,305,197,108
2014-04-14T10:00:00.000,138,82,56
2014-04-14T11:00:00.000,112,72,40
2014-04-14T12:00:00.000,114,57,57
2014-04-14T13:00:00.000,112,54,58
2014-04-14T14:00:00.000,135,73,62
2014-04-14T15:00:00.000,173,84,89
2014-04-14T16:00:00.000,289,106,183
2014-04-14T17:00:00.000,601,190,411
2014-04-14T18:00:00.000,547,209,338
2014-04-14T19:00:00.000,248,115,133
2014-04-14T20:00:00.000,96,44,52
2014-04-14T21:00:00.000,75,27,48
2014-04-14T22:00:00.000,29,8,21
2014-04-14T23:00:00.000,22,11,11
2014-04-15T00:00:00.000,14,6,8
2014-04-15T01:00:00.000,3,2,1
2014-04-15T02:00:00.000,5,5,0
2014-04-15T03:00:00.000,4,2,2
2014-04-15T04:00:00.000,4,4,0
2014-04-15T05:00:00.000,29,14,15
2014-04-15T06:00:00.000,90,64,26
2014-04-15T07:00:00.000,269,211,58
2014-04-15T08:00:00.000,430,302,128
2014-04-15T09:00:00.000,293,196,97
2014-04-15T10:00:00.000,117,56,61
2014-04-15T11:00:00.000,91,39,52
2014-04-15T12:00:00.000,88,51,37
2014-04-15T13:00:00.000,88,52,36
2014-04-15T14:00:00.000,94,52,42
2014-04-15T15:00:00.000,126,62,64
2014-04-15T16:00:00.000,193,78,115
2014-04-15T17:00:00.000,455,137,318
2014-04-15T18:00:00.000,393,136,257
2014-04-15T19:00:00.000,196,82,114
2014-04-15T20:00:00.000,100,41,59
2014-04-15T21:00:00.000,66,39,27
2014-04-15T22:00:00.000,31,12,19
2014-04-15T23:00:00.000,27,14,13
2014-04-16T00:00:00.000,13,8,5
2014-04-16T01:00:00.000,3,2,1
2014-04-16T02:00:00.000,7,4,3
2014-04-16T03:00:00.000,2,2,0
2014-04-16T04:00:00.000,3,0,3
2014-04-16T05:00:00.000,21,13,8
2014-04-16T06:00:00.000,67,46,21
2014-04-16T07:00:00.000,218,152,66
2014-04-16T08:00:00.000,289,206,83
2014-04-16T09:00:00.000,204,125,79
2014-04-16T10:00:00.000,78,49,29
2014-04-16T11:00:00.000,48,21,27
2014-04-16T12:00:00.000,47,25,22
2014-04-16T13:00:00.000,57,35,22
2014-04-16T14:00:00.000,58,27,31
2014-04-16T15:00:00.000,66,28,38
2014-04-16T16:00:00.000,110,44,66
2014-04-16T17:00:00.000,321,98,223
2014-04-16T18:00:00.000,260,78,182
2014-04-16T19:00:00.000,124,63,61
2014-04-16T20:00:00.000,51,5,46
2014-04-16T21:00:00.000,50,18,32
2014-04-16T22:00:00.000,22,12,10
2014-04-16T23:00:00.000,14,7,7
2014-04-17T00:00:00.000,4,2,2
2014-04-17T01:00:00.000,5,3,2
2014-04-17T02:00:00.000,0,0,0
2014-04-17T03:00:00.000,1,1,0
2014-04-17T04:00:00.000,1,1,0
2014-04-17T05:00:00.000,17,11,6
2014-04-17T06:00:00.000,64,42,22
2014-04-17T07:00:00.000,194,135,59
2014-04-17T08:00:00.000,244,178,66
2014-04-17T09:00:00.000,162,98,64
2014-04-17T10:00:00.000,70,46,24
2014-04-17T11:00:00.000,30,18,12
2014-04-17T12:00:00.000,44,22,22
2014-04-17T13:00:00.000,35,16,19
2014-04-17T14:00:00.000,44,18,26
2014-04-17T15:00:00.000,56,29,27
2014-04-17T16:00:00.000,95,39,56
2014-04-17T17:00:00.000,237,71,166
2014-04-17T18:00:00.000,211,60,151
2014-04-17T19:00:00.000,113,43,70
2014-04-17T20:00:00.000,58,18,40
2014-04-17T21:00:00.000,31,12,19
2014-04-17T22:00:00.000,21,14,7
2014-04-17T23:00:00.000,13,6,7
2014-04-18T00:00:00.000,4,1,3
2014-04-18T01:00:00.000,3,1,2
2014-04-18T02:00:00.000,2,1,1
2014-04-18T03:00:00.000,2,0,2
2014-04-18T04:00:00.000,3,1,2
2014-04-18T05:00:00.000,20,12,8
2014-04-18T06:00:00.000,67,41,26
2014-04-18T07:00:00.000,205,148,57
2014-04-18T08:00:00.000,353,241,112
2014-04-18T09:00:00.000,247,142,105
2014-04-18T10:00:00.000,115,69,46
2014-04-18T11:00:00.000,105,66,39
2014-04-18T12:00:00.000,99,49,50
2014-04-18T13:00:00.000,107,61,46
2014-04-18T14:00:00.000,126,54,72
2014-04-18T15:00:00.000,126,57,69
2014-04-18T16:00:00.000,223,88,135
2014-04-18T17:00:00.000,393,123,270
2014-04-18T18:00:00.000,350,129,221
2014-04-18T19:00:00.000,188,91,97
2014-04-18T20:00:00.000,98,53,45
2014-04-18T21:00:00.000,39,12,27
2014-04-18T22:00:00.000,32,16,16
2014-04-18T23:00:00.000,23,6,17
2014-04-19T00:00:00.000,18,12,6
2014-04-19T01:00:00.000,16,11,5
2014-04-19T02:00:00.000,6,3,3
2014-04-19T03:00:00.000,5,2,3
2014-04-19T04:00:00.000,1,1,0
2014-04-19T05:00:00.000,6,3,3
2014-04-19T06:00:00.000,15,5,10
2014-04-19T07:00:00.000,48,23,25
2014-04-19T08:00:00.000,58,36,22
2014-04-19T09:00:00.000,106,54,52
2014-04-19T10:00:00.000,116,77,39
2014-04-19T11:00:00.000,102,61,41
2014-04-19T12:00:00.000,52,33,19
2014-04-19T13:00:00.000,47,15,32
2014-04-19T14:00:00.000,32,11,21
2014-04-19T15:00:00.000,29,14,15
2014-04-19T16:00:00.000,47,20,27
2014-04-19T17:00:00.000,29,17,12
2014-04-19T18:00:00.000,50,31,19
2014-04-19T19:00:00.000,32,12,20
2014-04-19T20:00:00.000,36,19,17
2014-04-19T21:00:00.000,25,14,11
2014-04-19T22:00:00.000,17,6,11
2014-04-19T23:00:00.000,13,9,4
2014-04-20T00:00:00.000,15,7,8
2014-04-20T01:00:00.000,6,1,5
2014-04-20T02:00:00.000,4,2,2
2014-04-20T03:00:00.000,6,0,6
2014-04-20T04:00:00.000,4,3,1
2014-04-20T05:00:00.000,6,5,1
2014-04-20T06:00:00.000,20,12,8
2014-04-20T07:00:00.000,21,11,10
2014-04-20T08:00:00.000,38,19,19
2014-04-20T09:00:00.000,70,41,29
2014-04-20T10:00:00.000,81,41,40
2014-04-20T11:00:00.000,129,60,69
2014-04-20T12:00:00.000,142,82,60
2014-04-20T13:00:00.000,201,94,107
2014-04-20T14:00:00.000,186,97,89
2014-04-20T15:00:00.000,194,102,92
2014-04-20T16:00:00.000,183,104,79
2014-04-20T17:00:00.000,127,71,56
2014-04-20T18:00:00.000,111,63,48
2014-04-20T19:00:00.000,84,47,37
2014-04-20T20:00:00.000,44,20,24
2014-04-20T21:00:00.000,24,9,15
2014-04-20T22:00:00.000,18,5,13
2014-04-20T23:00:00.000,20,12,8
2014-04-21T00:00:00.000,6,4,2
2014-04-21T01:00:00.000,6,5,1
2014-04-21T02:00:00.000,4,1,3
2014-04-21T03:00:00.000,2,2,0
2014-04-21T04:00:00.000,4,3,1
2014-04-21T05:00:00.000,33,17,16
2014-04-21T06:00:00.000,96,60,36
2014-04-21T07:00:00.000,285,215,70
2014-04-21T08:00:00.000,455,341,114
2014-04-21T09:00:00.000,309,188,121
2014-04-21T10:00:00.000,118,73,45
2014-04-21T11:00:00.000,87,57,30
2014-04-21T12:00:00.000,95,55,40
2014-04-21T13:00:00.000,99,51,48
2014-04-21T14:00:00.000,101,51,50
2014-04-21T15:00:00.000,138,60,78
2014-04-21T16:00:00.000,254,107,147
2014-04-21T17:00:00.000,531,165,366
2014-04-21T18:00:00.000,440,146,294
2014-04-21T19:00:00.000,178,71,107
2014-04-21T20:00:00.000,68,24,44
2014-04-21T21:00:00.000,44,22,22
2014-04-21T22:00:00.000,31,17,14
2014-04-21T23:00:00.000,17,5,12
2014-04-22T00:00:00.000,3,1,2
2014-04-22T01:00:00.000,2,0,2
2014-04-22T02:00:00.000,3,3,0
2014-04-22T03:00:00.000,1,1,0
2014-04-22T04:00:00.000,2,1,1
2014-04-22T05:00:00.000,17,11,6
2014-04-22T06:00:00.000,71,32,39
2014-04-22T07:00:00.000,156,128,28
2014-04-22T08:00:00.000,220,194,26
2014-04-22T09:00:00.000,201,128,73
2014-04-22T10:00:00.000,106,61,45
2014-04-22T11:00:00.000,105,25,80
2014-04-22T12:00:00.000,117,89,28
2014-04-22T13:00:00.000,79,42,37
2014-04-22T14:00:00.000,78,35,43
2014-04-22T15:00:00.000,104,53,51
2014-04-22T16:00:00.000,159,66,93
2014-04-22T17:00:00.000,343,119,224
2014-04-22T18:00:00.000,338,125,213
2014-04-22T19:00:00.000,160,69,91
2014-04-22T20:00:00.000,73,28,45
2014-04-22T21:00:00.000,40,17,23
2014-04-22T22:00:00.000,23,10,13
2014-04-22T23:00:00.000,22,12,10
2014-04-23T00:00:00.000,2,1,1
2014-04-23T01:00:00.000,52,2,50
2014-04-23T02:00:00.000,22,0,22
2014-04-23T03:00:00.000,21,1,20
2014-04-23T04:00:00.000,21,2,19
2014-04-23T05:00:00.000,52,17,35
2014-04-23T06:00:00.000,80,48,32
2014-04-23T07:00:00.000,213,191,22
2014-04-23T08:00:00.000,352,327,25
2014-04-23T09:00:00.000,279,178,101
2014-04-23T10:00:00.000,126,72,54
2014-04-23T11:00:00.000,87,47,40
2014-04-23T12:00:00.000,66,47,19
2014-04-23T13:00:00.000,77,46,31
2014-04-23T14:00:00.000,72,40,32
2014-04-23T15:00:00.000,113,59,54
2014-04-23T16:00:00.000,178,64,114
2014-04-23T17:00:00.000,415,121,294
2014-04-23T18:00:00.000,310,107,203
2014-04-23T19:00:00.000,157,46,111
2014-04-23T20:00:00.000,60,17,43
2014-04-23T21:00:00.000,35,13,22
2014-04-23T22:00:00.000,31,15,16
2014-04-23T23:00:00.000,11,4,7
2014-04-24T00:00:00.000,6,3,3
2014-04-24T01:00:00.000,3,2,1
2014-04-24T02:00:00.000,2,2,0
2014-04-24T03:00:00.000,1,1,0
2014-04-24T04:00:00.000,5,3,2
2014-04-24T05:00:00.000,18,10,8
2014-04-24T06:00:00.000,72,45,27
2014-04-24T07:00:00.000,212,151,61
2014-04-24T08:00:00.000,334,237,97
2014-04-24T09:00:00.000,225,156,69
2014-04-24T10:00:00.000,104,66,38
2014-04-24T11:00:00.000,59,31,28
2014-04-24T12:00:00.000,49,27,22
2014-04-24T13:00:00.000,35,14,21
2014-04-24T14:00:00.000,57,30,27
2014-04-24T15:00:00.000,80,42,38
2014-04-24T16:00:00.000,152,67,85
2014-04-24T17:00:00.000,377,107,270
2014-04-24T18:00:00.000,321,119,202
2014-04-24T19:00:00.000,196,72,124
2014-04-24T20:00:00.000,82,34,48
2014-04-24T21:00:00.000,52,18,34
2014-04-24T22:00:00.000,48,22,26
2014-04-24T23:00:00.000,21,11,10
2014-04-25T00:00:00.000,7,1,6
2014-04-25T01:00:00.000,6,3,3
2014-04-25T02:00:00.000,3,1,2
2014-04-25T03:00:00.000,1,1,0
2014-04-25T04:00:00.000,39,1,38
2014-04-25T05:00:00.000,54,15,39
2014-04-25T06:00:00.000,79,64,15
2014-04-25T07:00:00.000,182,162,20
2014-04-25T08:00:00.000,355,294,61
2014-04-25T09:00:00.000,268,167,101
2014-04-25T10:00:00.000,137,84,53
2014-04-25T11:00:00.000,97,70,27
2014-04-25T12:00:00.000,127,65,62
2014-04-25T13:00:00.000,113,52,61
2014-04-25T14:00:00.000,116,60,56
2014-04-25T15:00:00.000,155,71,84
2014-04-25T16:00:00.000,263,113,150
2014-04-25T17:00:00.000,460,163,297
2014-04-25T18:00:00.000,363,135,228
2014-04-25T19:00:00.000,159,67,92
2014-04-25T20:00:00.000,86,39,47
2014-04-25T21:00:00.000,56,26,30
2014-04-25T22:00:00.000,30,13,17
2014-04-25T23:00:00.000,38,21,17
2014-04-26T00:00:00.000,17,7,10
2014-04-26T01:00:00.000,10,4,6
2014-04-26T02:00:00.000,8,4,4
2014-04-26T03:00:00.000,3,1,2
2014-04-26T04:00:00.000,4,2,2
2014-04-26T05:00:00.000,50,3,47
2014-04-26T06:00:00.000,57,10,47
2014-04-26T07:00:00.000,74,21,53
2014-04-26T08:00:00.000,109,42,67
2014-04-26T09:00:00.000,117,72,45
2014-04-26T10:00:00.000,169,95,74
2014-04-26T11:00:00.000,155,87,68
2014-04-26T12:00:00.000,207,119,88
2014-04-26T13:00:00.000,146,79,67
2014-04-26T14:00:00.000,149,82,67
2014-04-26T15:00:00.000,172,84,88
2014-04-26T16:00:00.000,193,104,89
2014-04-26T17:00:00.000,156,88,68
2014-04-26T18:00:00.000,118,66,52
2014-04-26T19:00:00.000,51,29,22
2014-04-26T20:00:00.000,34,21,13
2014-04-26T21:00:00.000,23,13,10
2014-04-26T22:00:00.000,18,7,11
2014-04-26T23:00:00.000,9,8,1
2014-04-27T00:00:00.000,11,4,7
2014-04-27T01:00:00.000,9,4,5
2014-04-27T02:00:00.000,2,1,1
2014-04-27T03:00:00.000,0,0,0
2014-04-27T04:00:00.000,58,0,58
2014-04-27T05:00:00.000,37,3,34
2014-04-27T06:00:00.000,34,7,27
2014-04-27T07:00:00.000,63,2,61
2014-04-27T08:00:00.000,62,25,37
2014-04-27T09:00:00.000,81,49,32
2014-04-27T10:00:00.000,77,42,35
2014-04-27T11:00:00.000,85,46,39
2014-04-27T12:00:00.000,100,51,49
2014-04-27T13:00:00.000,104,57,47
2014-04-27T14:00:00.000,119,69,50
2014-04-27T15:00:00.000,118,58,60
2014-04-27T16:00:00.000,130,81,49
2014-04-27T17:00:00.000,112,63,49
2014-04-27T18:00:00.000,78,47,31
2014-04-27T19:00:00.000,40,24,16
2014-04-27T20:00:00.000,34,17,17
2014-04-27T21:00:00.000,21,11,10
2014-04-27T22:00:00.000,20,8,12
2014-04-27T23:00:00.000,7,7,0
2014-04-28T00:00:00.000,6,1,5
2014-04-28T01:00:00.000,3,2,1
2014-04-28T02:00:00.000,0,0,0
2014-04-28T03:00:00.000,2,2,0
2014-04-28T04:00:00.000,73,3,70
2014-04-28T05:00:00.000,54,19,35
2014-04-28T06:00:00.000,94,71,23
2014-04-28T07:00:00.000,271,255,16
2014-04-28T08:00:00.000,403,356,47
2014-04-28T09:00:00.000,294,191,103
2014-04-28T10:00:00.000,97,58,39
2014-04-28T11:00:00.000,86,57,29
2014-04-28T12:00:00.000,76,38,38
2014-04-28T13:00:00.000,96,49,47
2014-04-28T14:00:00.000,118,52,66
2014-04-28T15:00:00.000,163,77,86
2014-04-28T16:00:00.000,268,107,161
2014-04-28T17:00:00.000,581,168,413
2014-04-28T18:00:00.000,544,205,339
2014-04-28T19:00:00.000,281,119,162
2014-04-28T20:00:00.000,129,59,70
2014-04-28T21:00:00.000,53,23,30
2014-04-28T22:00:00.000,45,26,19
2014-04-28T23:00:00.000,21,12,9
2014-04-29T00:00:00.000,16,3,13
2014-04-29T01:00:00.000,3,1,2
2014-04-29T02:00:00.000,4,3,1
2014-04-29T03:00:00.000,0,0,0
2014-04-29T04:00:00.000,6,4,2
2014-04-29T05:00:00.000,42,28,14
2014-04-29T06:00:00.000,141,103,38
2014-04-29T07:00:00.000,409,296,113
2014-04-29T08:00:00.000,595,421,174
2014-04-29T09:00:00.000,345,222,123
2014-04-29T10:00:00.000,150,89,61
2014-04-29T11:00:00.000,109,58,51
2014-04-29T12:00:00.000,117,66,51
2014-04-29T13:00:00.000,124,81,43
2014-04-29T14:00:00.000,154,81,73
2014-04-29T15:00:00.000,180,85,95
2014-04-29T16:00:00.000,326,123,203
2014-04-29T17:00:00.000,703,207,496
2014-04-29T18:00:00.000,669,261,408
2014-04-29T19:00:00.000,340,153,187
2014-04-29T20:00:00.000,197,94,103
2014-04-29T21:00:00.000,90,47,43
2014-04-29T22:00:00.000,46,25,21
2014-04-29T23:00:00.000,37,21,16
2014-04-30T00:00:00.000,18,7,11
2014-04-30T01:00:00.000,9,5,4
2014-04-30T02:00:00.000,6,4,2
2014-04-30T03:00:00.000,2,2,0
2014-04-30T04:00:00.000,7,3,4
2014-04-30T05:00:00.000,36,24,12
2014-04-30T06:00:00.000,138,91,47
2014-04-30T07:00:00.000,418,312,106
2014-04-30T08:00:00.000,644,470,174
2014-04-30T09:00:00.000,391,248,143
2014-04-30T10:00:00.000,158,104,54
2014-04-30T11:00:00.000,133,77,56
2014-04-30T12:00:00.000,138,72,66
2014-04-30T13:00:00.000,151,80,71
2014-04-30T14:00:00.000,147,92,55
2014-04-30T15:00:00.000,215,100,115
2014-04-30T16:00:00.000,396,152,244
2014-04-30T17:00:00.000,742,215,527
2014-04-30T18:00:00.000,652,256,396
2014-04-30T19:00:00.000,332,151,181
2014-04-30T20:00:00.000,215,118,97
2014-04-30T21:00:00.000,103,51,52
2014-04-30T22:00:00.000,80,35,45
2014-04-30T23:00:00.000,36,19,17
2014-05-01T00:00:00.000,19,16,3
2014-05-01T01:00:00.000,9,4,5
2014-05-01T02:00:00.000,7,5,2
2014-05-01T03:00:00.000,5,3,2
2014-05-01T04:00:00.000,9,7,2
2014-05-01T05:00:00.000,42,29,13
2014-05-01T06:00:00.000,184,131,53
2014-05-01T07:00:00.000,570,420,150
2014-05-01T08:00:00.000,722,513,209
2014-05-01T09:00:00.000,421,294,127
2014-05-01T10:00:00.000,189,115,74
2014-05-01T11:00:00.000,123,76,47
2014-05-01T12:00:00.000,164,91,73
2014-05-01T13:00:00.000,172,81,91
2014-05-01T14:00:00.000,194,90,104
2014-05-01T15:00:00.000,256,106,150
2014-05-01T16:00:00.000,478,180,298
2014-05-01T17:00:00.000,830,250,580
2014-05-01T18:00:00.000,661,246,415
2014-05-01T19:00:00.000,386,160,226
2014-05-01T20:00:00.000,214,103,111
2014-05-01T21:00:00.000,138,67,71
2014-05-01T22:00:00.000,96,50,46
2014-05-01T23:00:00.000,48,26,22
2014-05-02T00:00:00.000,21,8,13
2014-05-02T01:00:00.000,13,7,6
2014-05-02T02:00:00.000,10,6,4
2014-05-02T03:00:00.000,5,4,1
2014-05-02T04:00:00.000,8,3,5
2014-05-02T05:00:00.000,36,19,17
2014-05-02T06:00:00.000,157,112,45
2014-05-02T07:00:00.000,450,318,132
2014-05-02T08:00:00.000,621,460,161
2014-05-02T09:00:00.000,407,268,139
2014-05-02T10:00:00.000,170,107,63
2014-05-02T11:00:00.000,153,89,64
2014-05-02T12:00:00.000,121,66,55
2014-05-02T13:00:00.000,145,72,73
2014-05-02T14:00:00.000,192,111,81
2014-05-02T15:00:00.000,237,96,141
2014-05-02T16:00:00.000,427,153,274
2014-05-02T17:00:00.000,681,190,491
2014-05-02T18:00:00.000,376,136,240
2014-05-02T19:00:00.000,161,67,94
2014-05-02T20:00:00.000,83,31,52
2014-05-02T21:00:00.000,55,31,24
2014-05-02T22:00:00.000,37,20,17
2014-05-02T23:00:00.000,42,28,14
2014-05-03T00:00:00.000,19,7,12
2014-05-03T01:00:00.000,14,8,6
2014-05-03T02:00:00.000,5,2,3
2014-05-03T03:00:00.000,2,2,0
2014-05-03T04:00:00.000,0,0,0
2014-05-03T05:00:00.000,12,7,5
2014-05-03T06:00:00.000,23,11,12
2014-05-03T07:00:00.000,57,42,15
2014-05-03T08:00:00.000,99,52,47
2014-05-03T09:00:00.000,114,65,49
2014-05-03T10:00:00.000,113,58,55
2014-05-03T11:00:00.000,118,58,60
2014-05-03T12:00:00.000,120,70,50
2014-05-03T13:00:00.000,95,49,46
2014-05-03T14:00:00.000,69,51,18
2014-05-03T15:00:00.000,72,37,35
2014-05-03T16:00:00.000,84,44,40
2014-05-03T17:00:00.000,38,17,21
2014-05-03T18:00:00.000,27,10,17
2014-05-03T19:00:00.000,15,6,9
2014-05-03T20:00:00.000,22,8,14
2014-05-03T21:00:00.000,12,5,7
2014-05-03T22:00:00.000,16,11,5
2014-05-03T23:00:00.000,11,6,5
2014-05-04T00:00:00.000,2,1,1
2014-05-04T01:00:00.000,8,4,4
2014-05-04T02:00:00.000,3,0,3
2014-05-04T03:00:00.000,0,0,0
2014-05-04T04:00:00.000,2,1,1
2014-05-04T05:00:00.000,5,3,2
2014-05-04T06:00:00.000,11,6,5
2014-05-04T07:00:00.000,23,15,8
2014-05-04T08:00:00.000,34,25,9
2014-05-04T09:00:00.000,34,21,13
2014-05-04T10:00:00.000,30,13,17
2014-05-04T11:00:00.000,44,29,15
2014-05-04T12:00:00.000,75,27,48
2014-05-04T13:00:00.000,52,30,22
2014-05-04T14:00:00.000,51,26,25
2014-05-04T15:00:00.000,68,36,32
2014-05-04T16:00:00.000,41,28,13
2014-05-04T17:00:00.000,33,16,17
2014-05-04T18:00:00.000,28,10,18
2014-05-04T19:00:00.000,18,10,8
2014-05-04T20:00:00.000,27,13,14
2014-05-04T21:00:00.000,15,6,9
2014-05-04T22:00:00.000,11,8,3
2014-05-04T23:00:00.000,5,3,2
2014-05-05T00:00:00.000,7,4,3
2014-05-05T01:00:00.000,2,1,1
2014-05-05T02:00:00.000,1,1,0
2014-05-05T03:00:00.000,2,1,1
2014-05-05T04:00:00.000,5,4,1
2014-05-05T05:00:00.000,37,26,11
2014-05-05T06:00:00.000,139,98,41
2014-05-05T07:00:00.000,386,298,88
2014-05-05T08:00:00.000,453,326,127
2014-05-05T09:00:00.000,232,148,84
2014-05-05T10:00:00.000,91,59,32
2014-05-05T11:00:00.000,47,32,15
2014-05-05T12:00:00.000,54,32,22
2014-05-05T13:00:00.000,74,40,34
2014-05-05T14:00:00.000,70,39,31
2014-05-05T15:00:00.000,106,51,55
2014-05-05T16:00:00.000,239,79,160
2014-05-05T17:00:00.000,554,160,394
2014-05-05T18:00:00.000,399,134,265
2014-05-05T19:00:00.000,171,66,105
2014-05-05T20:00:00.000,113,55,58
2014-05-05T21:00:00.000,53,26,27
2014-05-05T22:00:00.000,49,26,23
2014-05-05T23:00:00.000,17,12,5
2014-05-06T00:00:00.000,10,4,6
2014-05-06T01:00:00.000,4,3,1
2014-05-06T02:00:00.000,5,3,2
2014-05-06T03:00:00.000,3,3,0
2014-05-06T04:00:00.000,9,5,4
2014-05-06T05:00:00.000,56,36,20
2014-05-06T06:00:00.000,310,228,82
2014-05-06T07:00:00.000,531,419,112
2014-05-06T08:00:00.000,580,405,175
2014-05-06T09:00:00.000,211,169,42
2014-05-06T10:00:00.000,149,81,68
2014-05-06T11:00:00.000,102,47,55
2014-05-06T12:00:00.000,98,48,50
2014-05-06T13:00:00.000,104,52,52
2014-05-06T14:00:00.000,114,68,46
2014-05-06T15:00:00.000,142,73,69
2014-05-06T16:00:00.000,354,129,225
2014-05-06T17:00:00.000,799,242,557
2014-05-06T18:00:00.000,539,192,347
2014-05-06T19:00:00.000,220,89,131
2014-05-06T20:00:00.000,134,58,76
2014-05-06T21:00:00.000,94,40,54
2014-05-06T22:00:00.000,38,15,23
2014-05-06T23:00:00.000,30,12,18
2014-05-07T00:00:00.000,10,2,8
2014-05-07T01:00:00.000,7,4,3
2014-05-07T02:00:00.000,5,4,1
2014-05-07T03:00:00.000,4,4,0
2014-05-07T04:00:00.000,10,6,4
2014-05-07T05:00:00.000,55,36,19
2014-05-07T06:00:00.000,209,153,56
2014-05-07T07:00:00.000,593,452,141
2014-05-07T08:00:00.000,716,511,205
2014-05-07T09:00:00.000,362,222,140
2014-05-07T10:00:00.000,150,102,48
2014-05-07T11:00:00.000,109,56,53
2014-05-07T12:00:00.000,126,73,53
2014-05-07T13:00:00.000,148,71,77
2014-05-07T14:00:00.000,142,72,70
2014-05-07T15:00:00.000,195,100,95
2014-05-07T16:00:00.000,434,184,250
2014-05-07T17:00:00.000,858,285,573
2014-05-07T18:00:00.000,636,252,384
2014-05-07T19:00:00.000,272,104,168
2014-05-07T20:00:00.000,161,71,90
2014-05-07T21:00:00.000,141,53,88
2014-05-07T22:00:00.000,75,37,38
2014-05-07T23:00:00.000,37,14,23
2014-05-08T00:00:00.000,16,5,11
2014-05-08T01:00:00.000,5,1,4
2014-05-08T02:00:00.000,5,2,3
2014-05-08T03:00:00.000,4,3,1
2014-05-08T04:00:00.000,7,3,4
2014-05-08T05:00:00.000,33,22,11
2014-05-08T06:00:00.000,192,147,45
2014-05-08T07:00:00.000,427,325,102
2014-05-08T08:00:00.000,489,325,164
2014-05-08T09:00:00.000,294,186,108
2014-05-08T10:00:00.000,114,72,42
2014-05-08T11:00:00.000,91,42,49
2014-05-08T12:00:00.000,68,36,32
2014-05-08T13:00:00.000,67,28,39
2014-05-08T14:00:00.000,50,21,29
2014-05-08T15:00:00.000,100,48,52
2014-05-08T16:00:00.000,201,57,144
2014-05-08T17:00:00.000,425,123,302
2014-05-08T18:00:00.000,323,95,228
2014-05-08T19:00:00.000,160,47,113
2014-05-08T20:00:00.000,79,23,56
2014-05-08T21:00:00.000,33,16,17
2014-05-08T22:00:00.000,28,16,12
2014-05-08T23:00:00.000,19,10,9
2014-05-09T00:00:00.000,8,4,4
2014-05-09T01:00:00.000,5,3,2
2014-05-09T02:00:00.000,4,4,0
2014-05-09T03:00:00.000,2,2,0
2014-05-09T04:00:00.000,7,3,4
2014-05-09T05:00:00.000,29,17,12
2014-05-09T06:00:00.000,124,96,28
2014-05-09T07:00:00.000,337,253,84
2014-05-09T08:00:00.000,427,313,114
2014-05-09T09:00:00.000,211,134,77
2014-05-09T10:00:00.000,103,64,39
2014-05-09T11:00:00.000,91,58,33
2014-05-09T12:00:00.000,67,43,24
2014-05-09T13:00:00.000,62,18,44
2014-05-09T14:00:00.000,86,33,53
2014-05-09T15:00:00.000,141,59,82
2014-05-09T16:00:00.000,282,88,194
2014-05-09T17:00:00.000,474,142,332
2014-05-09T18:00:00.000,277,101,176
2014-05-09T19:00:00.000,128,57,71
2014-05-09T20:00:00.000,68,16,52
2014-05-09T21:00:00.000,31,15,16
2014-05-09T22:00:00.000,36,15,21
2014-05-09T23:00:00.000,36,18,18
2014-05-10T00:00:00.000,22,12,10
2014-05-10T01:00:00.000,15,6,9
2014-05-10T02:00:00.000,15,3,12
2014-05-10T03:00:00.000,1,1,0
2014-05-10T04:00:00.000,4,1,3
2014-05-10T05:00:00.000,9,3,6
2014-05-10T06:00:00.000,19,9,10
2014-05-10T07:00:00.000,44,26,18
2014-05-10T08:00:00.000,75,42,33
2014-05-10T09:00:00.000,144,101,43
2014-05-10T10:00:00.000,109,66,43
2014-05-10T11:00:00.000,129,65,64
2014-05-10T12:00:00.000,175,109,66
2014-05-10T13:00:00.000,153,86,67
2014-05-10T14:00:00.000,125,61,64
2014-05-10T15:00:00.000,118,61,57
2014-05-10T16:00:00.000,131,67,64
2014-05-10T17:00:00.000,106,72,34
2014-05-10T18:00:00.000,90,50,40
2014-05-10T19:00:00.000,91,48,43
2014-05-10T20:00:00.000,50,34,16
2014-05-10T21:00:00.000,33,18,15
2014-05-10T22:00:00.000,39,15,24
2014-05-10T23:00:00.000,28,11,17
2014-05-11T00:00:00.000,24,11,13
2014-05-11T01:00:00.000,8,1,7
2014-05-11T02:00:00.000,7,3,4
2014-05-11T03:00:00.000,0,0,0
2014-05-11T04:00:00.000,2,1,1
2014-05-11T05:00:00.000,9,5,4
2014-05-11T06:00:00.000,27,15,12
2014-05-11T07:00:00.000,38,23,15
2014-05-11T08:00:00.000,94,52,42
2014-05-11T09:00:00.000,113,59,54
2014-05-11T10:00:00.000,156,88,68
2014-05-11T11:00:00.000,162,100,62
2014-05-11T12:00:00.000,197,128,69
2014-05-11T13:00:00.000,219,131,88
2014-05-11T14:00:00.000,231,103,128
2014-05-11T15:00:00.000,238,129,109
2014-05-11T16:00:00.000,215,113,102
2014-05-11T17:00:00.000,194,105,89
2014-05-11T18:00:00.000,166,89,77
2014-05-11T19:00:00.000,118,71,47
2014-05-11T20:00:00.000,52,31,21
2014-05-11T21:00:00.000,55,24,31
2014-05-11T22:00:00.000,37,13,24
2014-05-11T23:00:00.000,14,5,9
2014-05-12T00:00:00.000,8,4,4
2014-05-12T01:00:00.000,2,2,0
2014-05-12T02:00:00.000,4,4,0
2014-05-12T03:00:00.000,4,4,0
2014-05-12T04:00:00.000,4,1,3
2014-05-12T05:00:00.000,65,44,21
2014-05-12T06:00:00.000,228,164,64
2014-05-12T07:00:00.000,581,442,139
2014-05-12T08:00:00.000,677,485,192
2014-05-12T09:00:00.000,319,192,127
2014-05-12T10:00:00.000,131,74,57
2014-05-12T11:00:00.000,138,77,61
2014-05-12T12:00:00.000,139,76,63
2014-05-12T13:00:00.000,149,78,71
2014-05-12T14:00:00.000,147,56,91
2014-05-12T15:00:00.000,188,85,103
2014-05-12T16:00:00.000,475,160,315
2014-05-12T17:00:00.000,876,289,587
2014-05-12T18:00:00.000,674,244,430
2014-05-12T19:00:00.000,306,115,191
2014-05-12T20:00:00.000,157,69,88
2014-05-12T21:00:00.000,93,36,57
2014-05-12T22:00:00.000,44,17,27
2014-05-12T23:00:00.000,23,9,14
2014-05-13T00:00:00.000,25,11,14
2014-05-13T01:00:00.000,6,1,5
2014-05-13T02:00:00.000,5,4,1
2014-05-13T03:00:00.000,3,2,1
2014-05-13T04:00:00.000,9,6,3
2014-05-13T05:00:00.000,58,37,21
2014-05-13T06:00:00.000,282,198,84
2014-05-13T07:00:00.000,698,526,172
2014-05-13T08:00:00.000,719,499,220
2014-05-13T09:00:00.000,373,216,157
2014-05-13T10:00:00.000,143,96,47
2014-05-13T11:00:00.000,136,81,55
2014-05-13T12:00:00.000,127,68,59
2014-05-13T13:00:00.000,136,71,65
2014-05-13T14:00:00.000,185,112,73
2014-05-13T15:00:00.000,228,100,128
2014-05-13T16:00:00.000,480,170,310
2014-05-13T17:00:00.000,925,271,654
2014-05-13T18:00:00.000,735,250,485
2014-05-13T19:00:00.000,337,132,205
2014-05-13T20:00:00.000,246,121,125
2014-05-13T21:00:00.000,120,57,63
2014-05-13T22:00:00.000,68,26,42
2014-05-13T23:00:00.000,44,25,19
2014-05-14T00:00:00.000,17,9,8
2014-05-14T01:00:00.000,7,5,2
2014-05-14T02:00:00.000,3,2,1
2014-05-14T03:00:00.000,4,2,2
2014-05-14T04:00:00.000,9,4,5
2014-05-14T05:00:00.000,67,48,19
2014-05-14T06:00:00.000,272,192,80
2014-05-14T07:00:00.000,619,474,145
2014-05-14T08:00:00.000,692,491,201
2014-05-14T09:00:00.000,340,196,144
2014-05-14T10:00:00.000,164,90,74
2014-05-14T11:00:00.000,131,81,50
2014-05-14T12:00:00.000,134,81,53
2014-05-14T13:00:00.000,142,71,71
2014-05-14T14:00:00.000,161,92,69
2014-05-14T15:00:00.000,220,102,118
2014-05-14T16:00:00.000,510,190,320
2014-05-14T17:00:00.000,923,288,635
2014-05-14T18:00:00.000,683,271,412
2014-05-14T19:00:00.000,330,138,192
2014-05-14T20:00:00.000,222,106,116
2014-05-14T21:00:00.000,153,64,89
2014-05-14T22:00:00.000,57,25,32
2014-05-14T23:00:00.000,27,13,14
2014-05-15T00:00:00.000,18,11,7
2014-05-15T01:00:00.000,7,3,4
2014-05-15T02:00:00.000,9,2,7
2014-05-15T03:00:00.000,9,7,2
2014-05-15T04:00:00.000,7,5,2
2014-05-15T05:00:00.000,53,34,19
2014-05-15T06:00:00.000,241,176,65
2014-05-15T07:00:00.000,600,463,137
2014-05-15T08:00:00.000,681,457,224
2014-05-15T09:00:00.000,338,215,123
2014-05-15T10:00:00.000,152,93,59
2014-05-15T11:00:00.000,133,73,60
2014-05-15T12:00:00.000,120,56,64
2014-05-15T13:00:00.000,115,58,57
2014-05-15T14:00:00.000,140,84,56
2014-05-15T15:00:00.000,253,100,153
2014-05-15T16:00:00.000,383,127,256
2014-05-15T17:00:00.000,784,210,574
2014-05-15T18:00:00.000,601,195,406
2014-05-15T19:00:00.000,270,100,170
2014-05-15T20:00:00.000,190,86,104
2014-05-15T21:00:00.000,117,56,61
2014-05-15T22:00:00.000,47,29,18
2014-05-15T23:00:00.000,32,17,15
2014-05-16T00:00:00.000,24,15,9
2014-05-16T01:00:00.000,13,6,7
2014-05-16T02:00:00.000,8,7,1
2014-05-16T03:00:00.000,3,2,1
2014-05-16T04:00:00.000,11,3,8
2014-05-16T05:00:00.000,70,51,19
2014-05-16T06:00:00.000,333,262,71
2014-05-16T07:00:00.000,841,698,143
2014-05-16T08:00:00.000,879,690,189
2014-05-16T09:00:00.000,389,234,155
2014-05-16T10:00:00.000,150,92,58
2014-05-16T11:00:00.000,101,48,53
2014-05-16T12:00:00.000,122,64,58
2014-05-16T13:00:00.000,150,63,87
2014-05-16T14:00:00.000,162,74,88
2014-05-16T15:00:00.000,245,105,140
2014-05-16T16:00:00.000,457,149,308
2014-05-16T17:00:00.000,795,231,564
2014-05-16T18:00:00.000,513,155,358
2014-05-16T19:00:00.000,214,89,125
2014-05-16T20:00:00.000,107,39,68
2014-05-16T21:00:00.000,71,30,41
2014-05-16T22:00:00.000,49,22,27
2014-05-16T23:00:00.000,35,14,21
2014-05-17T00:00:00.000,19,10,9
2014-05-17T01:00:00.000,8,3,5
2014-05-17T02:00:00.000,11,2,9
2014-05-17T03:00:00.000,7,3,4
2014-05-17T04:00:00.000,3,2,1
2014-05-17T05:00:00.000,12,5,7
2014-05-17T06:00:00.000,24,12,12
2014-05-17T07:00:00.000,66,41,25
2014-05-17T08:00:00.000,73,36,37
2014-05-17T09:00:00.000,100,45,55
2014-05-17T10:00:00.000,138,82,56
2014-05-17T11:00:00.000,181,100,81
2014-05-17T12:00:00.000,167,105,62
2014-05-17T13:00:00.000,182,100,82
2014-05-17T14:00:00.000,179,89,90
2014-05-17T15:00:00.000,163,84,79
2014-05-17T16:00:00.000,161,86,75
2014-05-17T17:00:00.000,146,83,63
2014-05-17T18:00:00.000,107,69,38
2014-05-17T19:00:00.000,94,59,35
2014-05-17T20:00:00.000,72,45,27
2014-05-17T21:00:00.000,57,24,33
2014-05-17T22:00:00.000,41,18,23
2014-05-17T23:00:00.000,30,13,17
2014-05-18T00:00:00.000,17,4,13
2014-05-18T01:00:00.000,20,7,13
2014-05-18T02:00:00.000,11,4,7
2014-05-18T03:00:00.000,2,1,1
2014-05-18T04:00:00.000,2,0,2
2014-05-18T05:00:00.000,13,9,4
2014-05-18T06:00:00.000,16,8,8
2014-05-18T07:00:00.000,44,28,16
2014-05-18T08:00:00.000,72,51,21
2014-05-18T09:00:00.000,101,57,44
2014-05-18T10:00:00.000,128,75,53
2014-05-18T11:00:00.000,155,88,67
2014-05-18T12:00:00.000,169,89,80
2014-05-18T13:00:00.000,201,119,82
2014-05-18T14:00:00.000,224,113,111
2014-05-18T15:00:00.000,243,148,95
2014-05-18T16:00:00.000,161,91,70
2014-05-18T17:00:00.000,121,69,52
2014-05-18T18:00:00.000,106,62,44
2014-05-18T19:00:00.000,46,25,21
2014-05-18T20:00:00.000,27,13,14
2014-05-18T21:00:00.000,26,12,14
2014-05-18T22:00:00.000,17,7,10
2014-05-18T23:00:00.000,15,9,6
2014-05-19T00:00:00.000,7,4,3
2014-05-19T01:00:00.000,4,3,1
2014-05-19T02:00:00.000,8,4,4
2014-05-19T03:00:00.000,1,1,0
2014-05-19T04:00:00.000,12,9,3
2014-05-19T05:00:00.000,57,35,22
2014-05-19T06:00:00.000,197,140,57
2014-05-19T07:00:00.000,483,373,110
2014-05-19T08:00:00.000,606,432,174
2014-05-19T09:00:00.000,292,171,121
2014-05-19T10:00:00.000,131,83,48
2014-05-19T11:00:00.000,119,61,58
2014-05-19T12:00:00.000,95,54,41
2014-05-19T13:00:00.000,119,62,57
2014-05-19T14:00:00.000,113,55,58
2014-05-19T15:00:00.000,174,80,94
2014-05-19T16:00:00.000,373,144,229
2014-05-19T17:00:00.000,745,221,524
2014-05-19T18:00:00.000,601,219,382
2014-05-19T19:00:00.000,257,96,161
2014-05-19T20:00:00.000,151,68,83
2014-05-19T21:00:00.000,87,38,49
2014-05-19T22:00:00.000,39,16,23
2014-05-19T23:00:00.000,31,11,20
2014-05-20T00:00:00.000,17,8,9
2014-05-20T01:00:00.000,5,1,4
2014-05-20T02:00:00.000,6,4,2
2014-05-20T03:00:00.000,6,4,2
2014-05-20T04:00:00.000,10,8,2
2014-05-20T05:00:00.000,77,57,20
2014-05-20T06:00:00.000,246,174,72
2014-05-20T07:00:00.000,641,488,153
2014-05-20T08:00:00.000,696,472,224
2014-05-20T09:00:00.000,368,214,154
2014-05-20T10:00:00.000,150,95,55
2014-05-20T11:00:00.000,136,72,64
2014-05-20T12:00:00.000,129,60,69
2014-05-20T13:00:00.000,153,85,68
2014-05-20T14:00:00.000,164,79,85
2014-05-20T15:00:00.000,209,96,113
2014-05-20T16:00:00.000,425,147,278
2014-05-20T17:00:00.000,946,279,667
2014-05-20T18:00:00.000,587,208,379
2014-05-20T19:00:00.000,310,127,183
2014-05-20T20:00:00.000,181,67,114
2014-05-20T21:00:00.000,109,47,62
2014-05-20T22:00:00.000,72,34,38
2014-05-20T23:00:00.000,35,17,18
2014-05-21T00:00:00.000,16,6,10
2014-05-21T01:00:00.000,11,6,5
2014-05-21T02:00:00.000,0,0,0
2014-05-21T03:00:00.000,4,3,1
2014-05-21T04:00:00.000,10,4,6
2014-05-21T05:00:00.000,63,47,16
2014-05-21T06:00:00.000,254,177,77
2014-05-21T07:00:00.000,599,453,146
2014-05-21T08:00:00.000,630,432,198
2014-05-21T09:00:00.000,339,199,140
2014-05-21T10:00:00.000,122,61,61
2014-05-21T11:00:00.000,83,50,33
2014-05-21T12:00:00.000,106,57,49
2014-05-21T13:00:00.000,131,82,49
2014-05-21T14:00:00.000,120,58,62
2014-05-21T15:00:00.000,206,96,110
2014-05-21T16:00:00.000,408,141,267
2014-05-21T17:00:00.000,836,251,585
2014-05-21T18:00:00.000,583,205,378
2014-05-21T19:00:00.000,318,140,178
2014-05-21T20:00:00.000,171,79,92
2014-05-21T21:00:00.000,116,60,56
2014-05-21T22:00:00.000,63,41,22
2014-05-21T23:00:00.000,40,18,22
2014-05-22T00:00:00.000,17,9,8
2014-05-22T01:00:00.000,5,3,2
2014-05-22T02:00:00.000,4,3,1
2014-05-22T03:00:00.000,2,0,2
2014-05-22T04:00:00.000,9,6,3
2014-05-22T05:00:00.000,53,35,18
2014-05-22T06:00:00.000,225,171,54
2014-05-22T07:00:00.000,559,419,140
2014-05-22T08:00:00.000,640,451,189
2014-05-22T09:00:00.000,301,178,123
2014-05-22T10:00:00.000,119,75,44
2014-05-22T11:00:00.000,106,53,53
2014-05-22T12:00:00.000,144,64,80
2014-05-22T13:00:00.000,142,84,58
2014-05-22T14:00:00.000,152,83,69
2014-05-22T15:00:00.000,206,76,130
2014-05-22T16:00:00.000,396,160,236
2014-05-22T17:00:00.000,716,200,516
2014-05-22T18:00:00.000,535,188,347
2014-05-22T19:00:00.000,255,90,165
2014-05-22T20:00:00.000,144,57,87
2014-05-22T21:00:00.000,108,44,64
2014-05-22T22:00:00.000,44,19,25
2014-05-22T23:00:00.000,28,5,23
2014-05-23T00:00:00.000,10,3,7
2014-05-23T01:00:00.000,8,2,6
2014-05-23T02:00:00.000,0,0,0
2014-05-23T03:00:00.000,1,0,1
2014-05-23T04:00:00.000,6,3,3
2014-05-23T05:00:00.000,39,24,15
2014-05-23T06:00:00.000,148,106,42
2014-05-23T07:00:00.000,265,206,59
2014-05-23T08:00:00.000,294,210,84
2014-05-23T09:00:00.000,152,88,64
2014-05-23T10:00:00.000,69,48,21
2014-05-23T11:00:00.000,46,23,23
2014-05-23T12:00:00.000,59,36,23
2014-05-23T13:00:00.000,61,23,38
2014-05-23T14:00:00.000,110,44,66
2014-05-23T15:00:00.000,143,57,86
2014-05-23T16:00:00.000,227,79,148
2014-05-23T17:00:00.000,366,113,253
2014-05-23T18:00:00.000,247,102,145
2014-05-23T19:00:00.000,119,56,63
2014-05-23T20:00:00.000,75,27,48
2014-05-23T21:00:00.000,46,29,17
2014-05-23T22:00:00.000,45,23,22
2014-05-23T23:00:00.000,20,6,14
2014-05-24T00:00:00.000,17,10,7
2014-05-24T01:00:00.000,13,7,6
2014-05-24T02:00:00.000,4,2,2
2014-05-24T03:00:00.000,1,1,0
2014-05-24T04:00:00.000,4,3,1
2014-05-24T05:00:00.000,6,3,3
2014-05-24T06:00:00.000,30,19,11
2014-05-24T07:00:00.000,50,30,20
2014-05-24T08:00:00.000,88,50,38
2014-05-24T09:00:00.000,116,49,67
2014-05-24T10:00:00.000,105,64,41
2014-05-24T11:00:00.000,185,81,104
2014-05-24T12:00:00.000,172,95,77
2014-05-24T13:00:00.000,207,108,99
2014-05-24T14:00:00.000,177,105,72
2014-05-24T15:00:00.000,201,97,104
2014-05-24T16:00:00.000,205,113,92
2014-05-24T17:00:00.000,164,97,67
2014-05-24T18:00:00.000,115,72,43
2014-05-24T19:00:00.000,87,37,50
2014-05-24T20:00:00.000,79,37,42
2014-05-24T21:00:00.000,55,19,36
2014-05-24T22:00:00.000,47,15,32
2014-05-24T23:00:00.000,27,10,17
2014-05-25T00:00:00.000,22,11,11
2014-05-25T01:00:00.000,8,5,3
2014-05-25T02:00:00.000,10,5,5
2014-05-25T03:00:00.000,3,2,1
2014-05-25T04:00:00.000,8,5,3
2014-05-25T05:00:00.000,7,4,3
2014-05-25T06:00:00.000,13,8,5
2014-05-25T07:00:00.000,38,21,17
2014-05-25T08:00:00.000,67,38,29
2014-05-25T09:00:00.000,85,44,41
2014-05-25T10:00:00.000,103,66,37
2014-05-25T11:00:00.000,167,93,74
2014-05-25T12:00:00.000,150,91,59
2014-05-25T13:00:00.000,98,51,47
2014-05-25T14:00:00.000,96,62,34
2014-05-25T15:00:00.000,98,49,49
2014-05-25T16:00:00.000,71,36,35
2014-05-25T17:00:00.000,55,27,28
2014-05-25T18:00:00.000,31,17,14
2014-05-25T19:00:00.000,41,14,27
2014-05-25T20:00:00.000,26,9,17
2014-05-25T21:00:00.000,21,7,14
2014-05-25T22:00:00.000,8,3,5
2014-05-25T23:00:00.000,8,2,6
2014-05-26T00:00:00.000,7,5,2
2014-05-26T01:00:00.000,5,1,4
2014-05-26T02:00:00.000,2,0,2
2014-05-26T03:00:00.000,1,1,0
2014-05-26T04:00:00.000,4,2,2
2014-05-26T05:00:00.000,13,3,10
2014-05-26T06:00:00.000,14,5,9
2014-05-26T07:00:00.000,34,23,11
2014-05-26T08:00:00.000,56,31,25
2014-05-26T09:00:00.000,82,44,38
2014-05-26T10:00:00.000,97,53,44
2014-05-26T11:00:00.000,194,124,70
2014-05-26T12:00:00.000,251,149,102
2014-05-26T13:00:00.000,235,140,95
2014-05-26T14:00:00.000,269,158,111
2014-05-26T15:00:00.000,196,113,83
2014-05-26T16:00:00.000,215,101,114
2014-05-26T17:00:00.000,179,102,77
2014-05-26T18:00:00.000,137,72,65
2014-05-26T19:00:00.000,93,43,50
2014-05-26T20:00:00.000,84,42,42
2014-05-26T21:00:00.000,78,25,53
2014-05-26T22:00:00.000,26,15,11
2014-05-26T23:00:00.000,17,8,9
2014-05-27T00:00:00.000,9,6,3
2014-05-27T01:00:00.000,6,5,1
2014-05-27T02:00:00.000,2,1,1
2014-05-27T03:00:00.000,3,2,1
2014-05-27T04:00:00.000,13,9,4
2014-05-27T05:00:00.000,61,42,19
2014-05-27T06:00:00.000,215,158,57
2014-05-27T07:00:00.000,535,406,129
2014-05-27T08:00:00.000,657,471,186
2014-05-27T09:00:00.000,330,190,140
2014-05-27T10:00:00.000,153,90,63
2014-05-27T11:00:00.000,102,63,39
2014-05-27T12:00:00.000,117,63,54
2014-05-27T13:00:00.000,112,51,61
2014-05-27T14:00:00.000,144,76,68
2014-05-27T15:00:00.000,174,90,84
2014-05-27T16:00:00.000,387,151,236
2014-05-27T17:00:00.000,799,232,567
2014-05-27T18:00:00.000,588,203,385
2014-05-27T19:00:00.000,307,135,172
2014-05-27T20:00:00.000,159,57,102
2014-05-27T21:00:00.000,81,35,46
2014-05-27T22:00:00.000,56,17,39
2014-05-27T23:00:00.000,22,9,13
2014-05-28T00:00:00.000,9,3,6
2014-05-28T01:00:00.000,5,2,3
2014-05-28T02:00:00.000,4,2,2
2014-05-28T03:00:00.000,2,1,1
2014-05-28T04:00:00.000,5,4,1
2014-05-28T05:00:00.000,42,29,13
2014-05-28T06:00:00.000,183,123,60
2014-05-28T07:00:00.000,436,335,101
2014-05-28T08:00:00.000,553,383,170
2014-05-28T09:00:00.000,291,189,102
2014-05-28T10:00:00.000,137,85,52
2014-05-28T11:00:00.000,94,56,38
2014-05-28T12:00:00.000,96,51,45
2014-05-28T13:00:00.000,104,64,40
2014-05-28T14:00:00.000,147,77,70
2014-05-28T15:00:00.000,131,58,73
2014-05-28T16:00:00.000,328,117,211
2014-05-28T17:00:00.000,597,169,428
2014-05-28T18:00:00.000,414,145,269
2014-05-28T19:00:00.000,206,78,128
2014-05-28T20:00:00.000,105,52,53
2014-05-28T21:00:00.000,62,32,30
2014-05-28T22:00:00.000,37,18,19
2014-05-28T23:00:00.000,20,5,15
2014-05-29T00:00:00.000,2,1,1
2014-05-29T01:00:00.000,4,1,3
2014-05-29T02:00:00.000,3,1,2
2014-05-29T03:00:00.000,4,4,0
2014-05-29T04:00:00.000,9,5,4
2014-05-29T05:00:00.000,48,31,17
2014-05-29T06:00:00.000,194,144,50
2014-05-29T07:00:00.000,478,360,118
2014-05-29T08:00:00.000,573,407,166
2014-05-29T09:00:00.000,341,198,143
2014-05-29T10:00:00.000,128,79,49
2014-05-29T11:00:00.000,100,60,40
2014-05-29T12:00:00.000,113,58,55
2014-05-29T13:00:00.000,104,53,51
2014-05-29T14:00:00.000,114,52,62
2014-05-29T15:00:00.000,161,78,83
2014-05-29T16:00:00.000,366,135,231
2014-05-29T17:00:00.000,720,186,534
2014-05-29T18:00:00.000,546,192,354
2014-05-29T19:00:00.000,257,110,147
2014-05-29T20:00:00.000,161,80,81
2014-05-29T21:00:00.000,79,33,46
2014-05-29T22:00:00.000,51,21,30
2014-05-29T23:00:00.000,31,11,20
2014-05-30T00:00:00.000,35,19,16
2014-05-30T01:00:00.000,7,4,3
2014-05-30T02:00:00.000,6,5,1
2014-05-30T03:00:00.000,9,5,4
2014-05-30T04:00:00.000,12,5,7
2014-05-30T05:00:00.000,52,38,14
2014-05-30T06:00:00.000,198,126,72
2014-05-30T07:00:00.000,504,377,127
2014-05-30T08:00:00.000,622,434,188
2014-05-30T09:00:00.000,300,178,122
2014-05-30T10:00:00.000,125,73,52
2014-05-30T11:00:00.000,115,63,52
2014-05-30T12:00:00.000,125,67,58
2014-05-30T13:00:00.000,138,71,67
2014-05-30T14:00:00.000,184,91,93
2014-05-30T15:00:00.000,257,106,151
2014-05-30T16:00:00.000,416,137,279
2014-05-30T17:00:00.000,705,223,482
2014-05-30T18:00:00.000,484,170,314
2014-05-30T19:00:00.000,242,88,154
2014-05-30T20:00:00.000,126,59,67
2014-05-30T21:00:00.000,95,55,40
2014-05-30T22:00:00.000,66,24,42
2014-05-30T23:00:00.000,46,19,27
2014-05-31T00:00:00.000,27,9,18
2014-05-31T01:00:00.000,11,6,5
2014-05-31T02:00:00.000,10,8,2
2014-05-31T03:00:00.000,4,3,1
2014-05-31T04:00:00.000,4,3,1
2014-05-31T05:00:00.000,9,7,2
2014-05-31T06:00:00.000,31,19,12
2014-05-31T07:00:00.000,93,55,38
2014-05-31T08:00:00.000,109,60,49
2014-05-31T09:00:00.000,146,75,71
2014-05-31T10:00:00.000,203,124,79
2014-05-31T11:00:00.000,206,142,64
2014-05-31T12:00:00.000,258,150,108
2014-05-31T13:00:00.000,230,138,92
2014-05-31T14:00:00.000,252,126,126
2014-05-31T15:00:00.000,266,138,128
2014-05-31T16:00:00.000,267,147,120
2014-05-31T17:00:00.000,196,96,100
2014-05-31T18:00:00.000,180,99,81
2014-05-31T19:00:00.000,134,65,69
2014-05-31T20:00:00.000,104,61,43
2014-05-31T21:00:00.000,54,27,27
2014-05-31T22:00:00.000,40,25,15
2014-05-31T23:00:00.000,53,26,27
2014-06-01T00:00:00.000,22,5,17
2014-06-01T01:00:00.000,16,7,9
2014-06-01T02:00:00.000,19,14,5
2014-06-01T03:00:00.000,3,3,0
2014-06-01T04:00:00.000,4,1,3
2014-06-01T05:00:00.000,7,4,3
2014-06-01T06:00:00.000,26,18,8
2014-06-01T07:00:00.000,47,28,19
2014-06-01T08:00:00.000,78,45,33
2014-06-01T09:00:00.000,129,79,50
2014-06-01T10:00:00.000,142,76,66
2014-06-01T11:00:00.000,191,110,81
2014-06-01T12:00:00.000,217,116,101
2014-06-01T13:00:00.000,228,115,113
2014-06-01T14:00:00.000,259,161,98
2014-06-01T15:00:00.000,248,144,104
2014-06-01T16:00:00.000,281,145,136
2014-06-01T17:00:00.000,169,88,81
2014-06-01T18:00:00.000,183,94,89
2014-06-01T19:00:00.000,141,92,49
2014-06-01T20:00:00.000,94,50,44
2014-06-01T21:00:00.000,53,24,29
2014-06-01T22:00:00.000,29,10,19
2014-06-01T23:00:00.000,15,9,6
2014-06-02T00:00:00.000,6,0,6
2014-06-02T01:00:00.000,5,1,4
2014-06-02T02:00:00.000,1,1,0
2014-06-02T03:00:00.000,5,3,2
2014-06-02T04:00:00.000,10,5,5
2014-06-02T05:00:00.000,61,38,23
2014-06-02T06:00:00.000,200,145,55
2014-06-02T07:00:00.000,461,352,109
2014-06-02T08:00:00.000,643,454,189
2014-06-02T09:00:00.000,334,197,137
2014-06-02T10:00:00.000,123,79,44
2014-06-02T11:00:00.000,109,55,54
2014-06-02T12:00:00.000,108,52,56
2014-06-02T13:00:00.000,139,67,72
2014-06-02T14:00:00.000,155,72,83
2014-06-02T15:00:00.000,179,87,92
2014-06-02T16:00:00.000,381,130,251
2014-06-02T17:00:00.000,774,231,543
2014-06-02T18:00:00.000,592,212,380
2014-06-02T19:00:00.000,292,103,189
2014-06-02T20:00:00.000,168,74,94
2014-06-02T21:00:00.000,85,33,52
2014-06-02T22:00:00.000,48,22,26
2014-06-02T23:00:00.000,35,14,21
2014-06-03T00:00:00.000,14,7,7
2014-06-03T01:00:00.000,7,4,3
2014-06-03T02:00:00.000,1,1,0
2014-06-03T03:00:00.000,3,2,1
2014-06-03T04:00:00.000,11,5,6
2014-06-03T05:00:00.000,55,39,16
2014-06-03T06:00:00.000,208,140,68
2014-06-03T07:00:00.000,486,376,110
2014-06-03T08:00:00.000,606,423,183
2014-06-03T09:00:00.000,329,193,136
2014-06-03T10:00:00.000,112,65,47
2014-06-03T11:00:00.000,109,54,55
2014-06-03T12:00:00.000,122,74,48
2014-06-03T13:00:00.000,92,46,46
2014-06-03T14:00:00.000,123,64,59
2014-06-03T15:00:00.000,156,73,83
2014-06-03T16:00:00.000,345,134,211
2014-06-03T17:00:00.000,701,198,503
2014-06-03T18:00:00.000,580,199,381
2014-06-03T19:00:00.000,269,117,152
2014-06-03T20:00:00.000,144,59,85
2014-06-03T21:00:00.000,102,51,51
2014-06-03T22:00:00.000,64,35,29
2014-06-03T23:00:00.000,31,12,19
2014-06-04T00:00:00.000,21,12,9
2014-06-04T01:00:00.000,7,1,6
2014-06-04T02:00:00.000,5,3,2
2014-06-04T03:00:00.000,5,3,2
2014-06-04T04:00:00.000,12,6,6
2014-06-04T05:00:00.000,50,37,13
2014-06-04T06:00:00.000,195,127,68
2014-06-04T07:00:00.000,482,379,103
2014-06-04T08:00:00.000,625,435,190
2014-06-04T09:00:00.000,313,193,120
2014-06-04T10:00:00.000,124,70,54
2014-06-04T11:00:00.000,104,54,50
2014-06-04T12:00:00.000,128,66,62
2014-06-04T13:00:00.000,139,70,69
2014-06-04T14:00:00.000,113,53,60
2014-06-04T15:00:00.000,193,87,106
2014-06-04T16:00:00.000,380,129,251
2014-06-04T17:00:00.000,743,242,501
2014-06-04T18:00:00.000,555,193,362
2014-06-04T19:00:00.000,302,123,179
2014-06-04T20:00:00.000,171,68,103
2014-06-04T21:00:00.000,99,59,40
2014-06-04T22:00:00.000,66,39,27
2014-06-04T23:00:00.000,31,14,17
2014-06-05T00:00:00.000,19,11,8
2014-06-05T01:00:00.000,7,3,4
2014-06-05T02:00:00.000,10,9,1
2014-06-05T03:00:00.000,4,3,1
2014-06-05T04:00:00.000,13,7,6
2014-06-05T05:00:00.000,49,35,14
2014-06-05T06:00:00.000,188,131,57
2014-06-05T07:00:00.000,494,386,108
2014-06-05T08:00:00.000,608,409,199
2014-06-05T09:00:00.000,299,176,123
2014-06-05T10:00:00.000,139,76,63
2014-06-05T11:00:00.000,94,57,37
2014-06-05T12:00:00.000,119,58,61
2014-06-05T13:00:00.000,146,80,66
2014-06-05T14:00:00.000,145,77,68
2014-06-05T15:00:00.000,196,87,109
2014-06-05T16:00:00.000,308,109,199
2014-06-05T17:00:00.000,649,170,479
2014-06-05T18:00:00.000,519,167,352
2014-06-05T19:00:00.000,278,108,170
2014-06-05T20:00:00.000,170,74,96
2014-06-05T21:00:00.000,116,48,68
2014-06-05T22:00:00.000,69,30,39
2014-06-05T23:00:00.000,36,11,25
2014-06-06T00:00:00.000,22,12,10
2014-06-06T01:00:00.000,17,8,9
2014-06-06T02:00:00.000,6,1,5
2014-06-06T03:00:00.000,7,5,2
2014-06-06T04:00:00.000,13,9,4
2014-06-06T05:00:00.000,40,26,14
2014-06-06T06:00:00.000,167,118,49
2014-06-06T07:00:00.000,383,273,110
2014-06-06T08:00:00.000,532,388,144
2014-06-06T09:00:00.000,286,178,108
2014-06-06T10:00:00.000,132,74,58
2014-06-06T11:00:00.000,126,68,58
2014-06-06T12:00:00.000,143,75,68
2014-06-06T13:00:00.000,160,78,82
2014-06-06T14:00:00.000,186,96,90
2014-06-06T15:00:00.000,223,102,121
2014-06-06T16:00:00.000,370,124,246
2014-06-06T17:00:00.000,625,173,452
2014-06-06T18:00:00.000,385,150,235
2014-06-06T19:00:00.000,252,100,152
2014-06-06T20:00:00.000,125,60,65
2014-06-06T21:00:00.000,84,38,46
2014-06-06T22:00:00.000,65,28,37
2014-06-06T23:00:00.000,33,16,17
2014-06-07T00:00:00.000,20,7,13
2014-06-07T01:00:00.000,19,10,9
2014-06-07T02:00:00.000,14,6,8
2014-06-07T03:00:00.000,4,2,2
2014-06-07T04:00:00.000,2,2,0
2014-06-07T05:00:00.000,12,7,5
2014-06-07T06:00:00.000,34,17,17
2014-06-07T07:00:00.000,98,59,39
2014-06-07T08:00:00.000,110,52,58
2014-06-07T09:00:00.000,150,79,71
2014-06-07T10:00:00.000,169,95,74
2014-06-07T11:00:00.000,230,127,103
2014-06-07T12:00:00.000,202,121,81
2014-06-07T13:00:00.000,288,161,127
2014-06-07T14:00:00.000,252,154,98
2014-06-07T15:00:00.000,247,123,124
2014-06-07T16:00:00.000,243,121,122
2014-06-07T17:00:00.000,187,108,79
2014-06-07T18:00:00.000,160,87,73
2014-06-07T19:00:00.000,121,68,53
2014-06-07T20:00:00.000,89,51,38
2014-06-07T21:00:00.000,82,33,49
2014-06-07T22:00:00.000,37,20,17
2014-06-07T23:00:00.000,37,19,18
2014-06-08T00:00:00.000,36,8,28
2014-06-08T01:00:00.000,12,4,8
2014-06-08T02:00:00.000,15,4,11
2014-06-08T03:00:00.000,3,2,1
2014-06-08T04:00:00.000,5,2,3
2014-06-08T05:00:00.000,13,10,3
2014-06-08T06:00:00.000,29,18,11
2014-06-08T07:00:00.000,51,29,22
2014-06-08T08:00:00.000,110,63,47
2014-06-08T09:00:00.000,413,83,330
2014-06-08T10:00:00.000,358,89,269
2014-06-08T11:00:00.000,201,124,77
2014-06-08T12:00:00.000,396,305,91
2014-06-08T13:00:00.000,432,312,120
2014-06-08T14:00:00.000,296,174,122
2014-06-08T15:00:00.000,276,160,116
2014-06-08T16:00:00.000,256,149,107
2014-06-08T17:00:00.000,198,102,96
2014-06-08T18:00:00.000,168,104,64
2014-06-08T19:00:00.000,100,58,42
2014-06-08T20:00:00.000,80,43,37
2014-06-08T21:00:00.000,46,32,14
2014-06-08T22:00:00.000,31,17,14
2014-06-08T23:00:00.000,22,8,14
2014-06-09T00:00:00.000,15,5,10
2014-06-09T01:00:00.000,9,4,5
2014-06-09T02:00:00.000,4,2,2
2014-06-09T03:00:00.000,4,3,1
2014-06-09T04:00:00.000,13,8,5
2014-06-09T05:00:00.000,36,22,14
2014-06-09T06:00:00.000,175,127,48
2014-06-09T07:00:00.000,407,301,106
2014-06-09T08:00:00.000,592,400,192
2014-06-09T09:00:00.000,293,192,101
2014-06-09T10:00:00.000,109,60,49
2014-06-09T11:00:00.000,97,52,45
2014-06-09T12:00:00.000,83,43,40
2014-06-09T13:00:00.000,101,49,52
2014-06-09T14:00:00.000,106,50,56
2014-06-09T15:00:00.000,155,75,80
2014-06-09T16:00:00.000,307,123,184
2014-06-09T17:00:00.000,663,180,483
2014-06-09T18:00:00.000,500,151,349
2014-06-09T19:00:00.000,215,89,126
2014-06-09T20:00:00.000,110,46,64
2014-06-09T21:00:00.000,56,28,28
2014-06-09T22:00:00.000,46,20,26
2014-06-09T23:00:00.000,32,10,22
2014-06-10T00:00:00.000,12,5,7
2014-06-10T01:00:00.000,7,2,5
2014-06-10T02:00:00.000,8,5,3
2014-06-10T03:00:00.000,3,3,0
2014-06-10T04:00:00.000,14,8,6
2014-06-10T05:00:00.000,47,31,16
2014-06-10T06:00:00.000,201,142,59
2014-06-10T07:00:00.000,453,337,116
2014-06-10T08:00:00.000,600,425,175
2014-06-10T09:00:00.000,319,176,143
2014-06-10T10:00:00.000,125,70,55
2014-06-10T11:00:00.000,96,47,49
2014-06-10T12:00:00.000,107,56,51
2014-06-10T13:00:00.000,99,59,40
2014-06-10T14:00:00.000,140,65,75
2014-06-10T15:00:00.000,164,77,87
2014-06-10T16:00:00.000,347,120,227
2014-06-10T17:00:00.000,645,199,446
2014-06-10T18:00:00.000,525,167,358
2014-06-10T19:00:00.000,271,115,156
2014-06-10T20:00:00.000,157,65,92
2014-06-10T21:00:00.000,86,37,49
2014-06-10T22:00:00.000,70,29,41
2014-06-10T23:00:00.000,34,13,21
2014-06-11T00:00:00.000,26,10,16
2014-06-11T01:00:00.000,6,2,4
2014-06-11T02:00:00.000,3,1,2
2014-06-11T03:00:00.000,5,3,2
2014-06-11T04:00:00.000,13,8,5
2014-06-11T05:00:00.000,55,31,24
2014-06-11T06:00:00.000,222,162,60
2014-06-11T07:00:00.000,506,373,133
2014-06-11T08:00:00.000,631,446,185
2014-06-11T09:00:00.000,335,205,130
2014-06-11T10:00:00.000,147,79,68
2014-06-11T11:00:00.000,121,61,60
2014-06-11T12:00:00.000,123,63,60
2014-06-11T13:00:00.000,147,78,69
2014-06-11T14:00:00.000,167,90,77
2014-06-11T15:00:00.000,227,112,115
2014-06-11T16:00:00.000,385,154,231
2014-06-11T17:00:00.000,803,238,565
2014-06-11T18:00:00.000,619,222,397
2014-06-11T19:00:00.000,297,142,155
2014-06-11T20:00:00.000,173,85,88
2014-06-11T21:00:00.000,89,48,41
2014-06-11T22:00:00.000,70,32,38
2014-06-11T23:00:00.000,26,9,17
2014-06-12T00:00:00.000,26,13,13
2014-06-12T01:00:00.000,9,4,5
2014-06-12T02:00:00.000,5,4,1
2014-06-12T03:00:00.000,5,2,3
2014-06-12T04:00:00.000,17,9,8
2014-06-12T05:00:00.000,49,25,24
2014-06-12T06:00:00.000,178,125,53
2014-06-12T07:00:00.000,423,320,103
2014-06-12T08:00:00.000,515,372,143
2014-06-12T09:00:00.000,284,193,91
2014-06-12T10:00:00.000,122,69,53
2014-06-12T11:00:00.000,87,48,39
2014-06-12T12:00:00.000,112,62,50
2014-06-12T13:00:00.000,114,68,46
2014-06-12T14:00:00.000,127,59,68
2014-06-12T15:00:00.000,166,81,85
2014-06-12T16:00:00.000,290,109,181
2014-06-12T17:00:00.000,634,197,437
2014-06-12T18:00:00.000,444,146,298
2014-06-12T19:00:00.000,215,82,133
2014-06-12T20:00:00.000,118,54,64
2014-06-12T21:00:00.000,72,35,37
2014-06-12T22:00:00.000,32,11,21
2014-06-12T23:00:00.000,33,10,23
2014-06-13T00:00:00.000,15,4,11
2014-06-13T01:00:00.000,7,5,2
2014-06-13T02:00:00.000,6,2,4
2014-06-13T03:00:00.000,7,2,5
2014-06-13T04:00:00.000,12,6,6
2014-06-13T05:00:00.000,27,19,8
2014-06-13T06:00:00.000,85,62,23
2014-06-13T07:00:00.000,205,150,55
2014-06-13T08:00:00.000,297,216,81
2014-06-13T09:00:00.000,171,109,62
2014-06-13T10:00:00.000,82,43,39
2014-06-13T11:00:00.000,59,37,22
2014-06-13T12:00:00.000,53,25,28
2014-06-13T13:00:00.000,63,31,32
2014-06-13T14:00:00.000,75,30,45
2014-06-13T15:00:00.000,116,55,61
2014-06-13T16:00:00.000,195,69,126
2014-06-13T17:00:00.000,324,101,223
2014-06-13T18:00:00.000,194,56,138
2014-06-13T19:00:00.000,107,36,71
2014-06-13T20:00:00.000,69,28,41
2014-06-13T21:00:00.000,39,15,24
2014-06-13T22:00:00.000,26,14,12
2014-06-13T23:00:00.000,32,16,16
2014-06-14T00:00:00.000,23,8,15
2014-06-14T01:00:00.000,20,12,8
2014-06-14T02:00:00.000,6,2,4
2014-06-14T03:00:00.000,6,4,2
2014-06-14T04:00:00.000,10,8,2
2014-06-14T05:00:00.000,7,4,3
2014-06-14T06:00:00.000,28,13,15
2014-06-14T07:00:00.000,58,30,28
2014-06-14T08:00:00.000,76,42,34
2014-06-14T09:00:00.000,126,65,61
2014-06-14T10:00:00.000,106,55,51
2014-06-14T11:00:00.000,125,86,39
2014-06-14T12:00:00.000,136,61,75
2014-06-14T13:00:00.000,124,72,52
2014-06-14T14:00:00.000,162,83,79
2014-06-14T15:00:00.000,127,74,53
2014-06-14T16:00:00.000,140,78,62
2014-06-14T17:00:00.000,135,83,52
2014-06-14T18:00:00.000,120,64,56
2014-06-14T19:00:00.000,79,46,33
2014-06-14T20:00:00.000,61,24,37
2014-06-14T21:00:00.000,28,12,16
2014-06-14T22:00:00.000,43,16,27
2014-06-14T23:00:00.000,27,13,14
2014-06-15T00:00:00.000,11,4,7
2014-06-15T01:00:00.000,9,3,6
2014-06-15T02:00:00.000,5,1,4
2014-06-15T03:00:00.000,3,2,1
2014-06-15T04:00:00.000,3,1,2
2014-06-15T05:00:00.000,5,2,3
2014-06-15T06:00:00.000,12,6,6
2014-06-15T07:00:00.000,19,12,7
2014-06-15T08:00:00.000,42,28,14
2014-06-15T09:00:00.000,70,52,18
2014-06-15T10:00:00.000,87,42,45
2014-06-15T11:00:00.000,118,75,43
2014-06-15T12:00:00.000,133,82,51
2014-06-15T13:00:00.000,129,80,49
2014-06-15T14:00:00.000,136,81,55
2014-06-15T15:00:00.000,119,66,53
2014-06-15T16:00:00.000,124,55,69
2014-06-15T17:00:00.000,90,49,41
2014-06-15T18:00:00.000,62,42,20
2014-06-15T19:00:00.000,34,13,21
2014-06-15T20:00:00.000,17,9,8
2014-06-15T21:00:00.000,15,5,10
2014-06-15T22:00:00.000,15,5,10
2014-06-15T23:00:00.000,9,5,4
2014-06-16T00:00:00.000,4,3,1
2014-06-16T01:00:00.000,7,2,5
2014-06-16T02:00:00.000,2,2,0
2014-06-16T03:00:00.000,4,2,2
2014-06-16T04:00:00.000,12,6,6
2014-06-16T05:00:00.000,40,25,15
2014-06-16T06:00:00.000,145,90,55
2014-06-16T07:00:00.000,333,248,85
2014-06-16T08:00:00.000,448,308,140
2014-06-16T09:00:00.000,161,92,69
2014-06-16T10:00:00.000,59,33,26
2014-06-16T11:00:00.000,86,61,25
2014-06-16T12:00:00.000,62,32,30
2014-06-16T13:00:00.000,81,39,42
2014-06-16T14:00:00.000,110,56,54
2014-06-16T15:00:00.000,133,58,75
2014-06-16T16:00:00.000,221,87,134
2014-06-16T17:00:00.000,538,184,354
2014-06-16T18:00:00.000,377,130,247
2014-06-16T19:00:00.000,243,95,148
2014-06-16T20:00:00.000,128,60,68
2014-06-16T21:00:00.000,85,36,49
2014-06-16T22:00:00.000,56,34,22
2014-06-16T23:00:00.000,26,6,20
2014-06-17T00:00:00.000,16,2,14
2014-06-17T01:00:00.000,6,5,1
2014-06-17T02:00:00.000,1,0,1
2014-06-17T03:00:00.000,5,4,1
2014-06-17T04:00:00.000,6,2,4
2014-06-17T05:00:00.000,42,30,12
2014-06-17T06:00:00.000,170,114,56
2014-06-17T07:00:00.000,438,336,102
2014-06-17T08:00:00.000,551,390,161
2014-06-17T09:00:00.000,285,166,119
2014-06-17T10:00:00.000,124,67,57
2014-06-17T11:00:00.000,100,53,47
2014-06-17T12:00:00.000,70,42,28
2014-06-17T13:00:00.000,97,46,51
2014-06-17T14:00:00.000,106,53,53
2014-06-17T15:00:00.000,140,71,69
2014-06-17T16:00:00.000,286,101,185
2014-06-17T17:00:00.000,639,191,448
2014-06-17T18:00:00.000,448,154,294
2014-06-17T19:00:00.000,272,118,154
2014-06-17T20:00:00.000,153,63,90
2014-06-17T21:00:00.000,72,30,42
2014-06-17T22:00:00.000,48,22,26
2014-06-17T23:00:00.000,32,15,17
2014-06-18T00:00:00.000,15,10,5
2014-06-18T01:00:00.000,5,1,4
2014-06-18T02:00:00.000,5,5,0
2014-06-18T03:00:00.000,5,3,2
2014-06-18T04:00:00.000,8,3,5
2014-06-18T05:00:00.000,58,41,17
2014-06-18T06:00:00.000,198,141,57
2014-06-18T07:00:00.000,442,322,120
2014-06-18T08:00:00.000,619,434,185
2014-06-18T09:00:00.000,284,173,111
2014-06-18T10:00:00.000,115,67,48
2014-06-18T11:00:00.000,104,65,39
2014-06-18T12:00:00.000,108,55,53
2014-06-18T13:00:00.000,101,55,46
2014-06-18T14:00:00.000,110,61,49
2014-06-18T15:00:00.000,171,79,92
2014-06-18T16:00:00.000,389,152,237
2014-06-18T17:00:00.000,717,217,500
2014-06-18T18:00:00.000,535,186,349
2014-06-18T19:00:00.000,291,117,174
2014-06-18T20:00:00.000,155,78,77
2014-06-18T21:00:00.000,121,68,53
2014-06-18T22:00:00.000,61,29,32
2014-06-18T23:00:00.000,33,18,15
2014-06-19T00:00:00.000,10,5,5
2014-06-19T01:00:00.000,12,2,10
2014-06-19T02:00:00.000,6,5,1
2014-06-19T03:00:00.000,5,4,1
2014-06-19T04:00:00.000,11,8,3
2014-06-19T05:00:00.000,42,25,17
2014-06-19T06:00:00.000,192,136,56
2014-06-19T07:00:00.000,452,341,111
2014-06-19T08:00:00.000,534,374,160
2014-06-19T09:00:00.000,282,172,110
2014-06-19T10:00:00.000,127,80,47
2014-06-19T11:00:00.000,119,73,46
2014-06-19T12:00:00.000,105,52,53
2014-06-19T13:00:00.000,129,60,69
2014-06-19T14:00:00.000,134,70,64
2014-06-19T15:00:00.000,196,98,98
2014-06-19T16:00:00.000,348,149,199
2014-06-19T17:00:00.000,691,204,487
2014-06-19T18:00:00.000,482,170,312
2014-06-19T19:00:00.000,247,96,151
2014-06-19T20:00:00.000,142,61,81
2014-06-19T21:00:00.000,69,26,43
2014-06-19T22:00:00.000,55,27,28
2014-06-19T23:00:00.000,22,10,12
2014-06-20T00:00:00.000,13,3,10
2014-06-20T01:00:00.000,7,3,4
2014-06-20T02:00:00.000,3,3,0
2014-06-20T03:00:00.000,1,0,1
2014-06-20T04:00:00.000,8,5,3
2014-06-20T05:00:00.000,27,22,5
2014-06-20T06:00:00.000,151,108,43
2014-06-20T07:00:00.000,359,247,112
2014-06-20T08:00:00.000,430,297,133
2014-06-20T09:00:00.000,252,149,103
2014-06-20T10:00:00.000,108,68,40
2014-06-20T11:00:00.000,96,56,40
2014-06-20T12:00:00.000,103,68,35
2014-06-20T13:00:00.000,134,62,72
2014-06-20T14:00:00.000,129,69,60
2014-06-20T15:00:00.000,174,81,93
2014-06-20T16:00:00.000,322,118,204
2014-06-20T17:00:00.000,560,178,382
2014-06-20T18:00:00.000,342,99,243
2014-06-20T19:00:00.000,223,85,138
2014-06-20T20:00:00.000,138,61,77
2014-06-20T21:00:00.000,77,41,36
2014-06-20T22:00:00.000,66,38,28
2014-06-20T23:00:00.000,67,41,26
2014-06-21T00:00:00.000,27,10,17
2014-06-21T01:00:00.000,23,6,17
2014-06-21T02:00:00.000,15,10,5
2014-06-21T03:00:00.000,3,1,2
2014-06-21T04:00:00.000,11,4,7
2014-06-21T05:00:00.000,20,16,4
2014-06-21T06:00:00.000,53,34,19
2014-06-21T07:00:00.000,70,41,29
2014-06-21T08:00:00.000,145,94,51
2014-06-21T09:00:00.000,178,96,82
2014-06-21T10:00:00.000,225,126,99
2014-06-21T11:00:00.000,267,125,142
2014-06-21T12:00:00.000,290,103,187
2014-06-21T13:00:00.000,259,85,174
2014-06-21T14:00:00.000,223,84,139
2014-06-21T15:00:00.000,81,35,46
2014-06-21T16:00:00.000,92,30,62
2014-06-21T17:00:00.000,187,78,109
2014-06-21T18:00:00.000,277,152,125
2014-06-21T19:00:00.000,237,120,117
2014-06-21T20:00:00.000,177,75,102
2014-06-21T21:00:00.000,151,84,67
2014-06-21T22:00:00.000,105,53,52
2014-06-21T23:00:00.000,88,48,40
2014-06-22T00:00:00.000,30,24,6
2014-06-22T01:00:00.000,25,19,6
2014-06-22T02:00:00.000,9,8,1
2014-06-22T03:00:00.000,7,4,3
2014-06-22T04:00:00.000,4,1,3
2014-06-22T05:00:00.000,17,12,5
2014-06-22T06:00:00.000,24,11,13
2014-06-22T07:00:00.000,76,50,26
2014-06-22T08:00:00.000,87,45,42
2014-06-22T09:00:00.000,157,93,64
2014-06-22T10:00:00.000,116,59,57
2014-06-22T11:00:00.000,206,115,91
2014-06-22T12:00:00.000,271,133,138
2014-06-22T13:00:00.000,301,130,171
2014-06-22T14:00:00.000,271,127,144
2014-06-22T15:00:00.000,212,113,99
2014-06-22T16:00:00.000,194,117,77
2014-06-22T17:00:00.000,188,105,83
2014-06-22T18:00:00.000,179,97,82
2014-06-22T19:00:00.000,141,52,89
2014-06-22T20:00:00.000,85,34,51
2014-06-22T21:00:00.000,75,47,28
2014-06-22T22:00:00.000,24,10,14
2014-06-22T23:00:00.000,15,5,10
2014-06-23T00:00:00.000,10,4,6
2014-06-23T01:00:00.000,7,3,4
2014-06-23T02:00:00.000,6,4,2
2014-06-23T03:00:00.000,6,3,3
2014-06-23T04:00:00.000,10,7,3
2014-06-23T05:00:00.000,47,30,17
2014-06-23T06:00:00.000,174,120,54
2014-06-23T07:00:00.000,433,321,112
2014-06-23T08:00:00.000,592,404,188
2014-06-23T09:00:00.000,344,184,160
2014-06-23T10:00:00.000,144,76,68
2014-06-23T11:00:00.000,125,62,63
2014-06-23T12:00:00.000,123,71,52
2014-06-23T13:00:00.000,117,67,50
2014-06-23T14:00:00.000,128,67,61
2014-06-23T15:00:00.000,175,89,86
2014-06-23T16:00:00.000,356,138,218
2014-06-23T17:00:00.000,716,206,510
2014-06-23T18:00:00.000,490,149,341
2014-06-23T19:00:00.000,228,109,119
2014-06-23T20:00:00.000,108,45,63
2014-06-23T21:00:00.000,71,25,46
2014-06-23T22:00:00.000,43,17,26
2014-06-23T23:00:00.000,24,10,14
2014-06-24T00:00:00.000,18,4,14
2014-06-24T01:00:00.000,5,1,4
2014-06-24T02:00:00.000,3,3,0
2014-06-24T03:00:00.000,4,1,3
2014-06-24T04:00:00.000,10,7,3
2014-06-24T05:00:00.000,48,27,21
2014-06-24T06:00:00.000,159,110,49
2014-06-24T07:00:00.000,407,306,101
2014-06-24T08:00:00.000,525,362,163
2014-06-24T09:00:00.000,280,156,124
2014-06-24T10:00:00.000,107,64,43
2014-06-24T11:00:00.000,96,58,38
2014-06-24T12:00:00.000,94,48,46
2014-06-24T13:00:00.000,114,54,60
2014-06-24T14:00:00.000,116,64,52
2014-06-24T15:00:00.000,169,85,84
2014-06-24T16:00:00.000,342,137,205
2014-06-24T17:00:00.000,642,201,441
2014-06-24T18:00:00.000,523,210,313
2014-06-24T19:00:00.000,294,123,171
2014-06-24T20:00:00.000,181,88,93
2014-06-24T21:00:00.000,90,49,41
2014-06-24T22:00:00.000,76,34,42
2014-06-24T23:00:00.000,39,14,25
2014-06-25T00:00:00.000,19,9,10
2014-06-25T01:00:00.000,11,4,7
2014-06-25T02:00:00.000,7,3,4
2014-06-25T03:00:00.000,9,3,6
2014-06-25T04:00:00.000,8,1,7
2014-06-25T05:00:00.000,45,28,17
2014-06-25T06:00:00.000,178,119,59
2014-06-25T07:00:00.000,457,332,125
2014-06-25T08:00:00.000,552,378,174
2014-06-25T09:00:00.000,282,159,123
2014-06-25T10:00:00.000,141,87,54
2014-06-25T11:00:00.000,84,48,36
2014-06-25T12:00:00.000,126,59,67
2014-06-25T13:00:00.000,111,57,54
2014-06-25T14:00:00.000,125,57,68
2014-06-25T15:00:00.000,167,70,97
2014-06-25T16:00:00.000,352,127,225
2014-06-25T17:00:00.000,707,200,507
2014-06-25T18:00:00.000,529,180,349
2014-06-25T19:00:00.000,264,101,163
2014-06-25T20:00:00.000,152,70,82
2014-06-25T21:00:00.000,100,48,52
2014-06-25T22:00:00.000,67,28,39
2014-06-25T23:00:00.000,39,20,19
2014-06-26T00:00:00.000,26,13,13
2014-06-26T01:00:00.000,8,2,6
2014-06-26T02:00:00.000,10,3,7
2014-06-26T03:00:00.000,5,3,2
2014-06-26T04:00:00.000,8,6,2
2014-06-26T05:00:00.000,51,35,16
2014-06-26T06:00:00.000,162,116,46
2014-06-26T07:00:00.000,354,264,90
2014-06-26T08:00:00.000,515,340,175
2014-06-26T09:00:00.000,217,135,82
2014-06-26T10:00:00.000,110,63,47
2014-06-26T11:00:00.000,136,74,62
2014-06-26T12:00:00.000,126,68,58
2014-06-26T13:00:00.000,109,62,47
2014-06-26T14:00:00.000,116,50,66
2014-06-26T15:00:00.000,157,76,81
2014-06-26T16:00:00.000,285,126,159
2014-06-26T17:00:00.000,524,151,373
2014-06-26T18:00:00.000,437,144,293
2014-06-26T19:00:00.000,221,99,122
2014-06-26T20:00:00.000,115,38,77
2014-06-26T21:00:00.000,98,49,49
2014-06-26T22:00:00.000,42,22,20
2014-06-26T23:00:00.000,25,9,16
2014-06-27T00:00:00.000,20,7,13
2014-06-27T01:00:00.000,14,4,10
2014-06-27T02:00:00.000,5,2,3
2014-06-27T03:00:00.000,5,0,5
2014-06-27T04:00:00.000,8,3,5
2014-06-27T05:00:00.000,31,23,8
2014-06-27T06:00:00.000,119,79,40
2014-06-27T07:00:00.000,245,180,65
2014-06-27T08:00:00.000,364,255,109
2014-06-27T09:00:00.000,197,118,79
2014-06-27T10:00:00.000,95,56,39
2014-06-27T11:00:00.000,71,46,25
2014-06-27T12:00:00.000,59,31,28
2014-06-27T13:00:00.000,65,38,27
2014-06-27T14:00:00.000,96,50,46
2014-06-27T15:00:00.000,126,58,68
2014-06-27T16:00:00.000,272,109,163
2014-06-27T17:00:00.000,425,151,274
2014-06-27T18:00:00.000,280,90,190
2014-06-27T19:00:00.000,161,60,101
2014-06-27T20:00:00.000,72,30,42
2014-06-27T21:00:00.000,60,30,30
2014-06-27T22:00:00.000,48,21,27
2014-06-27T23:00:00.000,33,15,18
2014-06-28T00:00:00.000,10,4,6
2014-06-28T01:00:00.000,16,10,6
2014-06-28T02:00:00.000,9,3,6
2014-06-28T03:00:00.000,2,2,0
2014-06-28T04:00:00.000,4,3,1
2014-06-28T05:00:00.000,9,5,4
2014-06-28T06:00:00.000,40,18,22
2014-06-28T07:00:00.000,62,35,27
2014-06-28T08:00:00.000,77,44,33
2014-06-28T09:00:00.000,108,59,49
2014-06-28T10:00:00.000,138,61,77
2014-06-28T11:00:00.000,106,50,56
2014-06-28T12:00:00.000,154,88,66
2014-06-28T13:00:00.000,131,70,61
2014-06-28T14:00:00.000,116,56,60
2014-06-28T15:00:00.000,126,73,53
2014-06-28T16:00:00.000,123,70,53
2014-06-28T17:00:00.000,149,70,79
2014-06-28T18:00:00.000,123,62,61
2014-06-28T19:00:00.000,90,52,38
2014-06-28T20:00:00.000,73,34,39
2014-06-28T21:00:00.000,56,22,34
2014-06-28T22:00:00.000,26,15,11
2014-06-28T23:00:00.000,32,17,15
2014-06-29T00:00:00.000,24,12,12
2014-06-29T01:00:00.000,6,4,2
2014-06-29T02:00:00.000,15,12,3
2014-06-29T03:00:00.000,3,3,0
2014-06-29T04:00:00.000,6,4,2
2014-06-29T05:00:00.000,10,6,4
2014-06-29T06:00:00.000,23,10,13
2014-06-29T07:00:00.000,56,32,24
2014-06-29T08:00:00.000,89,49,40
2014-06-29T09:00:00.000,94,54,40
2014-06-29T10:00:00.000,157,95,62
2014-06-29T11:00:00.000,198,120,78
2014-06-29T12:00:00.000,192,118,74
2014-06-29T13:00:00.000,197,111,86
2014-06-29T14:00:00.000,191,108,83
2014-06-29T15:00:00.000,227,103,124
2014-06-29T16:00:00.000,197,104,93
2014-06-29T17:00:00.000,203,110,93
2014-06-29T18:00:00.000,165,80,85
2014-06-29T19:00:00.000,100,44,56
2014-06-29T20:00:00.000,72,43,29
2014-06-29T21:00:00.000,44,16,28
2014-06-29T22:00:00.000,26,17,9
2014-06-29T23:00:00.000,17,7,10
2014-06-30T00:00:00.000,12,6,6
2014-06-30T01:00:00.000,4,2,2
2014-06-30T02:00:00.000,4,0,4
2014-06-30T03:00:00.000,6,2,4
2014-06-30T04:00:00.000,15,7,8
2014-06-30T05:00:00.000,56,39,17
2014-06-30T06:00:00.000,183,125,58
2014-06-30T07:00:00.000,417,309,108
2014-06-30T08:00:00.000,609,421,188
2014-06-30T09:00:00.000,295,171,124
2014-06-30T10:00:00.000,125,75,50
2014-06-30T11:00:00.000,112,69,43
2014-06-30T12:00:00.000,113,67,46
2014-06-30T13:00:00.000,131,65,66
2014-06-30T14:00:00.000,137,73,64
2014-06-30T15:00:00.000,195,80,115
2014-06-30T16:00:00.000,378,145,233
2014-06-30T17:00:00.000,744,217,527
2014-06-30T18:00:00.000,590,230,360
2014-06-30T19:00:00.000,333,142,191
2014-06-30T20:00:00.000,165,73,92
2014-06-30T21:00:00.000,92,44,48
2014-06-30T22:00:00.000,58,28,30
2014-06-30T23:00:00.000,28,13,15
2014-07-01T00:00:00.000,17,5,12
2014-07-01T01:00:00.000,7,4,3
2014-07-01T02:00:00.000,4,1,3
2014-07-01T03:00:00.000,4,2,2
2014-07-01T04:00:00.000,14,11,3
2014-07-01T05:00:00.000,61,38,23
2014-07-01T06:00:00.000,227,158,69
2014-07-01T07:00:00.000,525,394,131
2014-07-01T08:00:00.000,608,421,187
2014-07-01T09:00:00.000,303,188,115
2014-07-01T10:00:00.000,148,84,64
2014-07-01T11:00:00.000,119,58,61
2014-07-01T12:00:00.000,147,72,75
2014-07-01T13:00:00.000,145,81,64
2014-07-01T14:00:00.000,112,46,66
2014-07-01T15:00:00.000,182,91,91
2014-07-01T16:00:00.000,402,160,242
2014-07-01T17:00:00.000,736,247,489
2014-07-01T18:00:00.000,593,200,393
2014-07-01T19:00:00.000,341,150,191
2014-07-01T20:00:00.000,179,87,92
2014-07-01T21:00:00.000,145,87,58
2014-07-01T22:00:00.000,86,41,45
2014-07-01T23:00:00.000,42,20,22
2014-07-02T00:00:00.000,24,10,14
2014-07-02T01:00:00.000,17,6,11
2014-07-02T02:00:00.000,5,2,3
2014-07-02T03:00:00.000,4,2,2
2014-07-02T04:00:00.000,6,5,1
2014-07-02T05:00:00.000,62,37,25
2014-07-02T06:00:00.000,191,140,51
2014-07-02T07:00:00.000,424,302,122
2014-07-02T08:00:00.000,618,422,196
2014-07-02T09:00:00.000,316,178,138
2014-07-02T10:00:00.000,148,90,58
2014-07-02T11:00:00.000,79,42,37
2014-07-02T12:00:00.000,110,63,47
2014-07-02T13:00:00.000,123,62,61
2014-07-02T14:00:00.000,134,56,78
2014-07-02T15:00:00.000,166,84,82
2014-07-02T16:00:00.000,375,145,230
2014-07-02T17:00:00.000,691,196,495
2014-07-02T18:00:00.000,560,187,373
2014-07-02T19:00:00.000,269,103,166
2014-07-02T20:00:00.000,200,79,121
2014-07-02T21:00:00.000,122,61,61
2014-07-02T22:00:00.000,53,22,31
2014-07-02T23:00:00.000,45,19,26
2014-07-03T00:00:00.000,27,11,16
2014-07-03T01:00:00.000,8,3,5
2014-07-03T02:00:00.000,2,0,2
2014-07-03T03:00:00.000,5,2,3
2014-07-03T04:00:00.000,4,3,1
2014-07-03T05:00:00.000,48,27,21
2014-07-03T06:00:00.000,135,93,42
2014-07-03T07:00:00.000,357,247,110
2014-07-03T08:00:00.000,455,313,142
2014-07-03T09:00:00.000,233,142,91
2014-07-03T10:00:00.000,138,71,67
2014-07-03T11:00:00.000,86,40,46
2014-07-03T12:00:00.000,127,66,61
2014-07-03T13:00:00.000,132,78,54
2014-07-03T14:00:00.000,148,51,97
2014-07-03T15:00:00.000,214,110,104
2014-07-03T16:00:00.000,382,127,255
2014-07-03T17:00:00.000,491,158,333
2014-07-03T18:00:00.000,321,130,191
2014-07-03T19:00:00.000,153,72,81
2014-07-03T20:00:00.000,140,62,78
2014-07-03T21:00:00.000,62,24,38
2014-07-03T22:00:00.000,52,23,29
2014-07-03T23:00:00.000,39,11,28
2014-07-04T00:00:00.000,20,5,15
2014-07-04T01:00:00.000,15,7,8
2014-07-04T02:00:00.000,6,4,2
2014-07-04T03:00:00.000,6,1,5
2014-07-04T04:00:00.000,9,5,4
2014-07-04T05:00:00.000,20,13,7
2014-07-04T06:00:00.000,27,15,12
2014-07-04T07:00:00.000,61,38,23
2014-07-04T08:00:00.000,126,66,60
2014-07-04T09:00:00.000,155,79,76
2014-07-04T10:00:00.000,177,83,94
2014-07-04T11:00:00.000,208,111,97
2014-07-04T12:00:00.000,240,115,125
2014-07-04T13:00:00.000,244,106,138
2014-07-04T14:00:00.000,214,110,104
2014-07-04T15:00:00.000,282,130,152
2014-07-04T16:00:00.000,290,147,143
2014-07-04T17:00:00.000,236,107,129
2014-07-04T18:00:00.000,191,96,95
2014-07-04T19:00:00.000,149,72,77
2014-07-04T20:00:00.000,131,59,72
2014-07-04T21:00:00.000,127,57,70
2014-07-04T22:00:00.000,75,43,32
2014-07-04T23:00:00.000,275,76,199
2014-07-05T00:00:00.000,73,24,49
2014-07-05T01:00:00.000,34,14,20
2014-07-05T02:00:00.000,12,9,3
2014-07-05T03:00:00.000,2,0,2
2014-07-05T04:00:00.000,7,4,3
2014-07-05T05:00:00.000,9,6,3
2014-07-05T06:00:00.000,19,12,7
2014-07-05T07:00:00.000,59,38,21
2014-07-05T08:00:00.000,76,42,34
2014-07-05T09:00:00.000,98,49,49
2014-07-05T10:00:00.000,142,77,65
2014-07-05T11:00:00.000,155,94,61
2014-07-05T12:00:00.000,169,82,87
2014-07-05T13:00:00.000,167,85,82
2014-07-05T14:00:00.000,126,67,59
2014-07-05T15:00:00.000,120,69,51
2014-07-05T16:00:00.000,149,82,67
2014-07-05T17:00:00.000,151,79,72
2014-07-05T18:00:00.000,138,59,79
2014-07-05T19:00:00.000,95,40,55
2014-07-05T20:00:00.000,72,31,41
2014-07-05T21:00:00.000,44,12,32
2014-07-05T22:00:00.000,34,22,12
2014-07-05T23:00:00.000,25,7,18
2014-07-06T00:00:00.000,19,10,9
2014-07-06T01:00:00.000,11,7,4
2014-07-06T02:00:00.000,4,1,3
2014-07-06T03:00:00.000,5,3,2
2014-07-06T04:00:00.000,2,1,1
2014-07-06T05:00:00.000,7,4,3
2014-07-06T06:00:00.000,15,5,10
2014-07-06T07:00:00.000,33,19,14
2014-07-06T08:00:00.000,113,84,29
2014-07-06T09:00:00.000,125,71,54
2014-07-06T10:00:00.000,151,68,83
2014-07-06T11:00:00.000,215,129,86
2014-07-06T12:00:00.000,249,133,116
2014-07-06T13:00:00.000,302,148,154
2014-07-06T14:00:00.000,306,170,136
2014-07-06T15:00:00.000,291,173,118
2014-07-06T16:00:00.000,233,142,91
2014-07-06T17:00:00.000,228,120,108
2014-07-06T18:00:00.000,170,83,87
2014-07-06T19:00:00.000,153,64,89
2014-07-06T20:00:00.000,115,73,42
2014-07-06T21:00:00.000,66,33,33
2014-07-06T22:00:00.000,48,25,23
2014-07-06T23:00:00.000,21,11,10
2014-07-07T00:00:00.000,13,4,9
2014-07-07T01:00:00.000,6,2,4
2014-07-07T02:00:00.000,6,4,2
2014-07-07T03:00:00.000,6,3,3
2014-07-07T04:00:00.000,16,8,8
2014-07-07T05:00:00.000,44,28,16
2014-07-07T06:00:00.000,161,104,57
2014-07-07T07:00:00.000,464,355,109
2014-07-07T08:00:00.000,531,367,164
2014-07-07T09:00:00.000,285,176,109
2014-07-07T10:00:00.000,128,73,55
2014-07-07T11:00:00.000,95,55,40
2014-07-07T12:00:00.000,107,56,51
2014-07-07T13:00:00.000,134,67,67
2014-07-07T14:00:00.000,136,74,62
2014-07-07T15:00:00.000,197,89,108
2014-07-07T16:00:00.000,315,128,187
2014-07-07T17:00:00.000,668,191,477
2014-07-07T18:00:00.000,494,177,317
2014-07-07T19:00:00.000,299,122,177
2014-07-07T20:00:00.000,152,63,89
2014-07-07T21:00:00.000,104,68,36
2014-07-07T22:00:00.000,64,25,39
2014-07-07T23:00:00.000,31,15,16
2014-07-08T00:00:00.000,27,11,16
2014-07-08T01:00:00.000,7,4,3
2014-07-08T02:00:00.000,8,3,5
2014-07-08T03:00:00.000,3,2,1
2014-07-08T04:00:00.000,13,8,5
2014-07-08T05:00:00.000,58,37,21
2014-07-08T06:00:00.000,233,160,73
2014-07-08T07:00:00.000,506,375,131
2014-07-08T08:00:00.000,594,429,165
2014-07-08T09:00:00.000,295,171,124
2014-07-08T10:00:00.000,181,105,76
2014-07-08T11:00:00.000,131,81,50
2014-07-08T12:00:00.000,155,85,70
2014-07-08T13:00:00.000,129,70,59
2014-07-08T14:00:00.000,114,49,65
2014-07-08T15:00:00.000,220,96,124
2014-07-08T16:00:00.000,391,160,231
2014-07-08T17:00:00.000,795,242,553
2014-07-08T18:00:00.000,574,179,395
2014-07-08T19:00:00.000,300,121,179
2014-07-08T20:00:00.000,209,85,124
2014-07-08T21:00:00.000,163,85,78
2014-07-08T22:00:00.000,71,28,43
2014-07-08T23:00:00.000,38,23,15
2014-07-09T00:00:00.000,17,5,12
2014-07-09T01:00:00.000,14,5,9
2014-07-09T02:00:00.000,5,4,1
2014-07-09T03:00:00.000,5,3,2
2014-07-09T04:00:00.000,13,5,8
2014-07-09T05:00:00.000,56,32,24
2014-07-09T06:00:00.000,228,160,68
2014-07-09T07:00:00.000,504,373,131
2014-07-09T08:00:00.000,633,452,181
2014-07-09T09:00:00.000,320,202,118
2014-07-09T10:00:00.000,145,88,57
2014-07-09T11:00:00.000,141,88,53
2014-07-09T12:00:00.000,130,69,61
2014-07-09T13:00:00.000,129,56,73
2014-07-09T14:00:00.000,118,60,58
2014-07-09T15:00:00.000,183,92,91
2014-07-09T16:00:00.000,410,152,258
2014-07-09T17:00:00.000,738,219,519
2014-07-09T18:00:00.000,608,200,408
2014-07-09T19:00:00.000,312,131,181
2014-07-09T20:00:00.000,192,81,111
2014-07-09T21:00:00.000,137,68,69
2014-07-09T22:00:00.000,62,33,29
2014-07-09T23:00:00.000,35,13,22
2014-07-10T00:00:00.000,19,11,8
2014-07-10T01:00:00.000,9,1,8
2014-07-10T02:00:00.000,6,5,1
2014-07-10T03:00:00.000,6,3,3
2014-07-10T04:00:00.000,9,8,1
2014-07-10T05:00:00.000,49,32,17
2014-07-10T06:00:00.000,200,144,56
2014-07-10T07:00:00.000,455,343,112
2014-07-10T08:00:00.000,621,426,195
2014-07-10T09:00:00.000,286,186,100
2014-07-10T10:00:00.000,123,63,60
2014-07-10T11:00:00.000,116,74,42
2014-07-10T12:00:00.000,124,64,60
2014-07-10T13:00:00.000,104,54,50
2014-07-10T14:00:00.000,137,68,69
2014-07-10T15:00:00.000,182,90,92
2014-07-10T16:00:00.000,346,134,212
2014-07-10T17:00:00.000,701,248,453
2014-07-10T18:00:00.000,514,187,327
2014-07-10T19:00:00.000,338,133,205
2014-07-10T20:00:00.000,203,94,109
2014-07-10T21:00:00.000,143,66,77
2014-07-10T22:00:00.000,65,29,36
2014-07-10T23:00:00.000,44,15,29
2014-07-11T00:00:00.000,31,19,12
2014-07-11T01:00:00.000,26,22,4
2014-07-11T02:00:00.000,12,5,7
2014-07-11T03:00:00.000,2,1,1
2014-07-11T04:00:00.000,15,7,8
2014-07-11T05:00:00.000,35,23,12
2014-07-11T06:00:00.000,143,104,39
2014-07-11T07:00:00.000,376,281,95
2014-07-11T08:00:00.000,514,342,172
2014-07-11T09:00:00.000,308,203,105
2014-07-11T10:00:00.000,150,84,66
2014-07-11T11:00:00.000,148,84,64
2014-07-11T12:00:00.000,115,69,46
2014-07-11T13:00:00.000,119,72,47
2014-07-11T14:00:00.000,142,70,72
2014-07-11T15:00:00.000,193,85,108
2014-07-11T16:00:00.000,371,130,241
2014-07-11T17:00:00.000,612,198,414
2014-07-11T18:00:00.000,346,126,220
2014-07-11T19:00:00.000,178,74,104
2014-07-11T20:00:00.000,112,60,52
2014-07-11T21:00:00.000,107,66,41
2014-07-11T22:00:00.000,73,35,38
2014-07-11T23:00:00.000,40,26,14
2014-07-12T00:00:00.000,24,9,15
2014-07-12T01:00:00.000,21,8,13
2014-07-12T02:00:00.000,11,5,6
2014-07-12T03:00:00.000,6,1,5
2014-07-12T04:00:00.000,50,14,36
2014-07-12T05:00:00.000,57,17,40
2014-07-12T06:00:00.000,57,21,36
2014-07-12T07:00:00.000,94,57,37
2014-07-12T08:00:00.000,114,67,47
2014-07-12T09:00:00.000,152,74,78
2014-07-12T10:00:00.000,198,116,82
2014-07-12T11:00:00.000,162,93,69
2014-07-12T12:00:00.000,169,80,89
2014-07-12T13:00:00.000,170,94,76
2014-07-12T14:00:00.000,142,89,53
2014-07-12T15:00:00.000,215,98,117
2014-07-12T16:00:00.000,142,68,74
2014-07-12T17:00:00.000,146,66,80
2014-07-12T18:00:00.000,109,54,55
2014-07-12T19:00:00.000,113,42,71
2014-07-12T20:00:00.000,139,65,74
2014-07-12T21:00:00.000,76,40,36
2014-07-12T22:00:00.000,46,31,15
2014-07-12T23:00:00.000,67,35,32
2014-07-13T00:00:00.000,29,16,13
2014-07-13T01:00:00.000,23,12,11
2014-07-13T02:00:00.000,11,9,2
2014-07-13T03:00:00.000,4,3,1
2014-07-13T04:00:00.000,4,2,2
2014-07-13T05:00:00.000,9,5,4
2014-07-13T06:00:00.000,28,14,14
2014-07-13T07:00:00.000,64,41,23
2014-07-13T08:00:00.000,114,71,43
2014-07-13T09:00:00.000,146,80,66
2014-07-13T10:00:00.000,177,98,79
2014-07-13T11:00:00.000,197,104,93
2014-07-13T12:00:00.000,192,119,73
2014-07-13T13:00:00.000,112,63,49
2014-07-13T14:00:00.000,136,74,62
2014-07-13T15:00:00.000,194,113,81
2014-07-13T16:00:00.000,169,80,89
2014-07-13T17:00:00.000,161,84,77
2014-07-13T18:00:00.000,126,64,62
2014-07-13T19:00:00.000,146,95,51
2014-07-13T20:00:00.000,84,47,37
2014-07-13T21:00:00.000,58,28,30
2014-07-13T22:00:00.000,86,25,61
2014-07-13T23:00:00.000,28,17,11
2014-07-14T00:00:00.000,11,4,7
2014-07-14T01:00:00.000,7,3,4
2014-07-14T02:00:00.000,1,1,0
2014-07-14T03:00:00.000,7,4,3
2014-07-14T04:00:00.000,7,2,5
2014-07-14T05:00:00.000,49,30,19
2014-07-14T06:00:00.000,162,112,50
2014-07-14T07:00:00.000,435,315,120
2014-07-14T08:00:00.000,550,393,157
2014-07-14T09:00:00.000,312,195,117
2014-07-14T10:00:00.000,134,75,59
2014-07-14T11:00:00.000,104,59,45
2014-07-14T12:00:00.000,82,43,39
2014-07-14T13:00:00.000,109,76,33
2014-07-14T14:00:00.000,128,57,71
2014-07-14T15:00:00.000,149,73,76
2014-07-14T16:00:00.000,343,119,224
2014-07-14T17:00:00.000,658,198,460
2014-07-14T18:00:00.000,562,205,357
2014-07-14T19:00:00.000,244,91,153
2014-07-14T20:00:00.000,200,94,106
2014-07-14T21:00:00.000,96,41,55
2014-07-14T22:00:00.000,45,20,25
2014-07-14T23:00:00.000,16,6,10
2014-07-15T00:00:00.000,16,4,12
2014-07-15T01:00:00.000,7,4,3
2014-07-15T02:00:00.000,4,3,1
2014-07-15T03:00:00.000,4,3,1
2014-07-15T04:00:00.000,9,7,2
2014-07-15T05:00:00.000,53,36,17
2014-07-15T06:00:00.000,199,137,62
2014-07-15T07:00:00.000,501,378,123
2014-07-15T08:00:00.000,624,416,208
2014-07-15T09:00:00.000,316,204,112
2014-07-15T10:00:00.000,146,73,73
2014-07-15T11:00:00.000,97,57,40
2014-07-15T12:00:00.000,144,95,49
2014-07-15T13:00:00.000,97,48,49
2014-07-15T14:00:00.000,92,42,50
2014-07-15T15:00:00.000,151,77,74
2014-07-15T16:00:00.000,379,136,243
2014-07-15T17:00:00.000,732,219,513
2014-07-15T18:00:00.000,598,193,405
2014-07-15T19:00:00.000,339,139,200
2014-07-15T20:00:00.000,203,90,113
2014-07-15T21:00:00.000,118,60,58
2014-07-15T22:00:00.000,83,44,39
2014-07-15T23:00:00.000,29,11,18
2014-07-16T00:00:00.000,12,7,5
2014-07-16T01:00:00.000,17,10,7
2014-07-16T02:00:00.000,3,2,1
2014-07-16T03:00:00.000,4,3,1
2014-07-16T04:00:00.000,10,7,3
2014-07-16T05:00:00.000,58,42,16
2014-07-16T06:00:00.000,214,143,71
2014-07-16T07:00:00.000,507,372,135
2014-07-16T08:00:00.000,589,408,181
2014-07-16T09:00:00.000,302,188,114
2014-07-16T10:00:00.000,176,109,67
2014-07-16T11:00:00.000,109,65,44
2014-07-16T12:00:00.000,145,66,79
2014-07-16T13:00:00.000,142,78,64
2014-07-16T14:00:00.000,141,60,81
2014-07-16T15:00:00.000,192,74,118
2014-07-16T16:00:00.000,359,133,226
2014-07-16T17:00:00.000,706,191,515
2014-07-16T18:00:00.000,580,213,367
2014-07-16T19:00:00.000,285,119,166
2014-07-16T20:00:00.000,239,97,142
2014-07-16T21:00:00.000,133,58,75
2014-07-16T22:00:00.000,50,22,28
2014-07-16T23:00:00.000,36,15,21
2014-07-17T00:00:00.000,32,18,14
2014-07-17T01:00:00.000,9,6,3
2014-07-17T02:00:00.000,6,5,1
2014-07-17T03:00:00.000,2,1,1
2014-07-17T04:00:00.000,9,7,2
2014-07-17T05:00:00.000,45,28,17
2014-07-17T06:00:00.000,144,102,42
2014-07-17T07:00:00.000,424,318,106
2014-07-17T08:00:00.000,543,365,178
2014-07-17T09:00:00.000,298,193,105
2014-07-17T10:00:00.000,130,80,50
2014-07-17T11:00:00.000,122,71,51
2014-07-17T12:00:00.000,111,59,52
2014-07-17T13:00:00.000,110,51,59
2014-07-17T14:00:00.000,132,71,61
2014-07-17T15:00:00.000,143,62,81
2014-07-17T16:00:00.000,347,122,225
2014-07-17T17:00:00.000,682,205,477
2014-07-17T18:00:00.000,454,177,277
2014-07-17T19:00:00.000,320,144,176
2014-07-17T20:00:00.000,197,103,94
2014-07-17T21:00:00.000,140,59,81
2014-07-17T22:00:00.000,81,45,36
2014-07-17T23:00:00.000,54,18,36
2014-07-18T00:00:00.000,22,14,8
2014-07-18T01:00:00.000,8,4,4
2014-07-18T02:00:00.000,5,2,3
2014-07-18T03:00:00.000,4,3,1
2014-07-18T04:00:00.000,13,8,5
2014-07-18T05:00:00.000,35,22,13
2014-07-18T06:00:00.000,152,97,55
2014-07-18T07:00:00.000,349,262,87
2014-07-18T08:00:00.000,475,328,147
2014-07-18T09:00:00.000,273,180,93
2014-07-18T10:00:00.000,136,88,48
2014-07-18T11:00:00.000,108,48,60
2014-07-18T12:00:00.000,145,83,62
2014-07-18T13:00:00.000,126,55,71
2014-07-18T14:00:00.000,142,80,62
2014-07-18T15:00:00.000,220,102,118
2014-07-18T16:00:00.000,383,133,250
2014-07-18T17:00:00.000,635,212,423
2014-07-18T18:00:00.000,439,176,263
2014-07-18T19:00:00.000,202,78,124
2014-07-18T20:00:00.000,112,42,70
2014-07-18T21:00:00.000,70,44,26
2014-07-18T22:00:00.000,52,25,27
2014-07-18T23:00:00.000,29,13,16
2014-07-19T00:00:00.000,34,17,17
2014-07-19T01:00:00.000,19,6,13
2014-07-19T02:00:00.000,9,4,5
2014-07-19T03:00:00.000,0,0,0
2014-07-19T04:00:00.000,3,1,2
2014-07-19T05:00:00.000,10,6,4
2014-07-19T06:00:00.000,25,13,12
2014-07-19T07:00:00.000,56,32,24
2014-07-19T08:00:00.000,95,50,45
2014-07-19T09:00:00.000,129,60,69
2014-07-19T10:00:00.000,127,63,64
2014-07-19T11:00:00.000,129,79,50
2014-07-19T12:00:00.000,193,109,84
2014-07-19T13:00:00.000,181,78,103
2014-07-19T14:00:00.000,164,87,77
2014-07-19T15:00:00.000,206,87,119
2014-07-19T16:00:00.000,181,91,90
2014-07-19T17:00:00.000,145,75,70
2014-07-19T18:00:00.000,150,78,72
2014-07-19T19:00:00.000,89,36,53
2014-07-19T20:00:00.000,55,23,32
2014-07-19T21:00:00.000,53,26,27
2014-07-19T22:00:00.000,33,21,12
2014-07-19T23:00:00.000,34,17,17
2014-07-20T00:00:00.000,21,8,13
2014-07-20T01:00:00.000,14,7,7
2014-07-20T02:00:00.000,7,4,3
2014-07-20T03:00:00.000,5,4,1
2014-07-20T04:00:00.000,5,3,2
2014-07-20T05:00:00.000,4,3,1
2014-07-20T06:00:00.000,12,8,4
2014-07-20T07:00:00.000,30,19,11
2014-07-20T08:00:00.000,53,34,19
2014-07-20T09:00:00.000,68,34,34
2014-07-20T10:00:00.000,96,60,36
2014-07-20T11:00:00.000,102,63,39
2014-07-20T12:00:00.000,108,61,47
2014-07-20T13:00:00.000,172,105,67
2014-07-20T14:00:00.000,153,92,61
2014-07-20T15:00:00.000,174,77,97
2014-07-20T16:00:00.000,171,84,87
2014-07-20T17:00:00.000,79,39,40
2014-07-20T18:00:00.000,74,38,36
2014-07-20T19:00:00.000,71,24,47
2014-07-20T20:00:00.000,40,16,24
2014-07-20T21:00:00.000,39,17,22
2014-07-20T22:00:00.000,19,7,12
2014-07-20T23:00:00.000,18,2,16
2014-07-21T00:00:00.000,10,4,6
2014-07-21T01:00:00.000,1,1,0
2014-07-21T02:00:00.000,3,2,1
2014-07-21T03:00:00.000,7,5,2
2014-07-21T04:00:00.000,13,9,4
2014-07-21T05:00:00.000,45,34,11
2014-07-21T06:00:00.000,164,110,54
2014-07-21T07:00:00.000,422,303,119
2014-07-21T08:00:00.000,528,354,174
2014-07-21T09:00:00.000,303,192,111
2014-07-21T10:00:00.000,136,85,51
2014-07-21T11:00:00.000,97,48,49
2014-07-21T12:00:00.000,142,83,59
2014-07-21T13:00:00.000,93,42,51
2014-07-21T14:00:00.000,143,65,78
2014-07-21T15:00:00.000,176,84,92
2014-07-21T16:00:00.000,372,164,208
2014-07-21T17:00:00.000,715,225,490
2014-07-21T18:00:00.000,492,195,297
2014-07-21T19:00:00.000,303,124,179
2014-07-21T20:00:00.000,200,91,109
2014-07-21T21:00:00.000,78,28,50
2014-07-21T22:00:00.000,57,26,31
2014-07-21T23:00:00.000,25,11,14
2014-07-22T00:00:00.000,8,2,6
2014-07-22T01:00:00.000,4,4,0
2014-07-22T02:00:00.000,9,6,3
2014-07-22T03:00:00.000,3,1,2
2014-07-22T04:00:00.000,11,4,7
2014-07-22T05:00:00.000,62,47,15
2014-07-22T06:00:00.000,218,150,68
2014-07-22T07:00:00.000,542,405,137
2014-07-22T08:00:00.000,594,400,194
2014-07-22T09:00:00.000,313,200,113
2014-07-22T10:00:00.000,135,87,48
2014-07-22T11:00:00.000,107,55,52
2014-07-22T12:00:00.000,110,62,48
2014-07-22T13:00:00.000,108,49,59
2014-07-22T14:00:00.000,97,50,47
2014-07-22T15:00:00.000,186,86,100
2014-07-22T16:00:00.000,344,117,227
2014-07-22T17:00:00.000,702,211,491
2014-07-22T18:00:00.000,562,213,349
2014-07-22T19:00:00.000,299,120,179
2014-07-22T20:00:00.000,183,67,116
2014-07-22T21:00:00.000,86,41,45
2014-07-22T22:00:00.000,67,29,38
2014-07-22T23:00:00.000,28,10,18
2014-07-23T00:00:00.000,18,8,10
2014-07-23T01:00:00.000,5,3,2
2014-07-23T02:00:00.000,4,2,2
2014-07-23T03:00:00.000,3,1,2
2014-07-23T04:00:00.000,4,3,1
2014-07-23T05:00:00.000,38,30,8
2014-07-23T06:00:00.000,96,64,32
2014-07-23T07:00:00.000,197,144,53
2014-07-23T08:00:00.000,275,191,84
2014-07-23T09:00:00.000,140,86,54
2014-07-23T10:00:00.000,60,32,28
2014-07-23T11:00:00.000,38,19,19
2014-07-23T12:00:00.000,22,8,14
2014-07-23T13:00:00.000,38,22,16
2014-07-23T14:00:00.000,39,20,19
2014-07-23T15:00:00.000,42,16,26
2014-07-23T16:00:00.000,141,46,95
2014-07-23T17:00:00.000,280,88,192
2014-07-23T18:00:00.000,249,89,160
2014-07-23T19:00:00.000,122,43,79
2014-07-23T20:00:00.000,84,35,49
2014-07-23T21:00:00.000,45,20,25
2014-07-23T22:00:00.000,32,17,15
2014-07-23T23:00:00.000,17,6,11
2014-07-24T00:00:00.000,14,9,5
2014-07-24T01:00:00.000,8,7,1
2014-07-24T02:00:00.000,4,1,3
2014-07-24T03:00:00.000,2,1,1
2014-07-24T04:00:00.000,7,4,3
2014-07-24T05:00:00.000,38,29,9
2014-07-24T06:00:00.000,112,80,32
2014-07-24T07:00:00.000,282,214,68
2014-07-24T08:00:00.000,374,253,121
2014-07-24T09:00:00.000,231,151,80
2014-07-24T10:00:00.000,83,48,35
2014-07-24T11:00:00.000,70,36,34
2014-07-24T12:00:00.000,90,48,42
2014-07-24T13:00:00.000,80,41,39
2014-07-24T14:00:00.000,74,37,37
2014-07-24T15:00:00.000,116,42,74
2014-07-24T16:00:00.000,192,74,118
2014-07-24T17:00:00.000,461,134,327
2014-07-24T18:00:00.000,346,134,212
2014-07-24T19:00:00.000,207,81,126
2014-07-24T20:00:00.000,99,49,50
2014-07-24T21:00:00.000,52,14,38
2014-07-24T22:00:00.000,39,20,19
2014-07-24T23:00:00.000,21,9,12
2014-07-25T00:00:00.000,15,7,8
2014-07-25T01:00:00.000,6,4,2
2014-07-25T02:00:00.000,11,7,4
2014-07-25T03:00:00.000,2,1,1
2014-07-25T04:00:00.000,10,4,6
2014-07-25T05:00:00.000,43,28,15
2014-07-25T06:00:00.000,113,81,32
2014-07-25T07:00:00.000,308,218,90
2014-07-25T08:00:00.000,501,354,147
2014-07-25T09:00:00.000,261,170,91
2014-07-25T10:00:00.000,138,88,50
2014-07-25T11:00:00.000,116,73,43
2014-07-25T12:00:00.000,186,110,76
2014-07-25T13:00:00.000,165,84,81
2014-07-25T14:00:00.000,168,80,88
2014-07-25T15:00:00.000,168,79,89
2014-07-25T16:00:00.000,367,154,213
2014-07-25T17:00:00.000,562,178,384
2014-07-25T18:00:00.000,405,154,251
2014-07-25T19:00:00.000,200,76,124
2014-07-25T20:00:00.000,130,42,88
2014-07-25T21:00:00.000,96,60,36
2014-07-25T22:00:00.000,50,30,20
2014-07-25T23:00:00.000,51,18,33
2014-07-26T00:00:00.000,27,12,15
2014-07-26T01:00:00.000,18,10,8
2014-07-26T02:00:00.000,16,9,7
2014-07-26T03:00:00.000,5,5,0
2014-07-26T04:00:00.000,5,2,3
2014-07-26T05:00:00.000,15,12,3
2014-07-26T06:00:00.000,37,19,18
2014-07-26T07:00:00.000,74,34,40
2014-07-26T08:00:00.000,119,65,54
2014-07-26T09:00:00.000,150,70,80
2014-07-26T10:00:00.000,142,77,65
2014-07-26T11:00:00.000,235,124,111
2014-07-26T12:00:00.000,247,152,95
2014-07-26T13:00:00.000,192,136,56
2014-07-26T14:00:00.000,239,130,109
2014-07-26T15:00:00.000,252,139,113
2014-07-26T16:00:00.000,192,105,87
2014-07-26T17:00:00.000,219,118,101
2014-07-26T18:00:00.000,154,86,68
2014-07-26T19:00:00.000,141,79,62
2014-07-26T20:00:00.000,89,48,41
2014-07-26T21:00:00.000,58,26,32
2014-07-26T22:00:00.000,44,12,32
2014-07-26T23:00:00.000,40,18,22
2014-07-27T00:00:00.000,35,13,22
2014-07-27T01:00:00.000,17,10,7
2014-07-27T02:00:00.000,10,4,6
2014-07-27T03:00:00.000,6,4,2
2014-07-27T04:00:00.000,7,4,3
2014-07-27T05:00:00.000,7,6,1
2014-07-27T06:00:00.000,18,7,11
2014-07-27T07:00:00.000,41,20,21
2014-07-27T08:00:00.000,96,57,39
2014-07-27T09:00:00.000,130,63,67
2014-07-27T10:00:00.000,177,75,102
2014-07-27T11:00:00.000,211,114,97
2014-07-27T12:00:00.000,233,138,95
2014-07-27T13:00:00.000,231,127,104
2014-07-27T14:00:00.000,262,145,117
2014-07-27T15:00:00.000,238,138,100
2014-07-27T16:00:00.000,228,109,119
2014-07-27T17:00:00.000,194,115,79
2014-07-27T18:00:00.000,157,89,68
2014-07-27T19:00:00.000,130,77,53
2014-07-27T20:00:00.000,81,44,37
2014-07-27T21:00:00.000,73,41,32
2014-07-27T22:00:00.000,31,16,15
2014-07-27T23:00:00.000,14,3,11
2014-07-28T00:00:00.000,9,3,6
2014-07-28T01:00:00.000,14,9,5
2014-07-28T02:00:00.000,6,5,1
2014-07-28T03:00:00.000,5,4,1
2014-07-28T04:00:00.000,13,9,4
2014-07-28T05:00:00.000,65,42,23
2014-07-28T06:00:00.000,170,105,65
2014-07-28T07:00:00.000,455,334,121
2014-07-28T08:00:00.000,629,431,198
2014-07-28T09:00:00.000,284,184,100
2014-07-28T10:00:00.000,171,92,79
2014-07-28T11:00:00.000,138,77,61
2014-07-28T12:00:00.000,105,64,41
2014-07-28T13:00:00.000,104,42,62
2014-07-28T14:00:00.000,135,75,60
2014-07-28T15:00:00.000,176,90,86
2014-07-28T16:00:00.000,346,143,203
2014-07-28T17:00:00.000,679,210,469
2014-07-28T18:00:00.000,577,228,349
2014-07-28T19:00:00.000,293,109,184
2014-07-28T20:00:00.000,203,91,112
2014-07-28T21:00:00.000,119,43,76
2014-07-28T22:00:00.000,69,26,43
2014-07-28T23:00:00.000,31,15,16
2014-07-29T00:00:00.000,17,7,10
2014-07-29T01:00:00.000,9,3,6
2014-07-29T02:00:00.000,4,4,0
2014-07-29T03:00:00.000,2,0,2
2014-07-29T04:00:00.000,11,7,4
2014-07-29T05:00:00.000,58,39,19
2014-07-29T06:00:00.000,214,143,71
2014-07-29T07:00:00.000,532,382,150
2014-07-29T08:00:00.000,670,470,200
2014-07-29T09:00:00.000,338,202,136
2014-07-29T10:00:00.000,158,96,62
2014-07-29T11:00:00.000,117,60,57
2014-07-29T12:00:00.000,143,77,66
2014-07-29T13:00:00.000,134,60,74
2014-07-29T14:00:00.000,118,47,71
2014-07-29T15:00:00.000,168,65,103
2014-07-29T16:00:00.000,370,138,232
2014-07-29T17:00:00.000,801,230,571
2014-07-29T18:00:00.000,586,209,377
2014-07-29T19:00:00.000,333,156,177
2014-07-29T20:00:00.000,191,75,116
2014-07-29T21:00:00.000,155,78,77
2014-07-29T22:00:00.000,74,37,37
2014-07-29T23:00:00.000,45,21,24
2014-07-30T00:00:00.000,13,2,11
2014-07-30T01:00:00.000,10,8,2
2014-07-30T02:00:00.000,9,2,7
2014-07-30T03:00:00.000,3,1,2
2014-07-30T04:00:00.000,6,5,1
2014-07-30T05:00:00.000,54,38,16
2014-07-30T06:00:00.000,211,145,66
2014-07-30T07:00:00.000,482,350,132
2014-07-30T08:00:00.000,632,419,213
2014-07-30T09:00:00.000,337,205,132
2014-07-30T10:00:00.000,166,109,57
2014-07-30T11:00:00.000,118,68,50
2014-07-30T12:00:00.000,106,46,60
2014-07-30T13:00:00.000,137,54,83
2014-07-30T14:00:00.000,129,53,76
2014-07-30T15:00:00.000,199,88,111
2014-07-30T16:00:00.000,382,149,233
2014-07-30T17:00:00.000,755,227,528
2014-07-30T18:00:00.000,583,205,378
2014-07-30T19:00:00.000,279,105,174
2014-07-30T20:00:00.000,209,91,118
2014-07-30T21:00:00.000,126,68,58
2014-07-30T22:00:00.000,73,32,41
2014-07-30T23:00:00.000,40,15,25
2014-07-31T00:00:00.000,15,8,7
2014-07-31T01:00:00.000,10,7,3
2014-07-31T02:00:00.000,6,2,4
2014-07-31T03:00:00.000,4,1,3
2014-07-31T04:00:00.000,12,9,3
2014-07-31T05:00:00.000,42,29,13
2014-07-31T06:00:00.000,174,106,68
2014-07-31T07:00:00.000,483,369,114
2014-07-31T08:00:00.000,612,415,197
2014-07-31T09:00:00.000,314,192,122
2014-07-31T10:00:00.000,170,94,76
2014-07-31T11:00:00.000,116,70,46
2014-07-31T12:00:00.000,133,64,69
2014-07-31T13:00:00.000,121,55,66
2014-07-31T14:00:00.000,133,63,70
2014-07-31T15:00:00.000,180,84,96
2014-07-31T16:00:00.000,353,130,223
2014-07-31T17:00:00.000,670,204,466
2014-07-31T18:00:00.000,544,167,377
2014-07-31T19:00:00.000,289,105,184
2014-07-31T20:00:00.000,189,81,108
2014-07-31T21:00:00.000,123,72,51
2014-07-31T22:00:00.000,102,63,39
2014-07-31T23:00:00.000,40,15,25
2014-08-01T00:00:00.000,25,11,14
2014-08-01T01:00:00.000,8,3,5
2014-08-01T02:00:00.000,8,1,7
2014-08-01T03:00:00.000,3,2,1
2014-08-01T04:00:00.000,11,6,5
2014-08-01T05:00:00.000,41,24,17
2014-08-01T06:00:00.000,144,101,43
2014-08-01T07:00:00.000,338,241,97
2014-08-01T08:00:00.000,511,355,156
2014-08-01T09:00:00.000,306,192,114
2014-08-01T10:00:00.000,147,86,61
2014-08-01T11:00:00.000,138,69,69
2014-08-01T12:00:00.000,122,56,66
2014-08-01T13:00:00.000,131,58,73
2014-08-01T14:00:00.000,146,66,80
2014-08-01T15:00:00.000,190,89,101
2014-08-01T16:00:00.000,373,125,248
2014-08-01T17:00:00.000,537,201,336
2014-08-01T18:00:00.000,373,139,234
2014-08-01T19:00:00.000,202,93,109
2014-08-01T20:00:00.000,143,62,81
2014-08-01T21:00:00.000,87,37,50
2014-08-01T22:00:00.000,77,26,51
2014-08-01T23:00:00.000,45,9,36
2014-08-02T00:00:00.000,23,7,16
2014-08-02T01:00:00.000,47,6,41
2014-08-02T02:00:00.000,12,7,5
2014-08-02T03:00:00.000,6,3,3
2014-08-02T04:00:00.000,3,1,2
2014-08-02T05:00:00.000,12,5,7
2014-08-02T06:00:00.000,42,18,24
2014-08-02T07:00:00.000,71,44,27
2014-08-02T08:00:00.000,142,72,70
2014-08-02T09:00:00.000,138,81,57
2014-08-02T10:00:00.000,98,60,38
2014-08-02T11:00:00.000,129,76,53
2014-08-02T12:00:00.000,156,90,66
2014-08-02T13:00:00.000,151,85,66
2014-08-02T14:00:00.000,156,95,61
2014-08-02T15:00:00.000,166,87,79
2014-08-02T16:00:00.000,166,87,79
2014-08-02T17:00:00.000,112,60,52
2014-08-02T18:00:00.000,148,76,72
2014-08-02T19:00:00.000,120,63,57
2014-08-02T20:00:00.000,84,41,43
2014-08-02T21:00:00.000,41,26,15
2014-08-02T22:00:00.000,49,24,25
2014-08-02T23:00:00.000,38,22,16
2014-08-03T00:00:00.000,20,8,12
2014-08-03T01:00:00.000,8,2,6
2014-08-03T02:00:00.000,8,2,6
2014-08-03T03:00:00.000,4,3,1
2014-08-03T04:00:00.000,7,3,4
2014-08-03T05:00:00.000,7,2,5
2014-08-03T06:00:00.000,24,11,13
2014-08-03T07:00:00.000,53,28,25
2014-08-03T08:00:00.000,100,53,47
2014-08-03T09:00:00.000,147,81,66
2014-08-03T10:00:00.000,197,95,102
2014-08-03T11:00:00.000,197,121,76
2014-08-03T12:00:00.000,249,127,122
2014-08-03T13:00:00.000,212,128,84
2014-08-03T14:00:00.000,218,127,91
2014-08-03T15:00:00.000,223,117,106
2014-08-03T16:00:00.000,210,99,111
2014-08-03T17:00:00.000,193,101,92
2014-08-03T18:00:00.000,159,83,76
2014-08-03T19:00:00.000,100,47,53
2014-08-03T20:00:00.000,70,42,28
2014-08-03T21:00:00.000,52,22,30
2014-08-03T22:00:00.000,42,22,20
2014-08-03T23:00:00.000,17,6,11
2014-08-04T00:00:00.000,17,7,10
2014-08-04T01:00:00.000,9,4,5
2014-08-04T02:00:00.000,4,1,3
2014-08-04T03:00:00.000,6,3,3
2014-08-04T04:00:00.000,10,7,3
2014-08-04T05:00:00.000,52,28,24
2014-08-04T06:00:00.000,165,111,54
2014-08-04T07:00:00.000,439,315,124
2014-08-04T08:00:00.000,606,421,185
2014-08-04T09:00:00.000,326,204,122
2014-08-04T10:00:00.000,139,79,60
2014-08-04T11:00:00.000,88,47,41
2014-08-04T12:00:00.000,96,54,42
2014-08-04T13:00:00.000,107,61,46
2014-08-04T14:00:00.000,146,90,56
2014-08-04T15:00:00.000,178,80,98
2014-08-04T16:00:00.000,357,131,226
2014-08-04T17:00:00.000,748,209,539
2014-08-04T18:00:00.000,531,181,350
2014-08-04T19:00:00.000,303,121,182
2014-08-04T20:00:00.000,156,59,97
2014-08-04T21:00:00.000,99,49,50
2014-08-04T22:00:00.000,67,26,41
2014-08-04T23:00:00.000,41,11,30
2014-08-05T00:00:00.000,24,8,16
2014-08-05T01:00:00.000,7,4,3
2014-08-05T02:00:00.000,3,2,1
2014-08-05T03:00:00.000,6,2,4
2014-08-05T04:00:00.000,6,1,5
2014-08-05T05:00:00.000,55,38,17
2014-08-05T06:00:00.000,186,125,61
2014-08-05T07:00:00.000,463,344,119
2014-08-05T08:00:00.000,637,440,197
2014-08-05T09:00:00.000,308,179,129
2014-08-05T10:00:00.000,120,57,63
2014-08-05T11:00:00.000,138,69,69
2014-08-05T12:00:00.000,121,60,61
2014-08-05T13:00:00.000,124,65,59
2014-08-05T14:00:00.000,130,72,58
2014-08-05T15:00:00.000,170,81,89
2014-08-05T16:00:00.000,378,141,237
2014-08-05T17:00:00.000,743,210,533
2014-08-05T18:00:00.000,493,196,297
2014-08-05T19:00:00.000,332,112,220
2014-08-05T20:00:00.000,177,86,91
2014-08-05T21:00:00.000,95,50,45
2014-08-05T22:00:00.000,57,27,30
2014-08-05T23:00:00.000,46,23,23
2014-08-06T00:00:00.000,33,15,18
2014-08-06T01:00:00.000,11,4,7
2014-08-06T02:00:00.000,3,0,3
2014-08-06T03:00:00.000,5,2,3
2014-08-06T04:00:00.000,14,7,7
2014-08-06T05:00:00.000,41,24,17
2014-08-06T06:00:00.000,177,116,61
2014-08-06T07:00:00.000,418,302,116
2014-08-06T08:00:00.000,579,392,187
2014-08-06T09:00:00.000,320,204,116
2014-08-06T10:00:00.000,131,79,52
2014-08-06T11:00:00.000,125,64,61
2014-08-06T12:00:00.000,127,77,50
2014-08-06T13:00:00.000,134,57,77
2014-08-06T14:00:00.000,140,62,78
2014-08-06T15:00:00.000,188,85,103
2014-08-06T16:00:00.000,382,159,223
2014-08-06T17:00:00.000,727,228,499
2014-08-06T18:00:00.000,545,184,361
2014-08-06T19:00:00.000,295,132,163
2014-08-06T20:00:00.000,160,64,96
2014-08-06T21:00:00.000,117,63,54
2014-08-06T22:00:00.000,67,29,38
2014-08-06T23:00:00.000,39,18,21
2014-08-07T00:00:00.000,21,11,10
2014-08-07T01:00:00.000,4,3,1
2014-08-07T02:00:00.000,5,2,3
2014-08-07T03:00:00.000,6,2,4
2014-08-07T04:00:00.000,11,5,6
2014-08-07T05:00:00.000,53,37,16
2014-08-07T06:00:00.000,156,101,55
2014-08-07T07:00:00.000,415,305,110
2014-08-07T08:00:00.000,593,410,183
2014-08-07T09:00:00.000,323,199,124
2014-08-07T10:00:00.000,132,76,56
2014-08-07T11:00:00.000,74,30,44
2014-08-07T12:00:00.000,108,47,61
2014-08-07T13:00:00.000,97,41,56
2014-08-07T14:00:00.000,118,53,65
2014-08-07T15:00:00.000,194,93,101
2014-08-07T16:00:00.000,337,124,213
2014-08-07T17:00:00.000,697,225,472
2014-08-07T18:00:00.000,539,219,320
2014-08-07T19:00:00.000,275,108,167
2014-08-07T20:00:00.000,183,88,95
2014-08-07T21:00:00.000,100,37,63
2014-08-07T22:00:00.000,63,31,32
2014-08-07T23:00:00.000,49,14,35
2014-08-08T00:00:00.000,25,9,16
2014-08-08T01:00:00.000,11,5,6
2014-08-08T02:00:00.000,4,3,1
2014-08-08T03:00:00.000,6,0,6
2014-08-08T04:00:00.000,8,3,5
2014-08-08T05:00:00.000,43,27,16
2014-08-08T06:00:00.000,137,85,52
2014-08-08T07:00:00.000,295,193,102
2014-08-08T08:00:00.000,400,255,145
2014-08-08T09:00:00.000,259,154,105
2014-08-08T10:00:00.000,107,44,63
2014-08-08T11:00:00.000,106,43,63
2014-08-08T12:00:00.000,133,69,64
2014-08-08T13:00:00.000,159,84,75
2014-08-08T14:00:00.000,156,61,95
2014-08-08T15:00:00.000,201,100,101
2014-08-08T16:00:00.000,358,148,210
2014-08-08T17:00:00.000,586,189,397
2014-08-08T18:00:00.000,406,174,232
2014-08-08T19:00:00.000,209,100,109
2014-08-08T20:00:00.000,133,67,66
2014-08-08T21:00:00.000,93,48,45
2014-08-08T22:00:00.000,67,21,46
2014-08-08T23:00:00.000,54,19,35
2014-08-09T00:00:00.000,25,6,19
2014-08-09T01:00:00.000,18,10,8
2014-08-09T02:00:00.000,10,2,8
2014-08-09T03:00:00.000,6,5,1
2014-08-09T04:00:00.000,4,0,4
2014-08-09T05:00:00.000,11,5,6
2014-08-09T06:00:00.000,29,15,14
2014-08-09T07:00:00.000,57,29,28
2014-08-09T08:00:00.000,123,71,52
2014-08-09T09:00:00.000,174,114,60
2014-08-09T10:00:00.000,166,97,69
2014-08-09T11:00:00.000,180,101,79
2014-08-09T12:00:00.000,195,97,98
2014-08-09T13:00:00.000,214,111,103
2014-08-09T14:00:00.000,210,102,108
2014-08-09T15:00:00.000,199,114,85
2014-08-09T16:00:00.000,185,93,92
2014-08-09T17:00:00.000,139,80,59
2014-08-09T18:00:00.000,155,83,72
2014-08-09T19:00:00.000,117,46,71
2014-08-09T20:00:00.000,86,43,43
2014-08-09T21:00:00.000,54,33,21
2014-08-09T22:00:00.000,43,18,25
2014-08-09T23:00:00.000,29,14,15
2014-08-10T00:00:00.000,25,7,18
2014-08-10T01:00:00.000,18,10,8
2014-08-10T02:00:00.000,6,1,5
2014-08-10T03:00:00.000,6,5,1
2014-08-10T04:00:00.000,5,2,3
2014-08-10T05:00:00.000,6,2,4
2014-08-10T06:00:00.000,31,16,15
2014-08-10T07:00:00.000,67,40,27
2014-08-10T08:00:00.000,109,50,59
2014-08-10T09:00:00.000,139,64,75
2014-08-10T10:00:00.000,174,102,72
2014-08-10T11:00:00.000,175,103,72
2014-08-10T12:00:00.000,184,100,84
2014-08-10T13:00:00.000,232,134,98
2014-08-10T14:00:00.000,215,123,92
2014-08-10T15:00:00.000,208,107,101
2014-08-10T16:00:00.000,194,99,95
2014-08-10T17:00:00.000,154,76,78
2014-08-10T18:00:00.000,149,90,59
2014-08-10T19:00:00.000,152,67,85
2014-08-10T20:00:00.000,135,93,42
2014-08-10T21:00:00.000,81,47,34
2014-08-10T22:00:00.000,55,25,30
2014-08-10T23:00:00.000,30,17,13
2014-08-11T00:00:00.000,14,5,9
2014-08-11T01:00:00.000,16,8,8
2014-08-11T02:00:00.000,1,1,0
2014-08-11T03:00:00.000,6,2,4
2014-08-11T04:00:00.000,9,5,4
2014-08-11T05:00:00.000,52,33,19
2014-08-11T06:00:00.000,160,107,53
2014-08-11T07:00:00.000,415,312,103
2014-08-11T08:00:00.000,602,414,188
2014-08-11T09:00:00.000,276,179,97
2014-08-11T10:00:00.000,139,80,59
2014-08-11T11:00:00.000,104,59,45
2014-08-11T12:00:00.000,103,50,53
2014-08-11T13:00:00.000,106,49,57
2014-08-11T14:00:00.000,127,66,61
2014-08-11T15:00:00.000,165,57,108
2014-08-11T16:00:00.000,312,99,213
2014-08-11T17:00:00.000,621,158,463
2014-08-11T18:00:00.000,510,190,320
2014-08-11T19:00:00.000,233,100,133
2014-08-11T20:00:00.000,200,73,127
2014-08-11T21:00:00.000,68,32,36
2014-08-11T22:00:00.000,51,14,37
2014-08-11T23:00:00.000,35,17,18
2014-08-12T00:00:00.000,13,5,8
2014-08-12T01:00:00.000,4,2,2
2014-08-12T02:00:00.000,7,5,2
2014-08-12T03:00:00.000,4,1,3
2014-08-12T04:00:00.000,10,6,4
2014-08-12T05:00:00.000,39,30,9
2014-08-12T06:00:00.000,154,105,49
2014-08-12T07:00:00.000,414,316,98
2014-08-12T08:00:00.000,480,327,153
2014-08-12T09:00:00.000,257,150,107
2014-08-12T10:00:00.000,92,51,41
2014-08-12T11:00:00.000,80,46,34
2014-08-12T12:00:00.000,63,33,30
2014-08-12T13:00:00.000,89,48,41
2014-08-12T14:00:00.000,95,46,49
2014-08-12T15:00:00.000,134,64,70
2014-08-12T16:00:00.000,322,111,211
2014-08-12T17:00:00.000,580,186,394
2014-08-12T18:00:00.000,460,159,301
2014-08-12T19:00:00.000,229,97,132
2014-08-12T20:00:00.000,116,47,69
2014-08-12T21:00:00.000,57,25,32
2014-08-12T22:00:00.000,40,15,25
2014-08-12T23:00:00.000,28,14,14
2014-08-13T00:00:00.000,14,6,8
2014-08-13T01:00:00.000,5,2,3
2014-08-13T02:00:00.000,1,0,1
2014-08-13T03:00:00.000,8,5,3
2014-08-13T04:00:00.000,1,0,1
2014-08-13T05:00:00.000,26,21,5
2014-08-13T06:00:00.000,103,65,38
2014-08-13T07:00:00.000,277,192,85
2014-08-13T08:00:00.000,434,299,135
2014-08-13T09:00:00.000,225,135,90
2014-08-13T10:00:00.000,99,52,47
2014-08-13T11:00:00.000,75,48,27
2014-08-13T12:00:00.000,71,41,30
2014-08-13T13:00:00.000,82,49,33
2014-08-13T14:00:00.000,85,39,46
2014-08-13T15:00:00.000,133,60,73
2014-08-13T16:00:00.000,258,103,155
2014-08-13T17:00:00.000,499,147,352
2014-08-13T18:00:00.000,430,153,277
2014-08-13T19:00:00.000,190,76,114
2014-08-13T20:00:00.000,129,52,77
2014-08-13T21:00:00.000,69,33,36
2014-08-13T22:00:00.000,56,30,26
2014-08-13T23:00:00.000,16,5,11
2014-08-14T00:00:00.000,15,7,8
2014-08-14T01:00:00.000,9,3,6
2014-08-14T02:00:00.000,6,3,3
2014-08-14T03:00:00.000,4,1,3
2014-08-14T04:00:00.000,8,6,2
2014-08-14T05:00:00.000,36,23,13
2014-08-14T06:00:00.000,158,105,53
2014-08-14T07:00:00.000,381,273,108
2014-08-14T08:00:00.000,516,359,157
2014-08-14T09:00:00.000,310,196,114
2014-08-14T10:00:00.000,127,67,60
2014-08-14T11:00:00.000,82,45,37
2014-08-14T12:00:00.000,120,56,64
2014-08-14T13:00:00.000,113,56,57
2014-08-14T14:00:00.000,114,54,60
2014-08-14T15:00:00.000,149,65,84
2014-08-14T16:00:00.000,251,99,152
2014-08-14T17:00:00.000,597,177,420
2014-08-14T18:00:00.000,479,176,303
2014-08-14T19:00:00.000,229,89,140
2014-08-14T20:00:00.000,146,64,82
2014-08-14T21:00:00.000,84,36,48
2014-08-14T22:00:00.000,64,33,31
2014-08-14T23:00:00.000,31,16,15
2014-08-15T00:00:00.000,16,4,12
2014-08-15T01:00:00.000,11,4,7
2014-08-15T02:00:00.000,6,2,4
2014-08-15T03:00:00.000,3,0,3
2014-08-15T04:00:00.000,13,5,8
2014-08-15T05:00:00.000,52,31,21
2014-08-15T06:00:00.000,141,87,54
2014-08-15T07:00:00.000,290,202,88
2014-08-15T08:00:00.000,372,254,118
2014-08-15T09:00:00.000,183,105,78
2014-08-15T10:00:00.000,89,53,36
2014-08-15T11:00:00.000,70,45,25
2014-08-15T12:00:00.000,87,40,47
2014-08-15T13:00:00.000,93,41,52
2014-08-15T14:00:00.000,102,50,52
2014-08-15T15:00:00.000,166,71,95
2014-08-15T16:00:00.000,276,93,183
2014-08-15T17:00:00.000,480,154,326
2014-08-15T18:00:00.000,318,109,209
2014-08-15T19:00:00.000,138,58,80
2014-08-15T20:00:00.000,86,30,56
2014-08-15T21:00:00.000,49,17,32
2014-08-15T22:00:00.000,43,23,20
2014-08-15T23:00:00.000,38,12,26
2014-08-16T00:00:00.000,20,10,10
2014-08-16T01:00:00.000,10,3,7
2014-08-16T02:00:00.000,14,8,6
2014-08-16T03:00:00.000,11,9,2
2014-08-16T04:00:00.000,5,1,4
2014-08-16T05:00:00.000,13,6,7
2014-08-16T06:00:00.000,41,14,27
2014-08-16T07:00:00.000,61,30,31
2014-08-16T08:00:00.000,96,45,51
2014-08-16T09:00:00.000,148,82,66
2014-08-16T10:00:00.000,150,90,60
2014-08-16T11:00:00.000,190,94,96
2014-08-16T12:00:00.000,172,100,72
2014-08-16T13:00:00.000,197,113,84
2014-08-16T14:00:00.000,210,112,98
2014-08-16T15:00:00.000,221,123,98
2014-08-16T16:00:00.000,206,113,93
2014-08-16T17:00:00.000,172,77,95
2014-08-16T18:00:00.000,154,58,96
2014-08-16T19:00:00.000,118,52,66
2014-08-16T20:00:00.000,82,39,43
2014-08-16T21:00:00.000,36,12,24
2014-08-16T22:00:00.000,39,18,21
2014-08-16T23:00:00.000,18,9,9
2014-08-17T00:00:00.000,27,8,19
2014-08-17T01:00:00.000,12,3,9
2014-08-17T02:00:00.000,8,1,7
2014-08-17T03:00:00.000,4,3,1
2014-08-17T04:00:00.000,7,1,6
2014-08-17T05:00:00.000,7,4,3
2014-08-17T06:00:00.000,18,12,6
2014-08-17T07:00:00.000,46,20,26
2014-08-17T08:00:00.000,77,37,40
2014-08-17T09:00:00.000,113,49,64
2014-08-17T10:00:00.000,126,74,52
2014-08-17T11:00:00.000,196,111,85
2014-08-17T12:00:00.000,229,123,106
2014-08-17T13:00:00.000,216,129,87
2014-08-17T14:00:00.000,254,131,123
2014-08-17T15:00:00.000,236,143,93
2014-08-17T16:00:00.000,217,97,120
2014-08-17T17:00:00.000,207,116,91
2014-08-17T18:00:00.000,139,82,57
2014-08-17T19:00:00.000,99,42,57
2014-08-17T20:00:00.000,107,61,46
2014-08-17T21:00:00.000,49,20,29
2014-08-17T22:00:00.000,26,12,14
2014-08-17T23:00:00.000,26,14,12
2014-08-18T00:00:00.000,12,3,9
2014-08-18T01:00:00.000,5,4,1
2014-08-18T02:00:00.000,4,0,4
2014-08-18T03:00:00.000,5,2,3
2014-08-18T04:00:00.000,9,7,2
2014-08-18T05:00:00.000,40,25,15
2014-08-18T06:00:00.000,170,113,57
2014-08-18T07:00:00.000,461,331,130
2014-08-18T08:00:00.000,587,407,180
2014-08-18T09:00:00.000,449,201,248
2014-08-18T10:00:00.000,128,75,53
2014-08-18T11:00:00.000,105,46,59
2014-08-18T12:00:00.000,100,63,37
2014-08-18T13:00:00.000,136,60,76
2014-08-18T14:00:00.000,147,68,79
2014-08-18T15:00:00.000,172,80,92
2014-08-18T16:00:00.000,306,115,191
2014-08-18T17:00:00.000,716,201,515
2014-08-18T18:00:00.000,536,193,343
2014-08-18T19:00:00.000,257,97,160
2014-08-18T20:00:00.000,150,64,86
2014-08-18T21:00:00.000,71,32,39
2014-08-18T22:00:00.000,46,18,28
2014-08-18T23:00:00.000,24,9,15
2014-08-19T00:00:00.000,26,13,13
2014-08-19T01:00:00.000,7,4,3
2014-08-19T02:00:00.000,4,2,2
2014-08-19T03:00:00.000,7,4,3
2014-08-19T04:00:00.000,8,5,3
2014-08-19T05:00:00.000,44,32,12
2014-08-19T06:00:00.000,247,185,62
2014-08-19T07:00:00.000,472,341,131
2014-08-19T08:00:00.000,612,412,200
2014-08-19T09:00:00.000,343,200,143
2014-08-19T10:00:00.000,150,80,70
2014-08-19T11:00:00.000,143,82,61
2014-08-19T12:00:00.000,128,60,68
2014-08-19T13:00:00.000,124,62,62
2014-08-19T14:00:00.000,122,50,72
2014-08-19T15:00:00.000,194,87,107
2014-08-19T16:00:00.000,357,132,225
2014-08-19T17:00:00.000,749,229,520
2014-08-19T18:00:00.000,565,200,365
2014-08-19T19:00:00.000,294,122,172
2014-08-19T20:00:00.000,150,52,98
2014-08-19T21:00:00.000,102,47,55
2014-08-19T22:00:00.000,51,23,28
2014-08-19T23:00:00.000,35,11,24
2014-08-20T00:00:00.000,17,11,6
2014-08-20T01:00:00.000,11,3,8
2014-08-20T02:00:00.000,6,4,2
2014-08-20T03:00:00.000,5,2,3
2014-08-20T04:00:00.000,10,6,4
2014-08-20T05:00:00.000,39,27,12
2014-08-20T06:00:00.000,170,111,59
2014-08-20T07:00:00.000,463,329,134
2014-08-20T08:00:00.000,512,350,162
2014-08-20T09:00:00.000,311,177,134
2014-08-20T10:00:00.000,115,60,55
2014-08-20T11:00:00.000,102,63,39
2014-08-20T12:00:00.000,94,44,50
2014-08-20T13:00:00.000,90,42,48
2014-08-20T14:00:00.000,118,57,61
2014-08-20T15:00:00.000,182,80,102
2014-08-20T16:00:00.000,354,134,220
2014-08-20T17:00:00.000,646,190,456
2014-08-20T18:00:00.000,320,120,200
2014-08-20T19:00:00.000,241,106,135
2014-08-20T20:00:00.000,164,63,101
2014-08-20T21:00:00.000,125,48,77
2014-08-20T22:00:00.000,66,22,44
2014-08-20T23:00:00.000,28,12,16
2014-08-21T00:00:00.000,10,5,5
2014-08-21T01:00:00.000,2,2,0
2014-08-21T02:00:00.000,8,6,2
2014-08-21T03:00:00.000,5,3,2
2014-08-21T04:00:00.000,12,8,4
2014-08-21T05:00:00.000,30,18,12
2014-08-21T06:00:00.000,152,102,50
2014-08-21T07:00:00.000,418,303,115
2014-08-21T08:00:00.000,529,359,170
2014-08-21T09:00:00.000,293,177,116
2014-08-21T10:00:00.000,137,77,60
2014-08-21T11:00:00.000,97,52,45
2014-08-21T12:00:00.000,81,49,32
2014-08-21T13:00:00.000,111,49,62
2014-08-21T14:00:00.000,135,61,74
2014-08-21T15:00:00.000,182,74,108
2014-08-21T16:00:00.000,310,119,191
2014-08-21T17:00:00.000,617,197,420
2014-08-21T18:00:00.000,560,223,337
2014-08-21T19:00:00.000,286,131,155
2014-08-21T20:00:00.000,184,85,99
2014-08-21T21:00:00.000,78,32,46
2014-08-21T22:00:00.000,55,28,27
2014-08-21T23:00:00.000,32,16,16
2014-08-22T00:00:00.000,15,7,8
2014-08-22T01:00:00.000,7,4,3
2014-08-22T02:00:00.000,13,2,11
2014-08-22T03:00:00.000,3,0,3
2014-08-22T04:00:00.000,10,8,2
2014-08-22T05:00:00.000,33,18,15
2014-08-22T06:00:00.000,132,91,41
2014-08-22T07:00:00.000,355,256,99
2014-08-22T08:00:00.000,463,308,155
2014-08-22T09:00:00.000,301,168,133
2014-08-22T10:00:00.000,129,71,58
2014-08-22T11:00:00.000,101,50,51
2014-08-22T12:00:00.000,133,70,63
2014-08-22T13:00:00.000,144,67,77
2014-08-22T14:00:00.000,138,67,71
2014-08-22T15:00:00.000,185,93,92
2014-08-22T16:00:00.000,337,117,220
2014-08-22T17:00:00.000,534,171,363
2014-08-22T18:00:00.000,380,140,240
2014-08-22T19:00:00.000,164,70,94
2014-08-22T20:00:00.000,105,32,73
2014-08-22T21:00:00.000,57,23,34
2014-08-22T22:00:00.000,64,27,37
2014-08-22T23:00:00.000,32,13,19
2014-08-23T00:00:00.000,31,9,22
2014-08-23T01:00:00.000,21,8,13
2014-08-23T02:00:00.000,13,9,4
2014-08-23T03:00:00.000,3,1,2
2014-08-23T04:00:00.000,4,2,2
2014-08-23T05:00:00.000,15,8,7
2014-08-23T06:00:00.000,26,13,13
2014-08-23T07:00:00.000,61,36,25
2014-08-23T08:00:00.000,107,63,44
2014-08-23T09:00:00.000,132,79,53
2014-08-23T10:00:00.000,239,178,61
2014-08-23T11:00:00.000,143,77,66
2014-08-23T12:00:00.000,201,123,78
2014-08-23T13:00:00.000,197,86,111
2014-08-23T14:00:00.000,185,84,101
2014-08-23T15:00:00.000,202,94,108
2014-08-23T16:00:00.000,220,109,111
2014-08-23T17:00:00.000,166,103,63
2014-08-23T18:00:00.000,173,83,90
2014-08-23T19:00:00.000,107,57,50
2014-08-23T20:00:00.000,76,36,40
2014-08-23T21:00:00.000,56,20,36
2014-08-23T22:00:00.000,20,10,10
2014-08-23T23:00:00.000,32,15,17
2014-08-24T00:00:00.000,18,4,14
2014-08-24T01:00:00.000,20,10,10
2014-08-24T02:00:00.000,10,8,2
2014-08-24T03:00:00.000,8,6,2
2014-08-24T04:00:00.000,5,4,1
2014-08-24T05:00:00.000,14,10,4
2014-08-24T06:00:00.000,21,9,12
2014-08-24T07:00:00.000,42,24,18
2014-08-24T08:00:00.000,84,47,37
2014-08-24T09:00:00.000,109,61,48
2014-08-24T10:00:00.000,190,104,86
2014-08-24T11:00:00.000,188,110,78
2014-08-24T12:00:00.000,192,92,100
2014-08-24T13:00:00.000,211,115,96
2014-08-24T14:00:00.000,197,105,92
2014-08-24T15:00:00.000,196,103,93
2014-08-24T16:00:00.000,252,129,123
2014-08-24T17:00:00.000,176,88,88
2014-08-24T18:00:00.000,177,89,88
2014-08-24T19:00:00.000,128,71,57
2014-08-24T20:00:00.000,77,38,39
2014-08-24T21:00:00.000,53,34,19
2014-08-24T22:00:00.000,37,14,23
2014-08-24T23:00:00.000,14,6,8
2014-08-25T00:00:00.000,9,3,6
2014-08-25T01:00:00.000,7,2,5
2014-08-25T02:00:00.000,6,1,5
2014-08-25T03:00:00.000,4,2,2
2014-08-25T04:00:00.000,7,5,2
2014-08-25T05:00:00.000,56,35,21
2014-08-25T06:00:00.000,187,124,63
2014-08-25T07:00:00.000,490,377,113
2014-08-25T08:00:00.000,686,519,167
2014-08-25T09:00:00.000,366,229,137
2014-08-25T10:00:00.000,121,63,58
2014-08-25T11:00:00.000,114,73,41
2014-08-25T12:00:00.000,99,55,44
2014-08-25T13:00:00.000,131,61,70
2014-08-25T14:00:00.000,127,54,73
2014-08-25T15:00:00.000,179,78,101
2014-08-25T16:00:00.000,356,130,226
2014-08-25T17:00:00.000,769,192,577
2014-08-25T18:00:00.000,637,214,423
2014-08-25T19:00:00.000,324,129,195
2014-08-25T20:00:00.000,146,60,86
2014-08-25T21:00:00.000,73,34,39
2014-08-25T22:00:00.000,58,25,33
2014-08-25T23:00:00.000,31,14,17
2014-08-26T00:00:00.000,18,4,14
2014-08-26T01:00:00.000,6,2,4
2014-08-26T02:00:00.000,10,5,5
2014-08-26T03:00:00.000,3,2,1
2014-08-26T04:00:00.000,13,8,5
2014-08-26T05:00:00.000,46,33,13
2014-08-26T06:00:00.000,210,152,58
2014-08-26T07:00:00.000,595,471,124
2014-08-26T08:00:00.000,758,532,226
2014-08-26T09:00:00.000,363,230,133
2014-08-26T10:00:00.000,163,82,81
2014-08-26T11:00:00.000,108,59,49
2014-08-26T12:00:00.000,143,71,72
2014-08-26T13:00:00.000,126,54,72
2014-08-26T14:00:00.000,111,56,55
2014-08-26T15:00:00.000,194,78,116
2014-08-26T16:00:00.000,408,135,273
2014-08-26T17:00:00.000,877,238,639
2014-08-26T18:00:00.000,629,202,427
2014-08-26T19:00:00.000,369,127,242
2014-08-26T20:00:00.000,193,92,101
2014-08-26T21:00:00.000,95,41,54
2014-08-26T22:00:00.000,72,39,33
2014-08-26T23:00:00.000,41,14,27
2014-08-27T00:00:00.000,22,8,14
2014-08-27T01:00:00.000,9,6,3
2014-08-27T02:00:00.000,5,2,3
2014-08-27T03:00:00.000,8,3,5
2014-08-27T04:00:00.000,16,14,2
2014-08-27T05:00:00.000,40,25,15
2014-08-27T06:00:00.000,178,125,53
2014-08-27T07:00:00.000,511,384,127
2014-08-27T08:00:00.000,677,477,200
2014-08-27T09:00:00.000,326,198,128
2014-08-27T10:00:00.000,118,63,55
2014-08-27T11:00:00.000,147,79,68
2014-08-27T12:00:00.000,110,53,57
2014-08-27T13:00:00.000,93,47,46
2014-08-27T14:00:00.000,148,57,91
2014-08-27T15:00:00.000,173,75,98
2014-08-27T16:00:00.000,394,150,244
2014-08-27T17:00:00.000,743,212,531
2014-08-27T18:00:00.000,610,229,381
2014-08-27T19:00:00.000,326,124,202
2014-08-27T20:00:00.000,183,69,114
2014-08-27T21:00:00.000,105,57,48
2014-08-27T22:00:00.000,62,26,36
2014-08-27T23:00:00.000,42,18,24
2014-08-28T00:00:00.000,20,10,10
2014-08-28T01:00:00.000,10,7,3
2014-08-28T02:00:00.000,3,1,2
2014-08-28T03:00:00.000,7,4,3
2014-08-28T04:00:00.000,13,8,5
2014-08-28T05:00:00.000,40,29,11
2014-08-28T06:00:00.000,172,109,63
2014-08-28T07:00:00.000,426,314,112
2014-08-28T08:00:00.000,561,403,158
2014-08-28T09:00:00.000,339,211,128
2014-08-28T10:00:00.000,112,60,52
2014-08-28T11:00:00.000,122,62,60
2014-08-28T12:00:00.000,110,55,55
2014-08-28T13:00:00.000,97,49,48
2014-08-28T14:00:00.000,113,55,58
2014-08-28T15:00:00.000,158,83,75
2014-08-28T16:00:00.000,346,125,221
2014-08-28T17:00:00.000,661,208,453
2014-08-28T18:00:00.000,509,184,325
2014-08-28T19:00:00.000,252,86,166
2014-08-28T20:00:00.000,153,62,91
2014-08-28T21:00:00.000,98,38,60
2014-08-28T22:00:00.000,49,23,26
2014-08-28T23:00:00.000,38,22,16
2014-08-29T00:00:00.000,12,4,8
2014-08-29T01:00:00.000,7,2,5
2014-08-29T02:00:00.000,4,3,1
2014-08-29T03:00:00.000,5,1,4
2014-08-29T04:00:00.000,12,6,6
2014-08-29T05:00:00.000,30,15,15
2014-08-29T06:00:00.000,105,70,35
2014-08-29T07:00:00.000,288,203,85
2014-08-29T08:00:00.000,414,285,129
2014-08-29T09:00:00.000,239,146,93
2014-08-29T10:00:00.000,119,73,46
2014-08-29T11:00:00.000,93,39,54
2014-08-29T12:00:00.000,83,48,35
2014-08-29T13:00:00.000,107,49,58
2014-08-29T14:00:00.000,114,55,59
2014-08-29T15:00:00.000,156,62,94
2014-08-29T16:00:00.000,305,103,202
2014-08-29T17:00:00.000,414,130,284
2014-08-29T18:00:00.000,316,102,214
2014-08-29T19:00:00.000,154,72,82
2014-08-29T20:00:00.000,94,36,58
2014-08-29T21:00:00.000,46,22,24
2014-08-29T22:00:00.000,38,11,27
2014-08-29T23:00:00.000,33,9,24
2014-08-30T00:00:00.000,16,9,7
2014-08-30T01:00:00.000,11,4,7
2014-08-30T02:00:00.000,5,4,1
2014-08-30T03:00:00.000,6,4,2
2014-08-30T04:00:00.000,2,1,1
2014-08-30T05:00:00.000,6,2,4
2014-08-30T06:00:00.000,20,12,8
2014-08-30T07:00:00.000,35,20,15
2014-08-30T08:00:00.000,46,26,20
2014-08-30T09:00:00.000,54,33,21
2014-08-30T10:00:00.000,33,16,17
2014-08-30T11:00:00.000,39,19,20
2014-08-30T12:00:00.000,58,38,20
2014-08-30T13:00:00.000,53,28,25
2014-08-30T14:00:00.000,54,33,21
2014-08-30T15:00:00.000,52,26,26
2014-08-30T16:00:00.000,77,40,37
2014-08-30T17:00:00.000,73,42,31
2014-08-30T18:00:00.000,63,24,39
2014-08-30T19:00:00.000,44,27,17
2014-08-30T20:00:00.000,28,11,17
2014-08-30T21:00:00.000,32,17,15
2014-08-30T22:00:00.000,31,15,16
2014-08-30T23:00:00.000,21,5,16
2014-08-31T00:00:00.000,6,2,4
2014-08-31T01:00:00.000,5,2,3
2014-08-31T02:00:00.000,3,0,3
2014-08-31T03:00:00.000,2,2,0
2014-08-31T04:00:00.000,7,4,3
2014-08-31T05:00:00.000,10,6,4
2014-08-31T06:00:00.000,10,7,3
2014-08-31T07:00:00.000,23,8,15
2014-08-31T08:00:00.000,44,28,16
2014-08-31T09:00:00.000,80,45,35
2014-08-31T10:00:00.000,95,56,39
2014-08-31T11:00:00.000,117,66,51
2014-08-31T12:00:00.000,179,99,80
2014-08-31T13:00:00.000,155,81,74
2014-08-31T14:00:00.000,167,99,68
2014-08-31T15:00:00.000,202,104,98
2014-08-31T16:00:00.000,161,93,68
2014-08-31T17:00:00.000,150,79,71
2014-08-31T18:00:00.000,117,53,64
2014-08-31T19:00:00.000,104,47,57
2014-08-31T20:00:00.000,55,32,23
2014-08-31T21:00:00.000,43,13,30
2014-08-31T22:00:00.000,44,14,30
2014-08-31T23:00:00.000,41,11,30
2014-09-01T00:00:00.000,26,4,22
2014-09-01T01:00:00.000,4,2,2
2014-09-01T02:00:00.000,9,5,4
2014-09-01T03:00:00.000,2,1,1
2014-09-01T04:00:00.000,5,2,3
2014-09-01T05:00:00.000,8,4,4
2014-09-01T06:00:00.000,14,7,7
2014-09-01T07:00:00.000,36,22,14
2014-09-01T08:00:00.000,66,35,31
2014-09-01T09:00:00.000,114,60,54
2014-09-01T10:00:00.000,85,53,32
2014-09-01T11:00:00.000,160,89,71
2014-09-01T12:00:00.000,197,115,82
2014-09-01T13:00:00.000,251,139,112
2014-09-01T14:00:00.000,229,131,98
2014-09-01T15:00:00.000,259,142,117
2014-09-01T16:00:00.000,242,133,109
2014-09-01T17:00:00.000,223,116,107
2014-09-01T18:00:00.000,133,66,67
2014-09-01T19:00:00.000,101,55,46
2014-09-01T20:00:00.000,75,33,42
2014-09-01T21:00:00.000,49,22,27
2014-09-01T22:00:00.000,39,13,26
2014-09-01T23:00:00.000,29,7,22
2014-09-02T00:00:00.000,18,7,11
2014-09-02T01:00:00.000,7,1,6
2014-09-02T02:00:00.000,2,2,0
2014-09-02T03:00:00.000,4,4,0
2014-09-02T04:00:00.000,12,6,6
2014-09-02T05:00:00.000,41,28,13
2014-09-02T06:00:00.000,133,91,42
2014-09-02T07:00:00.000,366,282,84
2014-09-02T08:00:00.000,512,376,136
2014-09-02T09:00:00.000,258,162,96
2014-09-02T10:00:00.000,113,65,48
2014-09-02T11:00:00.000,87,46,41
2014-09-02T12:00:00.000,82,47,35
2014-09-02T13:00:00.000,87,40,47
2014-09-02T14:00:00.000,103,35,68
2014-09-02T15:00:00.000,130,56,74
2014-09-02T16:00:00.000,271,110,161
2014-09-02T17:00:00.000,533,163,370
2014-09-02T18:00:00.000,415,165,250
2014-09-02T19:00:00.000,161,57,104
2014-09-02T20:00:00.000,92,35,57
2014-09-02T21:00:00.000,30,11,19
2014-09-02T22:00:00.000,25,12,13
2014-09-02T23:00:00.000,11,3,8
2014-09-03T00:00:00.000,7,5,2
2014-09-03T01:00:00.000,3,1,2
2014-09-03T02:00:00.000,2,1,1
2014-09-03T03:00:00.000,6,1,5
2014-09-03T04:00:00.000,9,5,4
2014-09-03T05:00:00.000,32,25,7
2014-09-03T06:00:00.000,153,105,48
2014-09-03T07:00:00.000,406,307,99
2014-09-03T08:00:00.000,535,389,146
2014-09-03T09:00:00.000,251,232,19
2014-09-03T10:00:00.000,137,128,9
2014-09-03T11:00:00.000,78,0,78
2014-09-03T12:00:00.000,72,3,69
2014-09-03T13:00:00.000,96,52,44
2014-09-03T14:00:00.000,128,66,62
2014-09-03T15:00:00.000,168,84,84
2014-09-03T16:00:00.000,300,116,184
2014-09-03T17:00:00.000,635,176,459
2014-09-03T18:00:00.000,554,211,343
2014-09-03T19:00:00.000,276,115,161
2014-09-03T20:00:00.000,143,74,69
2014-09-03T21:00:00.000,66,30,36
2014-09-03T22:00:00.000,52,35,17
2014-09-03T23:00:00.000,12,3,9
2014-09-04T00:00:00.000,24,7,17
2014-09-04T01:00:00.000,10,4,6
2014-09-04T02:00:00.000,10,4,6
2014-09-04T03:00:00.000,4,1,3
2014-09-04T04:00:00.000,12,10,2
2014-09-04T05:00:00.000,49,34,15
2014-09-04T06:00:00.000,160,120,40
2014-09-04T07:00:00.000,548,414,134
2014-09-04T08:00:00.000,645,475,170
2014-09-04T09:00:00.000,335,205,130
2014-09-04T10:00:00.000,126,76,50
2014-09-04T11:00:00.000,115,60,55
2014-09-04T12:00:00.000,135,72,63
2014-09-04T13:00:00.000,138,68,70
2014-09-04T14:00:00.000,164,77,87
2014-09-04T15:00:00.000,225,100,125
2014-09-04T16:00:00.000,438,152,286
2014-09-04T17:00:00.000,778,240,538
2014-09-04T18:00:00.000,470,146,324
2014-09-04T19:00:00.000,227,81,146
2014-09-04T20:00:00.000,123,63,60
2014-09-04T21:00:00.000,99,31,68
2014-09-04T22:00:00.000,74,25,49
2014-09-04T23:00:00.000,31,13,18
2014-09-05T00:00:00.000,23,10,13
2014-09-05T01:00:00.000,5,3,2
2014-09-05T02:00:00.000,6,5,1
2014-09-05T03:00:00.000,6,4,2
2014-09-05T04:00:00.000,18,13,5
2014-09-05T05:00:00.000,27,19,8
2014-09-05T06:00:00.000,143,91,52
2014-09-05T07:00:00.000,361,266,95
2014-09-05T08:00:00.000,559,410,149
2014-09-05T09:00:00.000,271,152,119
2014-09-05T10:00:00.000,141,71,70
2014-09-05T11:00:00.000,111,68,43
2014-09-05T12:00:00.000,108,58,50
2014-09-05T13:00:00.000,129,59,70
2014-09-05T14:00:00.000,164,76,88
2014-09-05T15:00:00.000,240,108,132
2014-09-05T16:00:00.000,372,147,225
2014-09-05T17:00:00.000,592,187,405
2014-09-05T18:00:00.000,432,173,259
2014-09-05T19:00:00.000,239,98,141
2014-09-05T20:00:00.000,112,39,73
2014-09-05T21:00:00.000,53,34,19
2014-09-05T22:00:00.000,48,20,28
2014-09-05T23:00:00.000,27,11,16
2014-09-06T00:00:00.000,8,4,4
2014-09-06T01:00:00.000,14,0,14
2014-09-06T02:00:00.000,2,1,1
2014-09-06T03:00:00.000,0,0,0
2014-09-06T04:00:00.000,0,0,0
2014-09-06T05:00:00.000,17,2,15
2014-09-06T06:00:00.000,20,7,13
2014-09-06T07:00:00.000,73,37,36
2014-09-06T08:00:00.000,99,62,37
2014-09-06T09:00:00.000,124,78,46
2014-09-06T10:00:00.000,149,72,77
2014-09-06T11:00:00.000,203,91,112
2014-09-06T12:00:00.000,194,115,79
2014-09-06T13:00:00.000,197,102,95
2014-09-06T14:00:00.000,190,104,86
2014-09-06T15:00:00.000,211,115,96
2014-09-06T16:00:00.000,229,113,116
2014-09-06T17:00:00.000,191,121,70
2014-09-06T18:00:00.000,139,72,67
2014-09-06T19:00:00.000,125,56,69
2014-09-06T20:00:00.000,51,27,24
2014-09-06T21:00:00.000,67,39,28
2014-09-06T22:00:00.000,57,43,14
2014-09-06T23:00:00.000,40,6,34
2014-09-07T00:00:00.000,10,7,3
2014-09-07T01:00:00.000,0,0,0
2014-09-07T02:00:00.000,3,0,3
2014-09-07T03:00:00.000,3,2,1
2014-09-07T04:00:00.000,0,0,0
2014-09-07T05:00:00.000,4,3,1
2014-09-07T06:00:00.000,15,8,7
2014-09-07T07:00:00.000,43,18,25
2014-09-07T08:00:00.000,77,43,34
2014-09-07T09:00:00.000,132,68,64
2014-09-07T10:00:00.000,131,59,72
2014-09-07T11:00:00.000,167,114,53
2014-09-07T12:00:00.000,205,119,86
2014-09-07T13:00:00.000,226,109,117
2014-09-07T14:00:00.000,203,119,84
2014-09-07T15:00:00.000,189,104,85
2014-09-07T16:00:00.000,205,107,98
2014-09-07T17:00:00.000,172,94,78
2014-09-07T18:00:00.000,129,68,61
2014-09-07T19:00:00.000,117,73,44
2014-09-07T20:00:00.000,91,48,43
2014-09-07T21:00:00.000,37,17,20
2014-09-07T22:00:00.000,30,13,17
2014-09-07T23:00:00.000,25,11,14
2014-09-08T00:00:00.000,11,2,9
2014-09-08T01:00:00.000,5,4,1
2014-09-08T02:00:00.000,1,1,0
2014-09-08T03:00:00.000,6,4,2
2014-09-08T04:00:00.000,14,10,4
2014-09-08T05:00:00.000,47,35,12
2014-09-08T06:00:00.000,150,96,54
2014-09-08T07:00:00.000,423,310,113
2014-09-08T08:00:00.000,569,386,183
2014-09-08T09:00:00.000,262,238,24
2014-09-08T10:00:00.000,102,102,0
2014-09-08T11:00:00.000,86,86,0
2014-09-08T12:00:00.000,62,62,0
2014-09-08T13:00:00.000,58,58,0
2014-09-08T14:00:00.000,90,80,10
2014-09-08T15:00:00.000,125,54,71
2014-09-08T16:00:00.000,313,121,192
2014-09-08T17:00:00.000,665,201,464
2014-09-08T18:00:00.000,446,145,301
2014-09-08T19:00:00.000,183,67,116
2014-09-08T20:00:00.000,83,38,45
2014-09-08T21:00:00.000,51,26,25
2014-09-08T22:00:00.000,40,17,23
2014-09-08T23:00:00.000,17,8,9
2014-09-09T00:00:00.000,8,4,4
2014-09-09T01:00:00.000,8,4,4
2014-09-09T02:00:00.000,5,4,1
2014-09-09T03:00:00.000,6,3,3
2014-09-09T04:00:00.000,11,9,2
2014-09-09T05:00:00.000,44,27,17
2014-09-09T06:00:00.000,143,100,43
2014-09-09T07:00:00.000,426,311,115
2014-09-09T08:00:00.000,572,409,163
2014-09-09T09:00:00.000,238,225,13
2014-09-09T10:00:00.000,94,94,0
2014-09-09T11:00:00.000,72,72,0
2014-09-09T12:00:00.000,55,54,1
2014-09-09T13:00:00.000,66,66,0
2014-09-09T14:00:00.000,85,85,0
2014-09-09T15:00:00.000,169,97,72
2014-09-09T16:00:00.000,314,115,199
2014-09-09T17:00:00.000,641,196,445
2014-09-09T18:00:00.000,513,199,314
2014-09-09T19:00:00.000,237,92,145
2014-09-09T20:00:00.000,119,53,66
2014-09-09T21:00:00.000,78,30,48
2014-09-09T22:00:00.000,53,24,29
2014-09-09T23:00:00.000,31,9,22
2014-09-10T00:00:00.000,16,8,8
2014-09-10T01:00:00.000,9,3,6
2014-09-10T02:00:00.000,15,12,3
2014-09-10T03:00:00.000,7,5,2
2014-09-10T04:00:00.000,9,4,5
2014-09-10T05:00:00.000,42,30,12
2014-09-10T06:00:00.000,141,90,51
2014-09-10T07:00:00.000,405,292,113
2014-09-10T08:00:00.000,588,411,177
2014-09-10T09:00:00.000,202,32,170
2014-09-10T10:00:00.000,104,4,100
2014-09-10T11:00:00.000,62,0,62
2014-09-10T12:00:00.000,83,0,83
2014-09-10T13:00:00.000,69,1,68
2014-09-10T14:00:00.000,88,2,86
2014-09-10T15:00:00.000,184,84,100
2014-09-10T16:00:00.000,308,120,188
2014-09-10T17:00:00.000,658,204,454
2014-09-10T18:00:00.000,510,204,306
2014-09-10T19:00:00.000,261,85,176
2014-09-10T20:00:00.000,102,45,57
2014-09-10T21:00:00.000,62,26,36
2014-09-10T22:00:00.000,61,21,40
2014-09-10T23:00:00.000,29,12,17
2014-09-11T00:00:00.000,15,5,10
2014-09-11T01:00:00.000,5,3,2
2014-09-11T02:00:00.000,3,3,0
2014-09-11T03:00:00.000,6,2,4
2014-09-11T04:00:00.000,7,5,2
2014-09-11T05:00:00.000,38,23,15
2014-09-11T06:00:00.000,137,89,48
2014-09-11T07:00:00.000,386,267,119
2014-09-11T08:00:00.000,596,427,169
2014-09-11T09:00:00.000,232,36,196
2014-09-11T10:00:00.000,88,1,87
2014-09-11T11:00:00.000,72,6,66
2014-09-11T12:00:00.000,95,52,43
2014-09-11T13:00:00.000,98,91,7
2014-09-11T14:00:00.000,100,100,0
2014-09-11T15:00:00.000,156,86,70
2014-09-11T16:00:00.000,339,129,210
2014-09-11T17:00:00.000,663,198,465
2014-09-11T18:00:00.000,495,163,332
2014-09-11T19:00:00.000,218,96,122
2014-09-11T20:00:00.000,131,63,68
2014-09-11T21:00:00.000,75,28,47
2014-09-11T22:00:00.000,54,25,29
2014-09-11T23:00:00.000,33,18,15
2014-09-12T00:00:00.000,10,6,4
2014-09-12T01:00:00.000,9,4,5
2014-09-12T02:00:00.000,7,3,4
2014-09-12T03:00:00.000,4,1,3
2014-09-12T04:00:00.000,10,6,4
2014-09-12T05:00:00.000,40,21,19
2014-09-12T06:00:00.000,110,78,32
2014-09-12T07:00:00.000,371,269,102
2014-09-12T08:00:00.000,520,359,161
2014-09-12T09:00:00.000,299,182,117
2014-09-12T10:00:00.000,138,77,61
2014-09-12T11:00:00.000,109,61,48
2014-09-12T12:00:00.000,108,60,48
2014-09-12T13:00:00.000,143,82,61
2014-09-12T14:00:00.000,124,69,55
2014-09-12T15:00:00.000,162,72,90
2014-09-12T16:00:00.000,349,136,213
2014-09-12T17:00:00.000,557,169,388
2014-09-12T18:00:00.000,379,159,220
2014-09-12T19:00:00.000,178,71,107
2014-09-12T20:00:00.000,89,36,53
2014-09-12T21:00:00.000,52,18,34
2014-09-12T22:00:00.000,76,29,47
2014-09-12T23:00:00.000,59,18,41
2014-09-13T00:00:00.000,18,3,15
2014-09-13T01:00:00.000,86,0,86
2014-09-13T02:00:00.000,7,0,7
2014-09-13T03:00:00.000,1,0,1
2014-09-13T04:00:00.000,5,0,5
2014-09-13T05:00:00.000,15,0,15
2014-09-13T06:00:00.000,14,5,9
2014-09-13T07:00:00.000,57,28,29
2014-09-13T08:00:00.000,95,38,57
2014-09-13T09:00:00.000,132,77,55
2014-09-13T10:00:00.000,151,78,73
2014-09-13T11:00:00.000,163,78,85
2014-09-13T12:00:00.000,218,128,90
2014-09-13T13:00:00.000,174,96,78
2014-09-13T14:00:00.000,156,83,73
2014-09-13T15:00:00.000,227,135,92
2014-09-13T16:00:00.000,219,124,95
2014-09-13T17:00:00.000,247,115,132
2014-09-13T18:00:00.000,138,81,57
2014-09-13T19:00:00.000,73,39,34
2014-09-13T20:00:00.000,65,40,25
2014-09-13T21:00:00.000,34,16,18
2014-09-13T22:00:00.000,44,15,29
2014-09-13T23:00:00.000,28,11,17
2014-09-14T00:00:00.000,28,6,22
2014-09-14T01:00:00.000,12,0,12
2014-09-14T02:00:00.000,8,0,8
2014-09-14T03:00:00.000,4,0,4
2014-09-14T04:00:00.000,3,0,3
2014-09-14T05:00:00.000,0,0,0
2014-09-14T06:00:00.000,19,9,10
2014-09-14T07:00:00.000,40,22,18
2014-09-14T08:00:00.000,68,47,21
2014-09-14T09:00:00.000,117,61,56
2014-09-14T10:00:00.000,129,64,65
2014-09-14T11:00:00.000,179,99,80
2014-09-14T12:00:00.000,203,107,96
2014-09-14T13:00:00.000,228,102,126
2014-09-14T14:00:00.000,160,80,80
2014-09-14T15:00:00.000,203,131,72
2014-09-14T16:00:00.000,217,101,116
2014-09-14T17:00:00.000,175,96,79
2014-09-14T18:00:00.000,144,89,55
2014-09-14T19:00:00.000,108,61,47
2014-09-14T20:00:00.000,57,29,28
2014-09-14T21:00:00.000,37,18,19
2014-09-14T22:00:00.000,24,12,12
2014-09-14T23:00:00.000,18,8,10
2014-09-15T00:00:00.000,9,5,4
2014-09-15T01:00:00.000,3,2,1
2014-09-15T02:00:00.000,3,3,0
2014-09-15T03:00:00.000,7,2,5
2014-09-15T04:00:00.000,8,6,2
2014-09-15T05:00:00.000,41,32,9
2014-09-15T06:00:00.000,132,89,43
2014-09-15T07:00:00.000,466,342,124
2014-09-15T08:00:00.000,634,450,184
2014-09-15T09:00:00.000,314,302,12
2014-09-15T10:00:00.000,120,120,0
2014-09-15T11:00:00.000,107,107,0
2014-09-15T12:00:00.000,87,87,0
2014-09-15T13:00:00.000,99,99,0
2014-09-15T14:00:00.000,96,81,15
2014-09-15T15:00:00.000,186,97,89
2014-09-15T16:00:00.000,353,142,211
2014-09-15T17:00:00.000,727,238,489
2014-09-15T18:00:00.000,563,204,359
2014-09-15T19:00:00.000,250,109,141
2014-09-15T20:00:00.000,95,30,65
2014-09-15T21:00:00.000,79,37,42
2014-09-15T22:00:00.000,43,16,27
2014-09-15T23:00:00.000,28,14,14
2014-09-16T00:00:00.000,14,9,5
2014-09-16T01:00:00.000,10,3,7
2014-09-16T02:00:00.000,8,6,2
2014-09-16T03:00:00.000,4,2,2
2014-09-16T04:00:00.000,9,7,2
2014-09-16T05:00:00.000,38,24,14
2014-09-16T06:00:00.000,160,115,45
2014-09-16T07:00:00.000,463,340,123
2014-09-16T08:00:00.000,587,413,174
2014-09-16T09:00:00.000,290,287,3
2014-09-16T10:00:00.000,111,111,0
2014-09-16T11:00:00.000,102,95,7
2014-09-16T12:00:00.000,75,3,72
2014-09-16T13:00:00.000,86,0,86
2014-09-16T14:00:00.000,132,20,112
2014-09-16T15:00:00.000,157,66,91
2014-09-16T16:00:00.000,355,146,209
2014-09-16T17:00:00.000,678,204,474
2014-09-16T18:00:00.000,546,176,370
2014-09-16T19:00:00.000,251,106,145
2014-09-16T20:00:00.000,120,49,71
2014-09-16T21:00:00.000,81,39,42
2014-09-16T22:00:00.000,39,18,21
2014-09-16T23:00:00.000,22,8,14
2014-09-17T00:00:00.000,12,7,5
2014-09-17T01:00:00.000,4,1,3
2014-09-17T02:00:00.000,2,2,0
2014-09-17T03:00:00.000,7,3,4
2014-09-17T04:00:00.000,7,4,3
2014-09-17T05:00:00.000,38,29,9
2014-09-17T06:00:00.000,147,95,52
2014-09-17T07:00:00.000,419,302,117
2014-09-17T08:00:00.000,556,414,142
2014-09-17T09:00:00.000,235,222,13
2014-09-17T10:00:00.000,83,82,1
2014-09-17T11:00:00.000,70,21,49
2014-09-17T12:00:00.000,61,0,61
2014-09-17T13:00:00.000,60,0,60
2014-09-17T14:00:00.000,121,32,89
2014-09-17T15:00:00.000,138,61,77
2014-09-17T16:00:00.000,293,106,187
2014-09-17T17:00:00.000,619,178,441
2014-09-17T18:00:00.000,442,154,288
2014-09-17T19:00:00.000,181,60,121
2014-09-17T20:00:00.000,93,30,63
2014-09-17T21:00:00.000,67,26,41
2014-09-17T22:00:00.000,48,23,25
2014-09-17T23:00:00.000,22,9,13
2014-09-18T00:00:00.000,5,0,5
2014-09-18T01:00:00.000,9,6,3
2014-09-18T02:00:00.000,5,5,0
2014-09-18T03:00:00.000,6,2,4
2014-09-18T04:00:00.000,9,5,4
2014-09-18T05:00:00.000,29,18,11
2014-09-18T06:00:00.000,123,84,39
2014-09-18T07:00:00.000,313,225,88
2014-09-18T08:00:00.000,435,308,127
2014-09-18T09:00:00.000,240,164,76
2014-09-18T10:00:00.000,97,55,42
2014-09-18T11:00:00.000,63,32,31
2014-09-18T12:00:00.000,74,41,33
2014-09-18T13:00:00.000,94,50,44
2014-09-18T14:00:00.000,94,41,53
2014-09-18T15:00:00.000,130,61,69
2014-09-18T16:00:00.000,242,79,163
2014-09-18T17:00:00.000,546,169,377
2014-09-18T18:00:00.000,382,138,244
2014-09-18T19:00:00.000,161,57,104
2014-09-18T20:00:00.000,88,33,55
2014-09-18T21:00:00.000,62,19,43
2014-09-18T22:00:00.000,42,16,26
2014-09-18T23:00:00.000,23,8,15
2014-09-19T00:00:00.000,21,10,11
2014-09-19T01:00:00.000,8,4,4
2014-09-19T02:00:00.000,3,2,1
2014-09-19T03:00:00.000,8,6,2
2014-09-19T04:00:00.000,11,5,6
2014-09-19T05:00:00.000,35,24,11
2014-09-19T06:00:00.000,111,73,38
2014-09-19T07:00:00.000,360,253,107
2014-09-19T08:00:00.000,477,322,155
2014-09-19T09:00:00.000,252,169,83
2014-09-19T10:00:00.000,137,88,49
2014-09-19T11:00:00.000,93,58,35
2014-09-19T12:00:00.000,98,48,50
2014-09-19T13:00:00.000,107,53,54
2014-09-19T14:00:00.000,148,75,73
2014-09-19T15:00:00.000,194,87,107
2014-09-19T16:00:00.000,346,134,212
2014-09-19T17:00:00.000,545,178,367
2014-09-19T18:00:00.000,350,126,224
2014-09-19T19:00:00.000,217,87,130
2014-09-19T20:00:00.000,78,32,46
2014-09-19T21:00:00.000,48,19,29
2014-09-19T22:00:00.000,58,28,30
2014-09-19T23:00:00.000,29,12,17
2014-09-20T00:00:00.000,29,16,13
2014-09-20T01:00:00.000,10,3,7
2014-09-20T02:00:00.000,11,4,7
2014-09-20T03:00:00.000,5,4,1
2014-09-20T04:00:00.000,0,0,0
2014-09-20T05:00:00.000,14,8,6
2014-09-20T06:00:00.000,15,7,8
2014-09-20T07:00:00.000,49,26,23
2014-09-20T08:00:00.000,82,43,39
2014-09-20T09:00:00.000,99,61,38
2014-09-20T10:00:00.000,106,56,50
2014-09-20T11:00:00.000,142,83,59
2014-09-20T12:00:00.000,188,99,89
2014-09-20T13:00:00.000,190,91,99
2014-09-20T14:00:00.000,177,78,99
2014-09-20T15:00:00.000,196,98,98
2014-09-20T16:00:00.000,190,104,86
2014-09-20T17:00:00.000,226,129,97
2014-09-20T18:00:00.000,185,93,92
2014-09-20T19:00:00.000,109,54,55
2014-09-20T20:00:00.000,70,28,42
2014-09-20T21:00:00.000,55,30,25
2014-09-20T22:00:00.000,53,26,27
2014-09-20T23:00:00.000,24,13,11
2014-09-21T00:00:00.000,25,11,14
2014-09-21T01:00:00.000,12,4,8
2014-09-21T02:00:00.000,13,7,6
2014-09-21T03:00:00.000,5,3,2
2014-09-21T04:00:00.000,1,0,1
2014-09-21T05:00:00.000,4,3,1
2014-09-21T06:00:00.000,16,6,10
2014-09-21T07:00:00.000,44,25,19
2014-09-21T08:00:00.000,83,49,34
2014-09-21T09:00:00.000,119,60,59
2014-09-21T10:00:00.000,141,73,68
2014-09-21T11:00:00.000,214,114,100
2014-09-21T12:00:00.000,229,137,92
2014-09-21T13:00:00.000,193,109,84
2014-09-21T14:00:00.000,199,103,96
2014-09-21T15:00:00.000,163,94,69
2014-09-21T16:00:00.000,189,98,91
2014-09-21T17:00:00.000,185,91,94
2014-09-21T18:00:00.000,160,75,85
2014-09-21T19:00:00.000,79,42,37
2014-09-21T20:00:00.000,52,19,33
2014-09-21T21:00:00.000,45,19,26
2014-09-21T22:00:00.000,32,17,15
2014-09-21T23:00:00.000,14,6,8
2014-09-22T00:00:00.000,10,2,8
2014-09-22T01:00:00.000,1,1,0
2014-09-22T02:00:00.000,4,1,3
2014-09-22T03:00:00.000,5,2,3
2014-09-22T04:00:00.000,12,7,5
2014-09-22T05:00:00.000,44,28,16
2014-09-22T06:00:00.000,128,85,43
2014-09-22T07:00:00.000,399,281,118
2014-09-22T08:00:00.000,537,361,176
2014-09-22T09:00:00.000,261,238,23
2014-09-22T10:00:00.000,93,89,4
2014-09-22T11:00:00.000,94,88,6
2014-09-22T12:00:00.000,53,52,1
2014-09-22T13:00:00.000,71,69,2
2014-09-22T14:00:00.000,93,72,21
2014-09-22T15:00:00.000,142,75,67
2014-09-22T16:00:00.000,287,113,174
2014-09-22T17:00:00.000,659,201,458
2014-09-22T18:00:00.000,480,175,305
2014-09-22T19:00:00.000,195,72,123
2014-09-22T20:00:00.000,101,43,58
2014-09-22T21:00:00.000,56,27,29
2014-09-22T22:00:00.000,34,22,12
2014-09-22T23:00:00.000,27,12,15
2014-09-23T00:00:00.000,21,13,8
2014-09-23T01:00:00.000,6,3,3
2014-09-23T02:00:00.000,4,3,1
2014-09-23T03:00:00.000,4,1,3
2014-09-23T04:00:00.000,6,4,2
2014-09-23T05:00:00.000,32,24,8
2014-09-23T06:00:00.000,150,109,41
2014-09-23T07:00:00.000,398,285,113
2014-09-23T08:00:00.000,545,375,170
2014-09-23T09:00:00.000,264,237,27
2014-09-23T10:00:00.000,98,96,2
2014-09-23T11:00:00.000,75,75,0
2014-09-23T12:00:00.000,60,57,3
2014-09-23T13:00:00.000,70,49,21
2014-09-23T14:00:00.000,68,26,42
2014-09-23T15:00:00.000,126,54,72
2014-09-23T16:00:00.000,239,89,150
2014-09-23T17:00:00.000,551,140,411
2014-09-23T18:00:00.000,382,121,261
2014-09-23T19:00:00.000,149,57,92
2014-09-23T20:00:00.000,54,17,37
2014-09-23T21:00:00.000,41,14,27
2014-09-23T22:00:00.000,58,43,15
2014-09-23T23:00:00.000,15,9,6
2014-09-24T00:00:00.000,9,4,5
2014-09-24T01:00:00.000,2,1,1
2014-09-24T02:00:00.000,1,1,0
2014-09-24T03:00:00.000,2,1,1
2014-09-24T04:00:00.000,3,2,1
2014-09-24T05:00:00.000,19,12,7
2014-09-24T06:00:00.000,86,57,29
2014-09-24T07:00:00.000,209,154,55
2014-09-24T08:00:00.000,278,193,85
2014-09-24T09:00:00.000,149,102,47
2014-09-24T10:00:00.000,56,35,21
2014-09-24T11:00:00.000,34,21,13
2014-09-24T12:00:00.000,38,20,18
2014-09-24T13:00:00.000,61,32,29
2014-09-24T14:00:00.000,57,34,23
2014-09-24T15:00:00.000,99,48,51
2014-09-24T16:00:00.000,152,65,87
2014-09-24T17:00:00.000,362,116,246
2014-09-24T18:00:00.000,268,98,170
2014-09-24T19:00:00.000,119,49,70
2014-09-24T20:00:00.000,64,24,40
2014-09-24T21:00:00.000,40,24,16
2014-09-24T22:00:00.000,32,11,21
2014-09-24T23:00:00.000,26,13,13
2014-09-25T00:00:00.000,5,5,0
2014-09-25T01:00:00.000,8,2,6
2014-09-25T02:00:00.000,4,2,2
2014-09-25T03:00:00.000,9,6,3
2014-09-25T04:00:00.000,9,5,4
2014-09-25T05:00:00.000,23,18,5
2014-09-25T06:00:00.000,94,63,31
2014-09-25T07:00:00.000,268,195,73
2014-09-25T08:00:00.000,419,279,140
2014-09-25T09:00:00.000,217,139,78
2014-09-25T10:00:00.000,96,64,32
2014-09-25T11:00:00.000,43,20,23
2014-09-25T12:00:00.000,45,24,21
2014-09-25T13:00:00.000,67,30,37
2014-09-25T14:00:00.000,91,52,39
2014-09-25T15:00:00.000,135,67,68
2014-09-25T16:00:00.000,268,108,160
2014-09-25T17:00:00.000,479,156,323
2014-09-25T18:00:00.000,354,133,221
2014-09-25T19:00:00.000,149,57,92
2014-09-25T20:00:00.000,73,32,41
2014-09-25T21:00:00.000,47,24,23
2014-09-25T22:00:00.000,34,13,21
2014-09-25T23:00:00.000,25,10,15
2014-09-26T00:00:00.000,10,3,7
2014-09-26T01:00:00.000,7,3,4
2014-09-26T02:00:00.000,5,1,4
2014-09-26T03:00:00.000,1,0,1
2014-09-26T04:00:00.000,7,4,3
2014-09-26T05:00:00.000,27,20,7
2014-09-26T06:00:00.000,58,39,19
2014-09-26T07:00:00.000,189,141,48
2014-09-26T08:00:00.000,377,287,90
2014-09-26T09:00:00.000,168,112,56
2014-09-26T10:00:00.000,75,39,36
2014-09-26T11:00:00.000,59,32,27
2014-09-26T12:00:00.000,67,37,30
2014-09-26T13:00:00.000,69,38,31
2014-09-26T14:00:00.000,114,58,56
2014-09-26T15:00:00.000,141,71,70
2014-09-26T16:00:00.000,242,92,150
2014-09-26T17:00:00.000,366,127,239
2014-09-26T18:00:00.000,269,126,143
2014-09-26T19:00:00.000,108,44,64
2014-09-26T20:00:00.000,60,21,39
2014-09-26T21:00:00.000,35,14,21
2014-09-26T22:00:00.000,28,18,10
2014-09-26T23:00:00.000,29,9,20
2014-09-27T00:00:00.000,22,11,11
2014-09-27T01:00:00.000,15,8,7
2014-09-27T02:00:00.000,12,6,6
2014-09-27T03:00:00.000,5,2,3
2014-09-27T04:00:00.000,2,1,1
2014-09-27T05:00:00.000,8,5,3
2014-09-27T06:00:00.000,23,11,12
2014-09-27T07:00:00.000,44,25,19
2014-09-27T08:00:00.000,78,50,28
2014-09-27T09:00:00.000,132,84,48
2014-09-27T10:00:00.000,150,88,62
2014-09-27T11:00:00.000,184,103,81
2014-09-27T12:00:00.000,233,134,99
2014-09-27T13:00:00.000,199,97,102
2014-09-27T14:00:00.000,184,103,81
2014-09-27T15:00:00.000,217,110,107
2014-09-27T16:00:00.000,216,106,110
2014-09-27T17:00:00.000,221,117,104
2014-09-27T18:00:00.000,150,85,65
2014-09-27T19:00:00.000,87,45,42
2014-09-27T20:00:00.000,53,29,24
2014-09-27T21:00:00.000,33,17,16
2014-09-27T22:00:00.000,33,13,20
2014-09-27T23:00:00.000,24,9,15
2014-09-28T00:00:00.000,18,8,10
2014-09-28T01:00:00.000,10,5,5
2014-09-28T02:00:00.000,13,7,6
2014-09-28T03:00:00.000,7,6,1
2014-09-28T04:00:00.000,4,3,1
2014-09-28T05:00:00.000,4,2,2
2014-09-28T06:00:00.000,18,9,9
2014-09-28T07:00:00.000,38,25,13
2014-09-28T08:00:00.000,65,35,30
2014-09-28T09:00:00.000,91,44,47
2014-09-28T10:00:00.000,123,79,44
2014-09-28T11:00:00.000,125,69,56
2014-09-28T12:00:00.000,178,85,93
2014-09-28T13:00:00.000,143,82,61
2014-09-28T14:00:00.000,148,99,49
2014-09-28T15:00:00.000,163,97,66
2014-09-28T16:00:00.000,178,90,88
2014-09-28T17:00:00.000,184,101,83
2014-09-28T18:00:00.000,128,69,59
2014-09-28T19:00:00.000,71,32,39
2014-09-28T20:00:00.000,41,18,23
2014-09-28T21:00:00.000,25,12,13
2014-09-28T22:00:00.000,24,8,16
2014-09-28T23:00:00.000,19,8,11
2014-09-29T00:00:00.000,4,1,3
2014-09-29T01:00:00.000,3,2,1
2014-09-29T02:00:00.000,3,2,1
2014-09-29T03:00:00.000,5,3,2
2014-09-29T04:00:00.000,11,7,4
2014-09-29T05:00:00.000,32,24,8
2014-09-29T06:00:00.000,119,80,39
2014-09-29T07:00:00.000,324,239,85
2014-09-29T08:00:00.000,489,337,152
2014-09-29T09:00:00.000,240,154,86
2014-09-29T10:00:00.000,100,61,39
2014-09-29T11:00:00.000,60,29,31
2014-09-29T12:00:00.000,58,29,29
2014-09-29T13:00:00.000,79,39,40
2014-09-29T14:00:00.000,79,44,35
2014-09-29T15:00:00.000,106,55,51
2014-09-29T16:00:00.000,244,102,142
2014-09-29T17:00:00.000,509,158,351
2014-09-29T18:00:00.000,300,97,203
2014-09-29T19:00:00.000,144,51,93
2014-09-29T20:00:00.000,56,18,38
2014-09-29T21:00:00.000,39,13,26
2014-09-29T22:00:00.000,17,8,9
2014-09-29T23:00:00.000,14,8,6
2014-09-30T00:00:00.000,4,2,2
2014-09-30T01:00:00.000,4,2,2
2014-09-30T02:00:00.000,5,5,0
2014-09-30T03:00:00.000,2,1,1
2014-09-30T04:00:00.000,5,3,2
2014-09-30T05:00:00.000,30,20,10
2014-09-30T06:00:00.000,109,74,35
2014-09-30T07:00:00.000,356,250,106
2014-09-30T08:00:00.000,515,354,161
2014-09-30T09:00:00.000,242,221,21
2014-09-30T10:00:00.000,115,115,0
2014-09-30T11:00:00.000,79,79,0
2014-09-30T12:00:00.000,75,75,0
2014-09-30T13:00:00.000,86,86,0
2014-09-30T14:00:00.000,89,75,14
2014-09-30T15:00:00.000,158,85,73
2014-09-30T16:00:00.000,255,90,165
2014-09-30T17:00:00.000,570,191,379
2014-09-30T18:00:00.000,443,151,292
2014-09-30T19:00:00.000,202,96,106
2014-09-30T20:00:00.000,95,31,64
2014-09-30T21:00:00.000,69,21,48
2014-09-30T22:00:00.000,34,13,21
2014-09-30T23:00:00.000,20,9,11
2014-10-01T00:00:00.000,11,5,6
2014-10-01T01:00:00.000,6,4,2
2014-10-01T02:00:00.000,4,0,4
2014-10-01T03:00:00.000,4,1,3
2014-10-01T04:00:00.000,10,7,3
2014-10-01T05:00:00.000,37,23,14
2014-10-01T06:00:00.000,132,93,39
2014-10-01T07:00:00.000,391,283,108
2014-10-01T08:00:00.000,550,380,170
2014-10-01T09:00:00.000,235,218,17
2014-10-01T10:00:00.000,109,109,0
2014-10-01T11:00:00.000,77,77,0
2014-10-01T12:00:00.000,71,70,1
2014-10-01T13:00:00.000,71,71,0
2014-10-01T14:00:00.000,110,75,35
2014-10-01T15:00:00.000,166,82,84
2014-10-01T16:00:00.000,326,123,203
2014-10-01T17:00:00.000,639,200,439
2014-10-01T18:00:00.000,478,169,309
2014-10-01T19:00:00.000,185,78,107
2014-10-01T20:00:00.000,94,45,49
2014-10-01T21:00:00.000,60,24,36
2014-10-01T22:00:00.000,49,27,22
2014-10-01T23:00:00.000,22,10,12
2014-10-02T00:00:00.000,21,13,8
2014-10-02T01:00:00.000,1,0,1
2014-10-02T02:00:00.000,5,2,3
2014-10-02T03:00:00.000,3,3,0
2014-10-02T04:00:00.000,8,5,3
2014-10-02T05:00:00.000,33,23,10
2014-10-02T06:00:00.000,108,71,37
2014-10-02T07:00:00.000,394,284,110
2014-10-02T08:00:00.000,577,397,180
2014-10-02T09:00:00.000,259,236,23
2014-10-02T10:00:00.000,112,112,0
2014-10-02T11:00:00.000,94,93,1
2014-10-02T12:00:00.000,101,101,0
2014-10-02T13:00:00.000,77,77,0
2014-10-02T14:00:00.000,101,92,9
2014-10-02T15:00:00.000,164,73,91
2014-10-02T16:00:00.000,300,119,181
2014-10-02T17:00:00.000,611,188,423
2014-10-02T18:00:00.000,457,170,287
2014-10-02T19:00:00.000,217,79,138
2014-10-02T20:00:00.000,106,37,69
2014-10-02T21:00:00.000,75,25,50
2014-10-02T22:00:00.000,39,19,20
2014-10-02T23:00:00.000,33,13,20
2014-10-03T00:00:00.000,12,9,3
2014-10-03T01:00:00.000,16,7,9
2014-10-03T02:00:00.000,8,2,6
2014-10-03T03:00:00.000,3,3,0
2014-10-03T04:00:00.000,7,5,2
2014-10-03T05:00:00.000,31,23,8
2014-10-03T06:00:00.000,120,78,42
2014-10-03T07:00:00.000,336,249,87
2014-10-03T08:00:00.000,480,334,146
2014-10-03T09:00:00.000,253,230,23
2014-10-03T10:00:00.000,114,114,0
2014-10-03T11:00:00.000,84,83,1
2014-10-03T12:00:00.000,97,96,1
2014-10-03T13:00:00.000,94,94,0
2014-10-03T14:00:00.000,148,134,14
2014-10-03T15:00:00.000,191,92,99
2014-10-03T16:00:00.000,356,144,212
2014-10-03T17:00:00.000,565,184,381
2014-10-03T18:00:00.000,409,151,258
2014-10-03T19:00:00.000,166,75,91
2014-10-03T20:00:00.000,86,43,43
2014-10-03T21:00:00.000,48,18,30
2014-10-03T22:00:00.000,54,29,25
2014-10-03T23:00:00.000,31,21,10
2014-10-04T00:00:00.000,28,14,14
2014-10-04T01:00:00.000,12,7,5
2014-10-04T02:00:00.000,6,2,4
2014-10-04T03:00:00.000,5,3,2
2014-10-04T04:00:00.000,5,3,2
2014-10-04T05:00:00.000,6,4,2
2014-10-04T06:00:00.000,20,10,10
2014-10-04T07:00:00.000,49,26,23
2014-10-04T08:00:00.000,83,44,39
2014-10-04T09:00:00.000,128,82,46
2014-10-04T10:00:00.000,119,70,49
2014-10-04T11:00:00.000,163,94,69
2014-10-04T12:00:00.000,163,110,53
2014-10-04T13:00:00.000,192,107,85
2014-10-04T14:00:00.000,178,88,90
2014-10-04T15:00:00.000,161,87,74
2014-10-04T16:00:00.000,163,84,79
2014-10-04T17:00:00.000,153,88,65
2014-10-04T18:00:00.000,109,49,60
2014-10-04T19:00:00.000,64,33,31
2014-10-04T20:00:00.000,49,18,31
2014-10-04T21:00:00.000,31,12,19
2014-10-04T22:00:00.000,27,12,15
2014-10-04T23:00:00.000,26,13,13
2014-10-05T00:00:00.000,19,7,12
2014-10-05T01:00:00.000,10,3,7
2014-10-05T02:00:00.000,8,3,5
2014-10-05T03:00:00.000,0,0,0
2014-10-05T04:00:00.000,5,1,4
2014-10-05T05:00:00.000,10,5,5
2014-10-05T06:00:00.000,14,7,7
2014-10-05T07:00:00.000,35,18,17
2014-10-05T08:00:00.000,90,52,38
2014-10-05T09:00:00.000,117,73,44
2014-10-05T10:00:00.000,146,75,71
2014-10-05T11:00:00.000,168,96,72
2014-10-05T12:00:00.000,214,116,98
2014-10-05T13:00:00.000,201,118,83
2014-10-05T14:00:00.000,206,121,85
2014-10-05T15:00:00.000,228,124,104
2014-10-05T16:00:00.000,245,156,89
2014-10-05T17:00:00.000,172,83,89
2014-10-05T18:00:00.000,110,69,41
2014-10-05T19:00:00.000,59,29,30
2014-10-05T20:00:00.000,43,22,21
2014-10-05T21:00:00.000,27,13,14
2014-10-05T22:00:00.000,24,14,10
2014-10-05T23:00:00.000,11,7,4
2014-10-06T00:00:00.000,9,4,5
2014-10-06T01:00:00.000,5,4,1
2014-10-06T02:00:00.000,0,0,0
2014-10-06T03:00:00.000,7,5,2
2014-10-06T04:00:00.000,10,4,6
2014-10-06T05:00:00.000,37,24,13
2014-10-06T06:00:00.000,134,88,46
2014-10-06T07:00:00.000,400,292,108
2014-10-06T08:00:00.000,593,392,201
2014-10-06T09:00:00.000,267,257,10
2014-10-06T10:00:00.000,105,105,0
2014-10-06T11:00:00.000,94,94,0
2014-10-06T12:00:00.000,78,78,0
2014-10-06T13:00:00.000,80,80,0
2014-10-06T14:00:00.000,103,80,23
2014-10-06T15:00:00.000,170,74,96
2014-10-06T16:00:00.000,361,144,217
2014-10-06T17:00:00.000,733,221,512
2014-10-06T18:00:00.000,427,153,274
2014-10-06T19:00:00.000,202,79,123
2014-10-06T20:00:00.000,93,34,59
2014-10-06T21:00:00.000,96,36,60
2014-10-06T22:00:00.000,36,18,18
2014-10-06T23:00:00.000,34,15,19
2014-10-07T00:00:00.000,15,7,8
2014-10-07T01:00:00.000,7,4,3
2014-10-07T02:00:00.000,4,4,0
2014-10-07T03:00:00.000,3,1,2
2014-10-07T04:00:00.000,7,4,3
2014-10-07T05:00:00.000,44,25,19
2014-10-07T06:00:00.000,136,96,40
2014-10-07T07:00:00.000,416,315,101
2014-10-07T08:00:00.000,580,408,172
2014-10-07T09:00:00.000,237,216,21
2014-10-07T10:00:00.000,110,108,2
2014-10-07T11:00:00.000,84,83,1
2014-10-07T12:00:00.000,80,77,3
2014-10-07T13:00:00.000,73,71,2
2014-10-07T14:00:00.000,99,80,19
2014-10-07T15:00:00.000,142,64,78
2014-10-07T16:00:00.000,289,113,176
2014-10-07T17:00:00.000,639,213,426
2014-10-07T18:00:00.000,462,143,319
2014-10-07T19:00:00.000,229,87,142
2014-10-07T20:00:00.000,80,32,48
2014-10-07T21:00:00.000,65,30,35
2014-10-07T22:00:00.000,36,18,18
2014-10-07T23:00:00.000,27,12,15
2014-10-08T00:00:00.000,8,7,1
2014-10-08T01:00:00.000,5,1,4
2014-10-08T02:00:00.000,10,7,3
2014-10-08T03:00:00.000,4,3,1
2014-10-08T04:00:00.000,12,5,7
2014-10-08T05:00:00.000,33,22,11
2014-10-08T06:00:00.000,139,95,44
2014-10-08T07:00:00.000,386,292,94
2014-10-08T08:00:00.000,584,420,164
2014-10-08T09:00:00.000,247,219,28
2014-10-08T10:00:00.000,82,82,0
2014-10-08T11:00:00.000,61,57,4
2014-10-08T12:00:00.000,68,63,5
2014-10-08T13:00:00.000,77,75,2
2014-10-08T14:00:00.000,111,96,15
2014-10-08T15:00:00.000,147,68,79
2014-10-08T16:00:00.000,307,126,181
2014-10-08T17:00:00.000,626,195,431
2014-10-08T18:00:00.000,490,184,306
2014-10-08T19:00:00.000,167,62,105
2014-10-08T20:00:00.000,87,21,66
2014-10-08T21:00:00.000,71,23,48
2014-10-08T22:00:00.000,38,24,14
2014-10-08T23:00:00.000,20,11,9
2014-10-09T00:00:00.000,15,9,6
2014-10-09T01:00:00.000,8,1,7
2014-10-09T02:00:00.000,3,3,0
2014-10-09T03:00:00.000,0,0,0
2014-10-09T04:00:00.000,11,9,2
2014-10-09T05:00:00.000,39,24,15
2014-10-09T06:00:00.000,126,77,49
2014-10-09T07:00:00.000,377,273,104
2014-10-09T08:00:00.000,526,361,165
2014-10-09T09:00:00.000,256,239,17
2014-10-09T10:00:00.000,90,89,1
2014-10-09T11:00:00.000,86,85,1
2014-10-09T12:00:00.000,82,79,3
2014-10-09T13:00:00.000,91,91,0
2014-10-09T14:00:00.000,75,72,3
2014-10-09T15:00:00.000,142,68,74
2014-10-09T16:00:00.000,277,113,164
2014-10-09T17:00:00.000,576,188,388
2014-10-09T18:00:00.000,470,167,303
2014-10-09T19:00:00.000,169,60,109
2014-10-09T20:00:00.000,107,34,73
2014-10-09T21:00:00.000,58,27,31
2014-10-09T22:00:00.000,52,23,29
2014-10-09T23:00:00.000,27,14,13
2014-10-10T00:00:00.000,32,18,14
2014-10-10T01:00:00.000,7,6,1
2014-10-10T02:00:00.000,11,6,5
2014-10-10T03:00:00.000,4,2,2
2014-10-10T04:00:00.000,6,5,1
2014-10-10T05:00:00.000,30,19,11
2014-10-10T06:00:00.000,91,60,31
2014-10-10T07:00:00.000,278,197,81
2014-10-10T08:00:00.000,441,320,121
2014-10-10T09:00:00.000,196,172,24
2014-10-10T10:00:00.000,88,84,4
2014-10-10T11:00:00.000,74,72,2
2014-10-10T12:00:00.000,59,56,3
2014-10-10T13:00:00.000,76,73,3
2014-10-10T14:00:00.000,89,82,7
2014-10-10T15:00:00.000,134,67,67
2014-10-10T16:00:00.000,265,106,159
2014-10-10T17:00:00.000,466,164,302
2014-10-10T18:00:00.000,294,123,171
2014-10-10T19:00:00.000,129,40,89
2014-10-10T20:00:00.000,59,21,38
2014-10-10T21:00:00.000,40,14,26
2014-10-10T22:00:00.000,53,14,39
2014-10-10T23:00:00.000,35,21,14
2014-10-11T00:00:00.000,14,3,11
2014-10-11T01:00:00.000,15,5,10
2014-10-11T02:00:00.000,7,5,2
2014-10-11T03:00:00.000,3,3,0
2014-10-11T04:00:00.000,5,4,1
2014-10-11T05:00:00.000,12,9,3
2014-10-11T06:00:00.000,18,10,8
2014-10-11T07:00:00.000,26,18,8
2014-10-11T08:00:00.000,81,53,28
2014-10-11T09:00:00.000,91,63,28
2014-10-11T10:00:00.000,68,34,34
2014-10-11T11:00:00.000,84,53,31
2014-10-11T12:00:00.000,78,51,27
2014-10-11T13:00:00.000,62,27,35
2014-10-11T14:00:00.000,82,47,35
2014-10-11T15:00:00.000,99,52,47
2014-10-11T16:00:00.000,92,59,33
2014-10-11T17:00:00.000,102,58,44
2014-10-11T18:00:00.000,58,35,23
2014-10-11T19:00:00.000,41,18,23
2014-10-11T20:00:00.000,26,10,16
2014-10-11T21:00:00.000,30,16,14
2014-10-11T22:00:00.000,20,9,11
2014-10-11T23:00:00.000,17,6,11
2014-10-12T00:00:00.000,22,7,15
2014-10-12T01:00:00.000,5,0,5
2014-10-12T02:00:00.000,11,8,3
2014-10-12T03:00:00.000,4,4,0
2014-10-12T04:00:00.000,7,4,3
2014-10-12T05:00:00.000,3,2,1
2014-10-12T06:00:00.000,8,4,4
2014-10-12T07:00:00.000,22,16,6
2014-10-12T08:00:00.000,67,34,33
2014-10-12T09:00:00.000,137,78,59
2014-10-12T10:00:00.000,134,78,56
2014-10-12T11:00:00.000,140,95,45
2014-10-12T12:00:00.000,152,80,72
2014-10-12T13:00:00.000,132,86,46
2014-10-12T14:00:00.000,136,65,71
2014-10-12T15:00:00.000,134,67,67
2014-10-12T16:00:00.000,127,65,62
2014-10-12T17:00:00.000,117,65,52
2014-10-12T18:00:00.000,71,39,32
2014-10-12T19:00:00.000,44,15,29
2014-10-12T20:00:00.000,30,7,23
2014-10-12T21:00:00.000,14,6,8
2014-10-12T22:00:00.000,26,9,17
2014-10-12T23:00:00.000,16,5,11
2014-10-13T00:00:00.000,13,8,5
2014-10-13T01:00:00.000,3,2,1
2014-10-13T02:00:00.000,4,0,4
2014-10-13T03:00:00.000,4,3,1
2014-10-13T04:00:00.000,9,5,4
2014-10-13T05:00:00.000,37,23,14
2014-10-13T06:00:00.000,115,72,43
2014-10-13T07:00:00.000,327,246,81
2014-10-13T08:00:00.000,498,344,154
2014-10-13T09:00:00.000,255,234,21
2014-10-13T10:00:00.000,108,108,0
2014-10-13T11:00:00.000,82,79,3
2014-10-13T12:00:00.000,91,91,0
2014-10-13T13:00:00.000,81,77,4
2014-10-13T14:00:00.000,117,110,7
2014-10-13T15:00:00.000,126,69,57
2014-10-13T16:00:00.000,303,115,188
2014-10-13T17:00:00.000,536,156,380
2014-10-13T18:00:00.000,364,116,248
2014-10-13T19:00:00.000,135,52,83
2014-10-13T20:00:00.000,69,22,47
2014-10-13T21:00:00.000,39,15,24
2014-10-13T22:00:00.000,26,13,13
2014-10-13T23:00:00.000,13,7,6
2014-10-14T00:00:00.000,6,2,4
2014-10-14T01:00:00.000,3,3,0
2014-10-14T02:00:00.000,2,1,1
2014-10-14T03:00:00.000,2,1,1
2014-10-14T04:00:00.000,6,5,1
2014-10-14T05:00:00.000,26,19,7
2014-10-14T06:00:00.000,114,77,37
2014-10-14T07:00:00.000,313,231,82
2014-10-14T08:00:00.000,482,328,154
2014-10-14T09:00:00.000,235,158,77
2014-10-14T10:00:00.000,87,62,25
2014-10-14T11:00:00.000,67,44,23
2014-10-14T12:00:00.000,63,40,23
2014-10-14T13:00:00.000,78,44,34
2014-10-14T14:00:00.000,80,46,34
2014-10-14T15:00:00.000,130,56,74
2014-10-14T16:00:00.000,231,93,138
2014-10-14T17:00:00.000,521,156,365
2014-10-14T18:00:00.000,414,157,257
2014-10-14T19:00:00.000,159,52,107
2014-10-14T20:00:00.000,61,23,38
2014-10-14T21:00:00.000,65,27,38
2014-10-14T22:00:00.000,30,16,14
2014-10-14T23:00:00.000,22,6,16
2014-10-15T00:00:00.000,9,5,4
2014-10-15T01:00:00.000,8,3,5
2014-10-15T02:00:00.000,5,2,3
2014-10-15T03:00:00.000,4,2,2
2014-10-15T04:00:00.000,8,6,2
2014-10-15T05:00:00.000,34,23,11
2014-10-15T06:00:00.000,97,69,28
2014-10-15T07:00:00.000,295,208,87
2014-10-15T08:00:00.000,336,237,99
2014-10-15T09:00:00.000,165,139,26
2014-10-15T10:00:00.000,76,76,0
2014-10-15T11:00:00.000,52,50,2
2014-10-15T12:00:00.000,33,33,0
2014-10-15T13:00:00.000,43,41,2
2014-10-15T14:00:00.000,58,33,25
2014-10-15T15:00:00.000,81,35,46
2014-10-15T16:00:00.000,200,75,125
2014-10-15T17:00:00.000,426,126,300
2014-10-15T18:00:00.000,319,128,191
2014-10-15T19:00:00.000,130,42,88
2014-10-15T20:00:00.000,63,18,45
2014-10-15T21:00:00.000,60,31,29
2014-10-15T22:00:00.000,35,25,10
2014-10-15T23:00:00.000,18,8,10
2014-10-16T00:00:00.000,14,5,9
2014-10-16T01:00:00.000,4,1,3
2014-10-16T02:00:00.000,3,3,0
2014-10-16T03:00:00.000,1,1,0
2014-10-16T04:00:00.000,7,6,1
2014-10-16T05:00:00.000,32,20,12
2014-10-16T06:00:00.000,123,82,41
2014-10-16T07:00:00.000,312,233,79
2014-10-16T08:00:00.000,510,358,152
2014-10-16T09:00:00.000,279,260,19
2014-10-16T10:00:00.000,99,98,1
2014-10-16T11:00:00.000,69,67,2
2014-10-16T12:00:00.000,65,64,1
2014-10-16T13:00:00.000,71,70,1
2014-10-16T14:00:00.000,113,103,10
2014-10-16T15:00:00.000,183,80,103
2014-10-16T16:00:00.000,299,119,180
2014-10-16T17:00:00.000,585,199,386
2014-10-16T18:00:00.000,463,184,279
2014-10-16T19:00:00.000,171,70,101
2014-10-16T20:00:00.000,92,37,55
2014-10-16T21:00:00.000,72,32,40
2014-10-16T22:00:00.000,40,22,18
2014-10-16T23:00:00.000,22,12,10
2014-10-17T00:00:00.000,18,11,7
2014-10-17T01:00:00.000,10,7,3
2014-10-17T02:00:00.000,4,2,2
2014-10-17T03:00:00.000,1,1,0
2014-10-17T04:00:00.000,9,4,5
2014-10-17T05:00:00.000,24,18,6
2014-10-17T06:00:00.000,86,62,24
2014-10-17T07:00:00.000,194,138,56
2014-10-17T08:00:00.000,353,257,96
2014-10-17T09:00:00.000,186,159,27
2014-10-17T10:00:00.000,79,76,3
2014-10-17T11:00:00.000,61,57,4
2014-10-17T12:00:00.000,36,29,7
2014-10-17T13:00:00.000,52,28,24
2014-10-17T14:00:00.000,50,28,22
2014-10-17T15:00:00.000,62,26,36
2014-10-17T16:00:00.000,187,58,129
2014-10-17T17:00:00.000,338,103,235
2014-10-17T18:00:00.000,258,91,167
2014-10-17T19:00:00.000,88,31,57
2014-10-17T20:00:00.000,41,22,19
2014-10-17T21:00:00.000,30,14,16
2014-10-17T22:00:00.000,23,7,16
2014-10-17T23:00:00.000,19,7,12
2014-10-18T00:00:00.000,8,2,6
2014-10-18T01:00:00.000,12,7,5
2014-10-18T02:00:00.000,5,2,3
2014-10-18T03:00:00.000,2,2,0
2014-10-18T04:00:00.000,0,0,0
2014-10-18T05:00:00.000,6,5,1
2014-10-18T06:00:00.000,19,12,7
2014-10-18T07:00:00.000,31,21,10
2014-10-18T08:00:00.000,53,29,24
2014-10-18T09:00:00.000,103,68,35
2014-10-18T10:00:00.000,68,51,17
2014-10-18T11:00:00.000,89,52,37
2014-10-18T12:00:00.000,96,58,38
2014-10-18T13:00:00.000,132,77,55
2014-10-18T14:00:00.000,108,50,58
2014-10-18T15:00:00.000,116,68,48
2014-10-18T16:00:00.000,120,72,48
2014-10-18T17:00:00.000,108,65,43
2014-10-18T18:00:00.000,95,51,44
2014-10-18T19:00:00.000,78,41,37
2014-10-18T20:00:00.000,35,20,15
2014-10-18T21:00:00.000,39,19,20
2014-10-18T22:00:00.000,33,16,17
2014-10-18T23:00:00.000,22,7,15
2014-10-19T00:00:00.000,32,8,24
2014-10-19T01:00:00.000,9,6,3
2014-10-19T02:00:00.000,19,8,11
2014-10-19T03:00:00.000,5,1,4
2014-10-19T04:00:00.000,3,2,1
2014-10-19T05:00:00.000,0,0,0
2014-10-19T06:00:00.000,21,11,10
2014-10-19T07:00:00.000,22,18,4
2014-10-19T08:00:00.000,67,36,31
2014-10-19T09:00:00.000,112,59,53
2014-10-19T10:00:00.000,120,84,36
2014-10-19T11:00:00.000,156,87,69
2014-10-19T12:00:00.000,204,127,77
2014-10-19T13:00:00.000,219,115,104
2014-10-19T14:00:00.000,291,149,142
2014-10-19T15:00:00.000,266,160,106
2014-10-19T16:00:00.000,222,129,93
2014-10-19T17:00:00.000,222,121,101
2014-10-19T18:00:00.000,114,57,57
2014-10-19T19:00:00.000,43,25,18
2014-10-19T20:00:00.000,38,23,15
2014-10-19T21:00:00.000,27,11,16
2014-10-19T22:00:00.000,20,9,11
2014-10-19T23:00:00.000,16,8,8
2014-10-20T00:00:00.000,13,8,5
2014-10-20T01:00:00.000,8,4,4
2014-10-20T02:00:00.000,5,3,2
2014-10-20T03:00:00.000,2,2,0
2014-10-20T04:00:00.000,5,3,2
2014-10-20T05:00:00.000,29,20,9
2014-10-20T06:00:00.000,109,74,35
2014-10-20T07:00:00.000,286,208,78
2014-10-20T08:00:00.000,413,291,122
2014-10-20T09:00:00.000,223,154,69
2014-10-20T10:00:00.000,83,17,66
2014-10-20T11:00:00.000,45,0,45
2014-10-20T12:00:00.000,37,0,37
2014-10-20T13:00:00.000,48,0,48
2014-10-20T14:00:00.000,84,18,66
2014-10-20T15:00:00.000,106,53,53
2014-10-20T16:00:00.000,235,91,144
2014-10-20T17:00:00.000,460,146,314
2014-10-20T18:00:00.000,374,121,253
2014-10-20T19:00:00.000,129,43,86
2014-10-20T20:00:00.000,82,20,62
2014-10-20T21:00:00.000,50,27,23
2014-10-20T22:00:00.000,22,8,14
2014-10-20T23:00:00.000,10,3,7
2014-10-21T00:00:00.000,7,3,4
2014-10-21T01:00:00.000,7,5,2
2014-10-21T02:00:00.000,1,1,0
2014-10-21T03:00:00.000,2,2,0
2014-10-21T04:00:00.000,8,6,2
2014-10-21T05:00:00.000,28,21,7
2014-10-21T06:00:00.000,123,89,34
2014-10-21T07:00:00.000,255,185,70
2014-10-21T08:00:00.000,467,312,155
2014-10-21T09:00:00.000,252,168,84
2014-10-21T10:00:00.000,81,7,74
2014-10-21T11:00:00.000,66,0,66
2014-10-21T12:00:00.000,59,0,59
2014-10-21T13:00:00.000,70,0,70
2014-10-21T14:00:00.000,72,6,66
2014-10-21T15:00:00.000,119,56,63
2014-10-21T16:00:00.000,221,88,133
2014-10-21T17:00:00.000,482,147,335
2014-10-21T18:00:00.000,353,126,227
2014-10-21T19:00:00.000,124,45,79
2014-10-21T20:00:00.000,74,26,48
2014-10-21T21:00:00.000,50,21,29
2014-10-21T22:00:00.000,22,9,13
2014-10-21T23:00:00.000,21,8,13
2014-10-22T00:00:00.000,10,6,4
2014-10-22T01:00:00.000,8,3,5
2014-10-22T02:00:00.000,4,2,2
2014-10-22T03:00:00.000,2,1,1
2014-10-22T04:00:00.000,5,3,2
2014-10-22T05:00:00.000,26,18,8
2014-10-22T06:00:00.000,71,52,19
2014-10-22T07:00:00.000,199,140,59
2014-10-22T08:00:00.000,367,264,103
2014-10-22T09:00:00.000,214,148,66
2014-10-22T10:00:00.000,48,34,14
2014-10-22T11:00:00.000,47,24,23
2014-10-22T12:00:00.000,21,11,10
2014-10-22T13:00:00.000,33,20,13
2014-10-22T14:00:00.000,41,23,18
2014-10-22T15:00:00.000,50,22,28
2014-10-22T16:00:00.000,119,55,64
2014-10-22T17:00:00.000,332,108,224
2014-10-22T18:00:00.000,260,87,173
2014-10-22T19:00:00.000,113,45,68
2014-10-22T20:00:00.000,48,14,34
2014-10-22T21:00:00.000,36,20,16
2014-10-22T22:00:00.000,19,6,13
2014-10-22T23:00:00.000,14,7,7
2014-10-23T00:00:00.000,9,6,3
2014-10-23T01:00:00.000,3,0,3
2014-10-23T02:00:00.000,5,4,1
2014-10-23T03:00:00.000,4,2,2
2014-10-23T04:00:00.000,13,9,4
2014-10-23T05:00:00.000,23,16,7
2014-10-23T06:00:00.000,106,69,37
2014-10-23T07:00:00.000,209,149,60
2014-10-23T08:00:00.000,338,223,115
2014-10-23T09:00:00.000,188,123,65
2014-10-23T10:00:00.000,60,34,26
2014-10-23T11:00:00.000,63,36,27
2014-10-23T12:00:00.000,58,35,23
2014-10-23T13:00:00.000,54,23,31
2014-10-23T14:00:00.000,52,24,28
2014-10-23T15:00:00.000,99,51,48
2014-10-23T16:00:00.000,116,49,67
2014-10-23T17:00:00.000,384,116,268
2014-10-23T18:00:00.000,300,117,183
2014-10-23T19:00:00.000,115,38,77
2014-10-23T20:00:00.000,83,25,58
2014-10-23T21:00:00.000,50,20,30
2014-10-23T22:00:00.000,29,14,15
2014-10-23T23:00:00.000,20,9,11
2014-10-24T00:00:00.000,26,19,7
2014-10-24T01:00:00.000,7,6,1
2014-10-24T02:00:00.000,5,2,3
2014-10-24T03:00:00.000,4,2,2
2014-10-24T04:00:00.000,9,5,4
2014-10-24T05:00:00.000,23,15,8
2014-10-24T06:00:00.000,91,60,31
2014-10-24T07:00:00.000,246,189,57
2014-10-24T08:00:00.000,413,294,119
2014-10-24T09:00:00.000,241,153,88
2014-10-24T10:00:00.000,103,12,91
2014-10-24T11:00:00.000,62,1,61
2014-10-24T12:00:00.000,73,0,73
2014-10-24T13:00:00.000,70,1,69
2014-10-24T14:00:00.000,81,0,81
2014-10-24T15:00:00.000,133,50,83
2014-10-24T16:00:00.000,234,83,151
2014-10-24T17:00:00.000,421,129,292
2014-10-24T18:00:00.000,302,95,207
2014-10-24T19:00:00.000,110,42,68
2014-10-24T20:00:00.000,53,21,32
2014-10-24T21:00:00.000,32,11,21
2014-10-24T22:00:00.000,18,6,12
2014-10-24T23:00:00.000,21,12,9
2014-10-25T00:00:00.000,19,11,8
2014-10-25T01:00:00.000,7,4,3
2014-10-25T02:00:00.000,14,7,7
2014-10-25T03:00:00.000,7,5,2
2014-10-25T04:00:00.000,3,3,0
2014-10-25T05:00:00.000,5,3,2
2014-10-25T06:00:00.000,10,4,6
2014-10-25T07:00:00.000,15,6,9
2014-10-25T08:00:00.000,49,28,21
2014-10-25T09:00:00.000,41,20,21
2014-10-25T10:00:00.000,78,45,33
2014-10-25T11:00:00.000,78,41,37
2014-10-25T12:00:00.000,68,36,32
2014-10-25T13:00:00.000,60,34,26
2014-10-25T14:00:00.000,43,16,27
2014-10-25T15:00:00.000,57,24,33
2014-10-25T16:00:00.000,50,22,28
2014-10-25T17:00:00.000,42,18,24
2014-10-25T18:00:00.000,40,22,18
2014-10-25T19:00:00.000,11,4,7
2014-10-25T20:00:00.000,5,1,4
2014-10-25T21:00:00.000,11,4,7
2014-10-25T22:00:00.000,9,2,7
2014-10-25T23:00:00.000,18,12,6
2014-10-26T00:00:00.000,8,3,5
2014-10-26T01:00:00.000,3,3,0
2014-10-26T02:00:00.000,5,2,3
2014-10-26T03:00:00.000,1,1,0
2014-10-26T04:00:00.000,4,4,0
2014-10-26T05:00:00.000,5,1,4
2014-10-26T06:00:00.000,10,6,4
2014-10-26T07:00:00.000,15,8,7
2014-10-26T08:00:00.000,35,22,13
2014-10-26T09:00:00.000,71,38,33
2014-10-26T10:00:00.000,79,58,21
2014-10-26T11:00:00.000,64,37,27
2014-10-26T12:00:00.000,56,32,24
2014-10-26T13:00:00.000,80,37,43
2014-10-26T14:00:00.000,77,41,36
2014-10-26T15:00:00.000,61,38,23
2014-10-26T16:00:00.000,88,58,30
2014-10-26T17:00:00.000,76,46,30
2014-10-26T18:00:00.000,65,29,36
2014-10-26T19:00:00.000,45,19,26
2014-10-26T20:00:00.000,20,8,12
2014-10-26T21:00:00.000,23,4,19
2014-10-26T22:00:00.000,13,7,6
2014-10-26T23:00:00.000,12,5,7
2014-10-27T00:00:00.000,6,5,1
2014-10-27T01:00:00.000,2,1,1
2014-10-27T02:00:00.000,5,3,2
2014-10-27T03:00:00.000,5,2,3
2014-10-27T04:00:00.000,8,5,3
2014-10-27T05:00:00.000,45,30,15
2014-10-27T06:00:00.000,117,75,42
2014-10-27T07:00:00.000,307,228,79
2014-10-27T08:00:00.000,470,314,156
2014-10-27T09:00:00.000,301,194,107
2014-10-27T10:00:00.000,76,0,76
2014-10-27T11:00:00.000,69,0,69
2014-10-27T12:00:00.000,74,1,73
2014-10-27T13:00:00.000,93,1,92
2014-10-27T14:00:00.000,94,9,85
2014-10-27T15:00:00.000,144,64,80
2014-10-27T16:00:00.000,256,109,147
2014-10-27T17:00:00.000,512,162,350
2014-10-27T18:00:00.000,430,145,285
2014-10-27T19:00:00.000,152,53,99
2014-10-27T20:00:00.000,71,17,54
2014-10-27T21:00:00.000,51,18,33
2014-10-27T22:00:00.000,26,10,16
2014-10-27T23:00:00.000,16,7,9
2014-10-28T00:00:00.000,9,7,2
2014-10-28T01:00:00.000,2,1,1
2014-10-28T02:00:00.000,1,1,0
2014-10-28T03:00:00.000,0,0,0
2014-10-28T04:00:00.000,4,2,2
2014-10-28T05:00:00.000,24,17,7
2014-10-28T06:00:00.000,96,68,28
2014-10-28T07:00:00.000,236,164,72
2014-10-28T08:00:00.000,353,236,117
2014-10-28T09:00:00.000,197,132,65
2014-10-28T10:00:00.000,46,33,13
2014-10-28T11:00:00.000,21,11,10
2014-10-28T12:00:00.000,34,20,14
2014-10-28T13:00:00.000,43,23,20
2014-10-28T14:00:00.000,57,27,30
2014-10-28T15:00:00.000,82,31,51
2014-10-28T16:00:00.000,146,51,95
2014-10-28T17:00:00.000,383,122,261
2014-10-28T18:00:00.000,294,109,185
2014-10-28T19:00:00.000,107,34,73
2014-10-28T20:00:00.000,59,22,37
2014-10-28T21:00:00.000,31,11,20
2014-10-28T22:00:00.000,26,18,8
2014-10-28T23:00:00.000,10,3,7
2014-10-29T00:00:00.000,7,2,5
2014-10-29T01:00:00.000,4,2,2
2014-10-29T02:00:00.000,1,1,0
2014-10-29T03:00:00.000,1,1,0
2014-10-29T04:00:00.000,5,4,1
2014-10-29T05:00:00.000,31,26,5
2014-10-29T06:00:00.000,91,62,29
2014-10-29T07:00:00.000,309,223,86
2014-10-29T08:00:00.000,472,322,150
2014-10-29T09:00:00.000,281,188,93
2014-10-29T10:00:00.000,106,14,92
2014-10-29T11:00:00.000,76,2,74
2014-10-29T12:00:00.000,73,2,71
2014-10-29T13:00:00.000,87,2,85
2014-10-29T14:00:00.000,118,2,116
2014-10-29T15:00:00.000,140,56,84
2014-10-29T16:00:00.000,287,121,166
2014-10-29T17:00:00.000,562,177,385
2014-10-29T18:00:00.000,388,142,246
2014-10-29T19:00:00.000,138,56,82
2014-10-29T20:00:00.000,79,34,45
2014-10-29T21:00:00.000,70,26,44
2014-10-29T22:00:00.000,47,17,30
2014-10-29T23:00:00.000,23,9,14
2014-10-30T00:00:00.000,8,2,6
2014-10-30T01:00:00.000,7,4,3
2014-10-30T02:00:00.000,6,2,4
2014-10-30T03:00:00.000,2,1,1
2014-10-30T04:00:00.000,6,4,2
2014-10-30T05:00:00.000,27,22,5
2014-10-30T06:00:00.000,95,69,26
2014-10-30T07:00:00.000,262,191,71
2014-10-30T08:00:00.000,400,270,130
2014-10-30T09:00:00.000,226,147,79
2014-10-30T10:00:00.000,67,39,28
2014-10-30T11:00:00.000,64,33,31
2014-10-30T12:00:00.000,38,25,13
2014-10-30T13:00:00.000,37,21,16
2014-10-30T14:00:00.000,46,27,19
2014-10-30T15:00:00.000,74,33,41
2014-10-30T16:00:00.000,160,52,108
2014-10-30T17:00:00.000,356,112,244
2014-10-30T18:00:00.000,277,96,181
2014-10-30T19:00:00.000,102,33,69
2014-10-30T20:00:00.000,59,19,40
2014-10-30T21:00:00.000,31,12,19
2014-10-30T22:00:00.000,23,6,17
2014-10-30T23:00:00.000,19,6,13
2014-10-31T00:00:00.000,9,6,3
2014-10-31T01:00:00.000,2,0,2
2014-10-31T02:00:00.000,3,2,1
2014-10-31T03:00:00.000,3,2,1
2014-10-31T04:00:00.000,4,3,1
2014-10-31T05:00:00.000,29,22,7
2014-10-31T06:00:00.000,75,57,18
2014-10-31T07:00:00.000,180,128,52
2014-10-31T08:00:00.000,269,203,66
2014-10-31T09:00:00.000,136,94,42
2014-10-31T10:00:00.000,52,34,18
2014-10-31T11:00:00.000,36,22,14
2014-10-31T12:00:00.000,33,16,17
2014-10-31T13:00:00.000,41,25,16
2014-10-31T14:00:00.000,52,27,25
2014-10-31T15:00:00.000,120,44,76
2014-10-31T16:00:00.000,215,81,134
2014-10-31T17:00:00.000,328,100,228
2014-10-31T18:00:00.000,181,75,106
2014-10-31T19:00:00.000,65,21,44
2014-10-31T20:00:00.000,31,9,22
2014-10-31T21:00:00.000,32,12,20
2014-10-31T22:00:00.000,24,11,13
2014-10-31T23:00:00.000,18,12,6
2014-11-01T00:00:00.000,13,6,7
2014-11-01T01:00:00.000,13,5,8
2014-11-01T02:00:00.000,11,4,7
2014-11-01T03:00:00.000,6,3,3
2014-11-01T04:00:00.000,4,2,2
2014-11-01T05:00:00.000,5,2,3
2014-11-01T06:00:00.000,14,9,5
2014-11-01T07:00:00.000,19,12,7
2014-11-01T08:00:00.000,47,16,31
2014-11-01T09:00:00.000,78,43,35
2014-11-01T10:00:00.000,113,78,35
2014-11-01T11:00:00.000,87,49,38
2014-11-01T12:00:00.000,90,59,31
2014-11-01T13:00:00.000,126,74,52
2014-11-01T14:00:00.000,139,71,68
2014-11-01T15:00:00.000,126,73,53
2014-11-01T16:00:00.000,104,53,51
2014-11-01T17:00:00.000,90,54,36
2014-11-01T18:00:00.000,73,42,31
2014-11-01T19:00:00.000,36,15,21
2014-11-01T20:00:00.000,34,8,26
2014-11-01T21:00:00.000,25,9,16
2014-11-01T22:00:00.000,23,14,9
2014-11-01T23:00:00.000,18,12,6
2014-11-02T00:00:00.000,13,5,8
2014-11-02T01:00:00.000,14,6,8
2014-11-02T02:00:00.000,2,0,2
2014-11-02T03:00:00.000,0,0,0
2014-11-02T04:00:00.000,6,5,1
2014-11-02T05:00:00.000,4,1,3
2014-11-02T06:00:00.000,15,10,5
2014-11-02T07:00:00.000,31,18,13
2014-11-02T08:00:00.000,60,35,25
2014-11-02T09:00:00.000,95,46,49
2014-11-02T10:00:00.000,106,68,38
2014-11-02T11:00:00.000,136,82,54
2014-11-02T12:00:00.000,143,89,54
2014-11-02T13:00:00.000,121,63,58
2014-11-02T14:00:00.000,69,40,29
2014-11-02T15:00:00.000,40,25,15
2014-11-02T16:00:00.000,49,25,24
2014-11-02T17:00:00.000,50,16,34
2014-11-02T18:00:00.000,38,24,14
2014-11-02T19:00:00.000,18,8,10
2014-11-02T20:00:00.000,22,10,12
2014-11-02T21:00:00.000,8,4,4
2014-11-02T22:00:00.000,18,5,13
2014-11-02T23:00:00.000,14,6,8
2014-11-03T00:00:00.000,2,1,1
2014-11-03T01:00:00.000,6,5,1
2014-11-03T02:00:00.000,2,1,1
2014-11-03T03:00:00.000,0,0,0
2014-11-03T04:00:00.000,8,5,3
2014-11-03T05:00:00.000,36,24,12
2014-11-03T06:00:00.000,117,80,37
2014-11-03T07:00:00.000,328,234,94
2014-11-03T08:00:00.000,409,281,128
2014-11-03T09:00:00.000,160,109,51
2014-11-03T10:00:00.000,63,39,24
2014-11-03T11:00:00.000,42,25,17
2014-11-03T12:00:00.000,47,15,32
2014-11-03T13:00:00.000,43,21,22
2014-11-03T14:00:00.000,64,40,24
2014-11-03T15:00:00.000,78,36,42
2014-11-03T16:00:00.000,156,67,89
2014-11-03T17:00:00.000,426,141,285
2014-11-03T18:00:00.000,292,90,202
2014-11-03T19:00:00.000,115,40,75
2014-11-03T20:00:00.000,51,10,41
2014-11-03T21:00:00.000,26,5,21
2014-11-03T22:00:00.000,20,8,12
2014-11-03T23:00:00.000,12,7,5
2014-11-04T00:00:00.000,7,4,3
2014-11-04T01:00:00.000,4,3,1
2014-11-04T02:00:00.000,1,0,1
2014-11-04T03:00:00.000,4,3,1
2014-11-04T04:00:00.000,10,3,7
2014-11-04T05:00:00.000,32,26,6
2014-11-04T06:00:00.000,94,68,26
2014-11-04T07:00:00.000,294,208,86
2014-11-04T08:00:00.000,444,311,133
2014-11-04T09:00:00.000,208,128,80
2014-11-04T10:00:00.000,66,36,30
2014-11-04T11:00:00.000,53,29,24
2014-11-04T12:00:00.000,66,27,39
2014-11-04T13:00:00.000,60,33,27
2014-11-04T14:00:00.000,57,29,28
2014-11-04T15:00:00.000,92,34,58
2014-11-04T16:00:00.000,189,73,116
2014-11-04T17:00:00.000,450,154,296
2014-11-04T18:00:00.000,328,120,208
2014-11-04T19:00:00.000,160,60,100
2014-11-04T20:00:00.000,61,28,33
2014-11-04T21:00:00.000,53,19,34
2014-11-04T22:00:00.000,32,16,16
2014-11-04T23:00:00.000,25,13,12
2014-11-05T00:00:00.000,4,1,3
2014-11-05T01:00:00.000,2,1,1
2014-11-05T02:00:00.000,3,1,2
2014-11-05T03:00:00.000,9,6,3
2014-11-05T04:00:00.000,2,1,1
2014-11-05T05:00:00.000,32,26,6
2014-11-05T06:00:00.000,128,84,44
2014-11-05T07:00:00.000,319,242,77
2014-11-05T08:00:00.000,396,261,135
2014-11-05T09:00:00.000,211,112,99
2014-11-05T10:00:00.000,85,12,73
2014-11-05T11:00:00.000,69,1,68
2014-11-05T12:00:00.000,65,0,65
2014-11-05T13:00:00.000,67,0,67
2014-11-05T14:00:00.000,69,8,61
2014-11-05T15:00:00.000,101,37,64
2014-11-05T16:00:00.000,196,81,115
2014-11-05T17:00:00.000,404,125,279
2014-11-05T18:00:00.000,317,104,213
2014-11-05T19:00:00.000,144,57,87
2014-11-05T20:00:00.000,70,28,42
2014-11-05T21:00:00.000,34,10,24
2014-11-05T22:00:00.000,26,12,14
2014-11-05T23:00:00.000,19,9,10
2014-11-06T00:00:00.000,12,5,7
2014-11-06T01:00:00.000,6,5,1
2014-11-06T02:00:00.000,3,2,1
2014-11-06T03:00:00.000,4,3,1
2014-11-06T04:00:00.000,5,4,1
2014-11-06T05:00:00.000,31,22,9
2014-11-06T06:00:00.000,87,63,24
2014-11-06T07:00:00.000,261,183,78
2014-11-06T08:00:00.000,276,194,82
2014-11-06T09:00:00.000,161,106,55
2014-11-06T10:00:00.000,80,53,27
2014-11-06T11:00:00.000,54,29,25
2014-11-06T12:00:00.000,55,28,27
2014-11-06T13:00:00.000,49,23,26
2014-11-06T14:00:00.000,55,32,23
2014-11-06T15:00:00.000,97,53,44
2014-11-06T16:00:00.000,162,65,97
2014-11-06T17:00:00.000,346,112,234
2014-11-06T18:00:00.000,235,73,162
2014-11-06T19:00:00.000,136,51,85
2014-11-06T20:00:00.000,49,22,27
2014-11-06T21:00:00.000,36,8,28
2014-11-06T22:00:00.000,21,6,15
2014-11-06T23:00:00.000,27,11,16
2014-11-07T00:00:00.000,13,5,8
2014-11-07T01:00:00.000,5,3,2
2014-11-07T02:00:00.000,4,2,2
2014-11-07T03:00:00.000,3,2,1
2014-11-07T04:00:00.000,6,3,3
2014-11-07T05:00:00.000,32,26,6
2014-11-07T06:00:00.000,93,60,33
2014-11-07T07:00:00.000,278,212,66
2014-11-07T08:00:00.000,381,236,145
2014-11-07T09:00:00.000,247,160,87
2014-11-07T10:00:00.000,149,29,120
2014-11-07T11:00:00.000,90,13,77
2014-11-07T12:00:00.000,96,13,83
2014-11-07T13:00:00.000,124,14,110
2014-11-07T14:00:00.000,146,19,127
2014-11-07T15:00:00.000,135,47,88
2014-11-07T16:00:00.000,273,100,173
2014-11-07T17:00:00.000,460,131,329
2014-11-07T18:00:00.000,278,81,197
2014-11-07T19:00:00.000,118,37,81
2014-11-07T20:00:00.000,60,17,43
2014-11-07T21:00:00.000,33,16,17
2014-11-07T22:00:00.000,28,10,18
2014-11-07T23:00:00.000,26,16,10
2014-11-08T00:00:00.000,14,7,7
2014-11-08T01:00:00.000,8,5,3
2014-11-08T02:00:00.000,6,3,3
2014-11-08T03:00:00.000,7,2,5
2014-11-08T04:00:00.000,3,3,0
2014-11-08T05:00:00.000,6,2,4
2014-11-08T06:00:00.000,13,5,8
2014-11-08T07:00:00.000,41,12,29
2014-11-08T08:00:00.000,81,23,58
2014-11-08T09:00:00.000,110,39,71
2014-11-08T10:00:00.000,126,48,78
2014-11-08T11:00:00.000,174,60,114
2014-11-08T12:00:00.000,183,55,128
2014-11-08T13:00:00.000,238,61,177
2014-11-08T14:00:00.000,247,60,187
2014-11-08T15:00:00.000,153,69,84
2014-11-08T16:00:00.000,129,51,78
2014-11-08T17:00:00.000,95,40,55
2014-11-08T18:00:00.000,57,18,39
2014-11-08T19:00:00.000,35,15,20
2014-11-08T20:00:00.000,48,5,43
2014-11-08T21:00:00.000,25,8,17
2014-11-08T22:00:00.000,28,9,19
2014-11-08T23:00:00.000,27,8,19
2014-11-09T00:00:00.000,22,5,17
2014-11-09T01:00:00.000,6,4,2
2014-11-09T02:00:00.000,6,3,3
2014-11-09T03:00:00.000,4,3,1
2014-11-09T04:00:00.000,3,1,2
2014-11-09T05:00:00.000,6,2,4
2014-11-09T06:00:00.000,10,5,5
2014-11-09T07:00:00.000,12,9,3
2014-11-09T08:00:00.000,29,14,15
2014-11-09T09:00:00.000,55,34,21
2014-11-09T10:00:00.000,60,30,30
2014-11-09T11:00:00.000,64,40,24
2014-11-09T12:00:00.000,73,45,28
2014-11-09T13:00:00.000,77,52,25
2014-11-09T14:00:00.000,72,51,21
2014-11-09T15:00:00.000,57,38,19
2014-11-09T16:00:00.000,51,27,24
2014-11-09T17:00:00.000,42,23,19
2014-11-09T18:00:00.000,32,22,10
2014-11-09T19:00:00.000,25,9,16
2014-11-09T20:00:00.000,15,7,8
2014-11-09T21:00:00.000,9,6,3
2014-11-09T22:00:00.000,11,8,3
2014-11-09T23:00:00.000,11,6,5
2014-11-10T00:00:00.000,7,6,1
2014-11-10T01:00:00.000,4,4,0
2014-11-10T02:00:00.000,5,1,4
2014-11-10T03:00:00.000,3,3,0
2014-11-10T04:00:00.000,6,5,1
2014-11-10T05:00:00.000,32,20,12
2014-11-10T06:00:00.000,108,72,36
2014-11-10T07:00:00.000,320,250,70
2014-11-10T08:00:00.000,477,336,141
2014-11-10T09:00:00.000,250,155,95
2014-11-10T10:00:00.000,126,39,87
2014-11-10T11:00:00.000,95,14,81
2014-11-10T12:00:00.000,80,15,65
2014-11-10T13:00:00.000,112,17,95
2014-11-10T14:00:00.000,111,29,82
2014-11-10T15:00:00.000,122,43,79
2014-11-10T16:00:00.000,275,98,177
2014-11-10T17:00:00.000,482,154,328
2014-11-10T18:00:00.000,328,96,232
2014-11-10T19:00:00.000,130,53,77
2014-11-10T20:00:00.000,62,26,36
2014-11-10T21:00:00.000,53,12,41
2014-11-10T22:00:00.000,49,16,33
2014-11-10T23:00:00.000,17,9,8
2014-11-11T00:00:00.000,16,4,12
2014-11-11T01:00:00.000,5,3,2
2014-11-11T02:00:00.000,10,1,9
2014-11-11T03:00:00.000,3,2,1
2014-11-11T04:00:00.000,5,4,1
2014-11-11T05:00:00.000,22,17,5
2014-11-11T06:00:00.000,87,61,26
2014-11-11T07:00:00.000,266,201,65
2014-11-11T08:00:00.000,354,248,106
2014-11-11T09:00:00.000,209,127,82
2014-11-11T10:00:00.000,114,34,80
2014-11-11T11:00:00.000,93,17,76
2014-11-11T12:00:00.000,120,15,105
2014-11-11T13:00:00.000,92,24,68
2014-11-11T14:00:00.000,130,20,110
2014-11-11T15:00:00.000,117,49,68
2014-11-11T16:00:00.000,217,84,133
2014-11-11T17:00:00.000,370,128,242
2014-11-11T18:00:00.000,296,86,210
2014-11-11T19:00:00.000,121,45,76
2014-11-11T20:00:00.000,60,18,42
2014-11-11T21:00:00.000,42,14,28
2014-11-11T22:00:00.000,28,10,18
2014-11-11T23:00:00.000,14,6,8
2014-11-12T00:00:00.000,7,3,4
2014-11-12T01:00:00.000,6,2,4
2014-11-12T02:00:00.000,3,1,2
2014-11-12T03:00:00.000,2,2,0
2014-11-12T04:00:00.000,7,6,1
2014-11-12T05:00:00.000,24,18,6
2014-11-12T06:00:00.000,91,66,25
2014-11-12T07:00:00.000,250,180,70
2014-11-12T08:00:00.000,403,271,132
2014-11-12T09:00:00.000,224,146,78
2014-11-12T10:00:00.000,104,29,75
2014-11-12T11:00:00.000,66,12,54
2014-11-12T12:00:00.000,68,10,58
2014-11-12T13:00:00.000,71,11,60
2014-11-12T14:00:00.000,95,19,76
2014-11-12T15:00:00.000,96,46,50
2014-11-12T16:00:00.000,204,91,113
2014-11-12T17:00:00.000,397,126,271
2014-11-12T18:00:00.000,327,106,221
2014-11-12T19:00:00.000,136,48,88
2014-11-12T20:00:00.000,70,32,38
2014-11-12T21:00:00.000,43,14,29
2014-11-12T22:00:00.000,29,13,16
2014-11-12T23:00:00.000,19,6,13
2014-11-13T00:00:00.000,8,4,4
2014-11-13T01:00:00.000,3,2,1
2014-11-13T02:00:00.000,3,1,2
2014-11-13T03:00:00.000,3,2,1
2014-11-13T04:00:00.000,6,4,2
2014-11-13T05:00:00.000,30,23,7
2014-11-13T06:00:00.000,82,59,23
2014-11-13T07:00:00.000,267,195,72
2014-11-13T08:00:00.000,388,281,107
2014-11-13T09:00:00.000,223,149,74
2014-11-13T10:00:00.000,108,28,80
2014-11-13T11:00:00.000,53,9,44
2014-11-13T12:00:00.000,64,10,54
2014-11-13T13:00:00.000,64,15,49
2014-11-13T14:00:00.000,94,18,76
2014-11-13T15:00:00.000,104,43,61
2014-11-13T16:00:00.000,198,71,127
2014-11-13T17:00:00.000,357,129,228
2014-11-13T18:00:00.000,268,90,178
2014-11-13T19:00:00.000,143,59,84
2014-11-13T20:00:00.000,57,21,36
2014-11-13T21:00:00.000,47,13,34
2014-11-13T22:00:00.000,26,9,17
2014-11-13T23:00:00.000,20,9,11
2014-11-14T00:00:00.000,12,6,6
2014-11-14T01:00:00.000,5,3,2
2014-11-14T02:00:00.000,3,2,1
2014-11-14T03:00:00.000,3,1,2
2014-11-14T04:00:00.000,5,5,0
2014-11-14T05:00:00.000,27,17,10
2014-11-14T06:00:00.000,80,48,32
2014-11-14T07:00:00.000,202,151,51
2014-11-14T08:00:00.000,319,223,96
2014-11-14T09:00:00.000,204,178,26
2014-11-14T10:00:00.000,93,91,2
2014-11-14T11:00:00.000,27,24,3
2014-11-14T12:00:00.000,27,24,3
2014-11-14T13:00:00.000,33,26,7
2014-11-14T14:00:00.000,51,47,4
2014-11-14T15:00:00.000,100,37,63
2014-11-14T16:00:00.000,200,78,122
2014-11-14T17:00:00.000,351,104,247
2014-11-14T18:00:00.000,221,66,155
2014-11-14T19:00:00.000,83,35,48
2014-11-14T20:00:00.000,49,14,35
2014-11-14T21:00:00.000,30,8,22
2014-11-14T22:00:00.000,27,8,19
2014-11-14T23:00:00.000,25,10,15
2014-11-15T00:00:00.000,10,4,6
2014-11-15T01:00:00.000,9,4,5
2014-11-15T02:00:00.000,9,4,5
2014-11-15T03:00:00.000,1,0,1
2014-11-15T04:00:00.000,1,1,0
2014-11-15T05:00:00.000,2,1,1
2014-11-15T06:00:00.000,19,8,11
2014-11-15T07:00:00.000,15,9,6
2014-11-15T08:00:00.000,49,26,23
2014-11-15T09:00:00.000,57,34,23
2014-11-15T10:00:00.000,79,53,26
2014-11-15T11:00:00.000,71,39,32
2014-11-15T12:00:00.000,96,55,41
2014-11-15T13:00:00.000,119,66,53
2014-11-15T14:00:00.000,115,61,54
2014-11-15T15:00:00.000,114,59,55
2014-11-15T16:00:00.000,112,76,36
2014-11-15T17:00:00.000,69,34,35
2014-11-15T18:00:00.000,59,27,32
2014-11-15T19:00:00.000,18,3,15
2014-11-15T20:00:00.000,14,4,10
2014-11-15T21:00:00.000,14,6,8
2014-11-15T22:00:00.000,15,8,7
2014-11-15T23:00:00.000,16,8,8
2014-11-16T00:00:00.000,11,3,8
2014-11-16T01:00:00.000,3,2,1
2014-11-16T02:00:00.000,3,3,0
2014-11-16T03:00:00.000,0,0,0
2014-11-16T04:00:00.000,4,2,2
2014-11-16T05:00:00.000,1,0,1
2014-11-16T06:00:00.000,8,2,6
2014-11-16T07:00:00.000,11,7,4
2014-11-16T08:00:00.000,28,11,17
2014-11-16T09:00:00.000,67,42,25
2014-11-16T10:00:00.000,52,27,25
2014-11-16T11:00:00.000,71,41,30
2014-11-16T12:00:00.000,97,50,47
2014-11-16T13:00:00.000,150,78,72
2014-11-16T14:00:00.000,116,70,46
2014-11-16T15:00:00.000,127,70,57
2014-11-16T16:00:00.000,94,55,39
2014-11-16T17:00:00.000,57,30,27
2014-11-16T18:00:00.000,44,15,29
2014-11-16T19:00:00.000,14,4,10
2014-11-16T20:00:00.000,18,7,11
2014-11-16T21:00:00.000,8,2,6
2014-11-16T22:00:00.000,11,5,6
2014-11-16T23:00:00.000,9,4,5
2014-11-17T00:00:00.000,6,3,3
2014-11-17T01:00:00.000,3,1,2
2014-11-17T02:00:00.000,1,1,0
2014-11-17T03:00:00.000,2,2,0
2014-11-17T04:00:00.000,6,5,1
2014-11-17T05:00:00.000,29,18,11
2014-11-17T06:00:00.000,89,54,35
2014-11-17T07:00:00.000,274,213,61
2014-11-17T08:00:00.000,423,301,122
2014-11-17T09:00:00.000,206,180,26
2014-11-17T10:00:00.000,85,76,9
2014-11-17T11:00:00.000,50,47,3
2014-11-17T12:00:00.000,60,53,7
2014-11-17T13:00:00.000,66,62,4
2014-11-17T14:00:00.000,70,66,4
2014-11-17T15:00:00.000,93,46,47
2014-11-17T16:00:00.000,211,86,125
2014-11-17T17:00:00.000,430,129,301
2014-11-17T18:00:00.000,333,95,238
2014-11-17T19:00:00.000,130,40,90
2014-11-17T20:00:00.000,53,17,36
2014-11-17T21:00:00.000,34,12,22
2014-11-17T22:00:00.000,31,14,17
2014-11-17T23:00:00.000,13,3,10
2014-11-18T00:00:00.000,4,3,1
2014-11-18T01:00:00.000,2,2,0
2014-11-18T02:00:00.000,4,2,2
2014-11-18T03:00:00.000,1,1,0
2014-11-18T04:00:00.000,7,6,1
2014-11-18T05:00:00.000,26,18,8
2014-11-18T06:00:00.000,95,70,25
2014-11-18T07:00:00.000,294,215,79
2014-11-18T08:00:00.000,419,298,121
2014-11-18T09:00:00.000,211,182,29
2014-11-18T10:00:00.000,82,73,9
2014-11-18T11:00:00.000,57,52,5
2014-11-18T12:00:00.000,56,12,44
2014-11-18T13:00:00.000,63,0,63
2014-11-18T14:00:00.000,66,2,64
2014-11-18T15:00:00.000,120,47,73
2014-11-18T16:00:00.000,218,84,134
2014-11-18T17:00:00.000,422,129,293
2014-11-18T18:00:00.000,368,102,266
2014-11-18T19:00:00.000,151,52,99
2014-11-18T20:00:00.000,64,19,45
2014-11-18T21:00:00.000,54,19,35
2014-11-18T22:00:00.000,26,7,19
2014-11-18T23:00:00.000,23,9,14
2014-11-19T00:00:00.000,5,3,2
2014-11-19T01:00:00.000,5,5,0
2014-11-19T02:00:00.000,2,2,0
2014-11-19T03:00:00.000,1,1,0
2014-11-19T04:00:00.000,5,2,3
2014-11-19T05:00:00.000,33,24,9
2014-11-19T06:00:00.000,83,54,29
2014-11-19T07:00:00.000,292,213,79
2014-11-19T08:00:00.000,432,293,139
2014-11-19T09:00:00.000,229,146,83
2014-11-19T10:00:00.000,82,13,69
2014-11-19T11:00:00.000,52,0,52
2014-11-19T12:00:00.000,49,0,49
2014-11-19T13:00:00.000,56,0,56
2014-11-19T14:00:00.000,86,5,81
2014-11-19T15:00:00.000,99,45,54
2014-11-19T16:00:00.000,201,93,108
2014-11-19T17:00:00.000,429,136,293
2014-11-19T18:00:00.000,348,104,244
2014-11-19T19:00:00.000,155,49,106
2014-11-19T20:00:00.000,82,26,56
2014-11-19T21:00:00.000,64,28,36
2014-11-19T22:00:00.000,29,12,17
2014-11-19T23:00:00.000,16,6,10
2014-11-20T00:00:00.000,15,8,7
2014-11-20T01:00:00.000,2,2,0
2014-11-20T02:00:00.000,2,1,1
2014-11-20T03:00:00.000,1,1,0
2014-11-20T04:00:00.000,4,2,2
2014-11-20T05:00:00.000,24,17,7
2014-11-20T06:00:00.000,102,70,32
2014-11-20T07:00:00.000,253,189,64
2014-11-20T08:00:00.000,415,287,128
2014-11-20T09:00:00.000,238,157,81
2014-11-20T10:00:00.000,101,8,93
2014-11-20T11:00:00.000,54,1,53
2014-11-20T12:00:00.000,47,3,44
2014-11-20T13:00:00.000,48,1,47
2014-11-20T14:00:00.000,71,14,57
2014-11-20T15:00:00.000,111,51,60
2014-11-20T16:00:00.000,179,70,109
2014-11-20T17:00:00.000,386,125,261
2014-11-20T18:00:00.000,295,87,208
2014-11-20T19:00:00.000,145,46,99
2014-11-20T20:00:00.000,125,29,96
2014-11-20T21:00:00.000,44,13,31
2014-11-20T22:00:00.000,37,16,21
2014-11-20T23:00:00.000,26,10,16
2014-11-21T00:00:00.000,10,4,6
2014-11-21T01:00:00.000,0,0,0
2014-11-21T02:00:00.000,8,4,4
2014-11-21T03:00:00.000,2,1,1
2014-11-21T04:00:00.000,7,6,1
2014-11-21T05:00:00.000,26,24,2
2014-11-21T06:00:00.000,78,52,26
2014-11-21T07:00:00.000,196,139,57
2014-11-21T08:00:00.000,267,177,90
2014-11-21T09:00:00.000,166,112,54
2014-11-21T10:00:00.000,66,36,30
2014-11-21T11:00:00.000,35,22,13
2014-11-21T12:00:00.000,28,12,16
2014-11-21T13:00:00.000,33,16,17
2014-11-21T14:00:00.000,35,16,19
2014-11-21T15:00:00.000,39,14,25
2014-11-21T16:00:00.000,128,47,81
2014-11-21T17:00:00.000,273,87,186
2014-11-21T18:00:00.000,181,58,123
2014-11-21T19:00:00.000,76,27,49
2014-11-21T20:00:00.000,34,7,27
2014-11-21T21:00:00.000,32,14,18
2014-11-21T22:00:00.000,25,16,9
2014-11-21T23:00:00.000,13,8,5
2014-11-22T00:00:00.000,7,2,5
2014-11-22T01:00:00.000,8,2,6
2014-11-22T02:00:00.000,5,3,2
2014-11-22T03:00:00.000,2,0,2
2014-11-22T04:00:00.000,2,0,2
2014-11-22T05:00:00.000,7,4,3
2014-11-22T06:00:00.000,11,3,8
2014-11-22T07:00:00.000,18,10,8
2014-11-22T08:00:00.000,44,27,17
2014-11-22T09:00:00.000,64,33,31
2014-11-22T10:00:00.000,85,38,47
2014-11-22T11:00:00.000,94,59,35
2014-11-22T12:00:00.000,76,45,31
2014-11-22T13:00:00.000,84,44,40
2014-11-22T14:00:00.000,97,49,48
2014-11-22T15:00:00.000,116,66,50
2014-11-22T16:00:00.000,97,49,48
2014-11-22T17:00:00.000,62,33,29
2014-11-22T18:00:00.000,60,23,37
2014-11-22T19:00:00.000,34,20,14
2014-11-22T20:00:00.000,23,12,11
2014-11-22T21:00:00.000,21,7,14
2014-11-22T22:00:00.000,21,11,10
2014-11-22T23:00:00.000,16,10,6
2014-11-23T00:00:00.000,12,3,9
2014-11-23T01:00:00.000,6,3,3
2014-11-23T02:00:00.000,8,7,1
2014-11-23T03:00:00.000,3,2,1
2014-11-23T04:00:00.000,3,2,1
2014-11-23T05:00:00.000,3,1,2
2014-11-23T06:00:00.000,6,4,2
2014-11-23T07:00:00.000,8,5,3
2014-11-23T08:00:00.000,20,6,14
2014-11-23T09:00:00.000,39,29,10
2014-11-23T10:00:00.000,31,18,13
2014-11-23T11:00:00.000,60,35,25
2014-11-23T12:00:00.000,63,40,23
2014-11-23T13:00:00.000,80,43,37
2014-11-23T14:00:00.000,95,50,45
2014-11-23T15:00:00.000,96,53,43
2014-11-23T16:00:00.000,81,42,39
2014-11-23T17:00:00.000,58,29,29
2014-11-23T18:00:00.000,35,14,21
2014-11-23T19:00:00.000,26,14,12
2014-11-23T20:00:00.000,23,10,13
2014-11-23T21:00:00.000,10,3,7
2014-11-23T22:00:00.000,12,5,7
2014-11-23T23:00:00.000,9,7,2
2014-11-24T00:00:00.000,2,0,2
2014-11-24T01:00:00.000,2,1,1
2014-11-24T02:00:00.000,2,1,1
2014-11-24T03:00:00.000,2,2,0
2014-11-24T04:00:00.000,8,6,2
2014-11-24T05:00:00.000,26,17,9
2014-11-24T06:00:00.000,95,66,29
2014-11-24T07:00:00.000,260,196,64
2014-11-24T08:00:00.000,407,278,129
2014-11-24T09:00:00.000,173,155,18
2014-11-24T10:00:00.000,73,72,1
2014-11-24T11:00:00.000,49,49,0
2014-11-24T12:00:00.000,39,39,0
2014-11-24T13:00:00.000,47,47,0
2014-11-24T14:00:00.000,49,45,4
2014-11-24T15:00:00.000,78,36,42
2014-11-24T16:00:00.000,177,76,101
2014-11-24T17:00:00.000,390,117,273
2014-11-24T18:00:00.000,287,69,218
2014-11-24T19:00:00.000,117,40,77
2014-11-24T20:00:00.000,56,19,37
2014-11-24T21:00:00.000,40,17,23
2014-11-24T22:00:00.000,26,14,12
2014-11-24T23:00:00.000,13,5,8
2014-11-25T00:00:00.000,8,6,2
2014-11-25T01:00:00.000,1,0,1
2014-11-25T02:00:00.000,5,4,1
2014-11-25T03:00:00.000,2,1,1
2014-11-25T04:00:00.000,8,6,2
2014-11-25T05:00:00.000,22,15,7
2014-11-25T06:00:00.000,74,50,24
2014-11-25T07:00:00.000,195,152,43
2014-11-25T08:00:00.000,290,200,90
2014-11-25T09:00:00.000,153,134,19
2014-11-25T10:00:00.000,69,68,1
2014-11-25T11:00:00.000,34,33,1
2014-11-25T12:00:00.000,30,30,0
2014-11-25T13:00:00.000,47,27,20
2014-11-25T14:00:00.000,60,26,34
2014-11-25T15:00:00.000,57,19,38
2014-11-25T16:00:00.000,145,62,83
2014-11-25T17:00:00.000,283,83,200
2014-11-25T18:00:00.000,239,70,169
2014-11-25T19:00:00.000,116,42,74
2014-11-25T20:00:00.000,50,22,28
2014-11-25T21:00:00.000,27,12,15
2014-11-25T22:00:00.000,19,10,9
2014-11-25T23:00:00.000,17,6,11
2014-11-26T00:00:00.000,10,4,6
2014-11-26T01:00:00.000,3,2,1
2014-11-26T02:00:00.000,0,0,0
2014-11-26T03:00:00.000,1,0,1
2014-11-26T04:00:00.000,2,2,0
2014-11-26T05:00:00.000,25,22,3
2014-11-26T06:00:00.000,57,37,20
2014-11-26T07:00:00.000,179,130,49
2014-11-26T08:00:00.000,292,191,101
2014-11-26T09:00:00.000,193,113,80
2014-11-26T10:00:00.000,91,62,29
2014-11-26T11:00:00.000,65,40,25
2014-11-26T12:00:00.000,87,51,36
2014-11-26T13:00:00.000,120,59,61
2014-11-26T14:00:00.000,117,58,59
2014-11-26T15:00:00.000,184,71,113
2014-11-26T16:00:00.000,230,89,141
2014-11-26T17:00:00.000,245,92,153
2014-11-26T18:00:00.000,160,63,97
2014-11-26T19:00:00.000,59,26,33
2014-11-26T20:00:00.000,58,21,37
2014-11-26T21:00:00.000,25,14,11
2014-11-26T22:00:00.000,15,5,10
2014-11-26T23:00:00.000,21,10,11
2014-11-27T00:00:00.000,10,4,6
2014-11-27T01:00:00.000,3,2,1
2014-11-27T02:00:00.000,2,1,1
2014-11-27T03:00:00.000,2,2,0
2014-11-27T04:00:00.000,1,1,0
2014-11-27T05:00:00.000,2,1,1
2014-11-27T06:00:00.000,14,12,2
2014-11-27T07:00:00.000,9,6,3
2014-11-27T08:00:00.000,30,20,10
2014-11-27T09:00:00.000,40,19,21
2014-11-27T10:00:00.000,48,30,18
2014-11-27T11:00:00.000,73,45,28
2014-11-27T12:00:00.000,61,36,25
2014-11-27T13:00:00.000,59,43,16
2014-11-27T14:00:00.000,23,15,8
2014-11-27T15:00:00.000,30,17,13
2014-11-27T16:00:00.000,17,10,7
2014-11-27T17:00:00.000,11,1,10
2014-11-27T18:00:00.000,4,0,4
2014-11-27T19:00:00.000,5,3,2
2014-11-27T20:00:00.000,13,9,4
2014-11-27T21:00:00.000,19,9,10
2014-11-27T22:00:00.000,9,5,4
2014-11-27T23:00:00.000,15,4,11
2014-11-28T00:00:00.000,8,7,1
2014-11-28T01:00:00.000,0,0,0
2014-11-28T02:00:00.000,2,2,0
2014-11-28T03:00:00.000,5,1,4
2014-11-28T04:00:00.000,13,9,4
2014-11-28T05:00:00.000,8,5,3
2014-11-28T06:00:00.000,13,6,7
2014-11-28T07:00:00.000,17,12,5
2014-11-28T08:00:00.000,26,19,7
2014-11-28T09:00:00.000,19,12,7
2014-11-28T10:00:00.000,12,6,6
2014-11-28T11:00:00.000,9,3,6
2014-11-28T12:00:00.000,15,12,3
2014-11-28T13:00:00.000,19,12,7
2014-11-28T14:00:00.000,25,13,12
2014-11-28T15:00:00.000,16,5,11
2014-11-28T16:00:00.000,25,9,16
2014-11-28T17:00:00.000,20,10,10
2014-11-28T18:00:00.000,15,7,8
2014-11-28T19:00:00.000,17,7,10
2014-11-28T20:00:00.000,14,4,10
2014-11-28T21:00:00.000,6,3,3
2014-11-28T22:00:00.000,9,3,6
2014-11-28T23:00:00.000,11,4,7
2014-11-29T00:00:00.000,5,2,3
2014-11-29T01:00:00.000,2,2,0
2014-11-29T02:00:00.000,4,2,2
2014-11-29T03:00:00.000,1,1,0
2014-11-29T04:00:00.000,1,0,1
2014-11-29T05:00:00.000,5,3,2
2014-11-29T06:00:00.000,7,3,4
2014-11-29T07:00:00.000,8,4,4
2014-11-29T08:00:00.000,19,6,13
2014-11-29T09:00:00.000,33,25,8
2014-11-29T10:00:00.000,20,11,9
2014-11-29T11:00:00.000,18,10,8
2014-11-29T12:00:00.000,26,10,16
2014-11-29T13:00:00.000,29,19,10
2014-11-29T14:00:00.000,29,14,15
2014-11-29T15:00:00.000,26,11,15
2014-11-29T16:00:00.000,24,10,14
2014-11-29T17:00:00.000,23,12,11
2014-11-29T18:00:00.000,14,8,6
2014-11-29T19:00:00.000,14,3,11
2014-11-29T20:00:00.000,16,5,11
2014-11-29T21:00:00.000,8,3,5
2014-11-29T22:00:00.000,9,4,5
2014-11-29T23:00:00.000,4,1,3
2014-11-30T00:00:00.000,6,1,5
2014-11-30T01:00:00.000,1,0,1
2014-11-30T02:00:00.000,4,1,3
2014-11-30T03:00:00.000,1,1,0
2014-11-30T04:00:00.000,2,1,1
2014-11-30T05:00:00.000,3,1,2
2014-11-30T06:00:00.000,3,2,1
2014-11-30T07:00:00.000,5,3,2
2014-11-30T08:00:00.000,24,12,12
2014-11-30T09:00:00.000,27,15,12
2014-11-30T10:00:00.000,28,10,18
2014-11-30T11:00:00.000,28,18,10
2014-11-30T12:00:00.000,38,17,21
2014-11-30T13:00:00.000,54,29,25
2014-11-30T14:00:00.000,61,37,24
2014-11-30T15:00:00.000,40,21,19
2014-11-30T16:00:00.000,52,27,25
2014-11-30T17:00:00.000,35,18,17
2014-11-30T18:00:00.000,24,11,13
2014-11-30T19:00:00.000,10,5,5
2014-11-30T20:00:00.000,11,3,8
2014-11-30T21:00:00.000,16,3,13
2014-11-30T22:00:00.000,13,5,8
2014-11-30T23:00:00.000,7,2,5
2014-12-01T00:00:00.000,5,4,1
2014-12-01T01:00:00.000,0,0,0
2014-12-01T02:00:00.000,3,2,1
2014-12-01T03:00:00.000,2,1,1
2014-12-01T04:00:00.000,1,0,1
2014-12-01T05:00:00.000,24,20,4
2014-12-01T06:00:00.000,53,32,21
2014-12-01T07:00:00.000,176,144,32
2014-12-01T08:00:00.000,287,213,74
2014-12-01T09:00:00.000,160,110,50
2014-12-01T10:00:00.000,60,37,23
2014-12-01T11:00:00.000,47,24,23
2014-12-01T12:00:00.000,36,19,17
2014-12-01T13:00:00.000,39,13,26
2014-12-01T14:00:00.000,52,26,26
2014-12-01T15:00:00.000,64,26,38
2014-12-01T16:00:00.000,110,44,66
2014-12-01T17:00:00.000,278,83,195
2014-12-01T18:00:00.000,217,69,148
2014-12-01T19:00:00.000,90,35,55
2014-12-01T20:00:00.000,49,23,26
2014-12-01T21:00:00.000,25,9,16
2014-12-01T22:00:00.000,15,7,8
2014-12-01T23:00:00.000,16,3,13
2014-12-02T00:00:00.000,4,3,1
2014-12-02T01:00:00.000,5,2,3
2014-12-02T02:00:00.000,1,1,0
2014-12-02T03:00:00.000,6,3,3
2014-12-02T04:00:00.000,2,1,1
2014-12-02T05:00:00.000,26,20,6
2014-12-02T06:00:00.000,83,55,28
2014-12-02T07:00:00.000,207,149,58
2014-12-02T08:00:00.000,340,232,108
2014-12-02T09:00:00.000,162,149,13
2014-12-02T10:00:00.000,63,47,16
2014-12-02T11:00:00.000,29,0,29
2014-12-02T12:00:00.000,58,0,58
2014-12-02T13:00:00.000,45,0,45
2014-12-02T14:00:00.000,58,3,55
2014-12-02T15:00:00.000,80,31,49
2014-12-02T16:00:00.000,163,73,90
2014-12-02T17:00:00.000,304,91,213
2014-12-02T18:00:00.000,262,80,182
2014-12-02T19:00:00.000,113,39,74
2014-12-02T20:00:00.000,58,22,36
2014-12-02T21:00:00.000,39,21,18
2014-12-02T22:00:00.000,19,12,7
2014-12-02T23:00:00.000,12,3,9
2014-12-03T00:00:00.000,4,1,3
2014-12-03T01:00:00.000,3,2,1
2014-12-03T02:00:00.000,2,2,0
2014-12-03T03:00:00.000,3,2,1
2014-12-03T04:00:00.000,3,3,0
2014-12-03T05:00:00.000,23,21,2
2014-12-03T06:00:00.000,61,40,21
2014-12-03T07:00:00.000,223,162,61
2014-12-03T08:00:00.000,346,236,110
2014-12-03T09:00:00.000,209,140,69
2014-12-03T10:00:00.000,70,9,61
2014-12-03T11:00:00.000,46,0,46
2014-12-03T12:00:00.000,54,0,54
2014-12-03T13:00:00.000,37,0,37
2014-12-03T14:00:00.000,69,2,67
2014-12-03T15:00:00.000,81,22,59
2014-12-03T16:00:00.000,147,66,81
2014-12-03T17:00:00.000,349,119,230
2014-12-03T18:00:00.000,280,84,196
2014-12-03T19:00:00.000,123,43,80
2014-12-03T20:00:00.000,68,21,47
2014-12-03T21:00:00.000,49,26,23
2014-12-03T22:00:00.000,25,11,14
2014-12-03T23:00:00.000,19,7,12
2014-12-04T00:00:00.000,10,4,6
2014-12-04T01:00:00.000,3,2,1
2014-12-04T02:00:00.000,3,3,0
2014-12-04T03:00:00.000,3,1,2
2014-12-04T04:00:00.000,3,0,3
2014-12-04T05:00:00.000,23,19,4
2014-12-04T06:00:00.000,80,58,22
2014-12-04T07:00:00.000,212,150,62
2014-12-04T08:00:00.000,339,234,105
2014-12-04T09:00:00.000,192,136,56
2014-12-04T10:00:00.000,63,13,50
2014-12-04T11:00:00.000,35,0,35
2014-12-04T12:00:00.000,33,0,33
2014-12-04T13:00:00.000,44,0,44
2014-12-04T14:00:00.000,51,0,51
2014-12-04T15:00:00.000,72,29,43
2014-12-04T16:00:00.000,137,60,77
2014-12-04T17:00:00.000,300,95,205
2014-12-04T18:00:00.000,239,67,172
2014-12-04T19:00:00.000,120,41,79
2014-12-04T20:00:00.000,60,17,43
2014-12-04T21:00:00.000,44,13,31
2014-12-04T22:00:00.000,19,6,13
2014-12-04T23:00:00.000,11,3,8
2014-12-05T00:00:00.000,8,2,6
2014-12-05T01:00:00.000,2,2,0
2014-12-05T02:00:00.000,1,1,0
2014-12-05T03:00:00.000,4,3,1
2014-12-05T04:00:00.000,3,3,0
2014-12-05T05:00:00.000,21,17,4
2014-12-05T06:00:00.000,70,45,25
2014-12-05T07:00:00.000,163,117,46
2014-12-05T08:00:00.000,280,174,106
2014-12-05T09:00:00.000,177,117,60
2014-12-05T10:00:00.000,61,33,28
2014-12-05T11:00:00.000,54,29,25
2014-12-05T12:00:00.000,40,26,14
2014-12-05T13:00:00.000,49,20,29
2014-12-05T14:00:00.000,53,27,26
2014-12-05T15:00:00.000,77,38,39
2014-12-05T16:00:00.000,152,64,88
2014-12-05T17:00:00.000,274,81,193
2014-12-05T18:00:00.000,210,57,153
2014-12-05T19:00:00.000,104,41,63
2014-12-05T20:00:00.000,41,15,26
2014-12-05T21:00:00.000,28,8,20
2014-12-05T22:00:00.000,39,19,20
2014-12-05T23:00:00.000,17,5,12
2014-12-06T00:00:00.000,17,6,11
2014-12-06T01:00:00.000,11,3,8
2014-12-06T02:00:00.000,8,4,4
2014-12-06T03:00:00.000,0,0,0
2014-12-06T04:00:00.000,4,2,2
2014-12-06T05:00:00.000,6,5,1
2014-12-06T06:00:00.000,13,4,9
2014-12-06T07:00:00.000,22,13,9
2014-12-06T08:00:00.000,44,29,15
2014-12-06T09:00:00.000,75,39,36
2014-12-06T10:00:00.000,63,34,29
2014-12-06T11:00:00.000,58,32,26
2014-12-06T12:00:00.000,77,46,31
2014-12-06T13:00:00.000,73,41,32
2014-12-06T14:00:00.000,81,51,30
2014-12-06T15:00:00.000,86,43,43
2014-12-06T16:00:00.000,71,29,42
2014-12-06T17:00:00.000,56,34,22
2014-12-06T18:00:00.000,34,15,19
2014-12-06T19:00:00.000,24,14,10
2014-12-06T20:00:00.000,27,14,13
2014-12-06T21:00:00.000,16,3,13
2014-12-06T22:00:00.000,14,6,8
2014-12-06T23:00:00.000,22,11,11
2014-12-07T00:00:00.000,8,6,2
2014-12-07T01:00:00.000,9,6,3
2014-12-07T02:00:00.000,6,0,6
2014-12-07T03:00:00.000,6,4,2
2014-12-07T04:00:00.000,2,1,1
2014-12-07T05:00:00.000,6,3,3
2014-12-07T06:00:00.000,6,2,4
2014-12-07T07:00:00.000,10,7,3
2014-12-07T08:00:00.000,57,36,21
2014-12-07T09:00:00.000,70,41,29
2014-12-07T10:00:00.000,135,73,62
2014-12-07T11:00:00.000,105,61,44
2014-12-07T12:00:00.000,130,55,75
2014-12-07T13:00:00.000,118,64,54
2014-12-07T14:00:00.000,101,65,36
2014-12-07T15:00:00.000,125,64,61
2014-12-07T16:00:00.000,90,39,51
2014-12-07T17:00:00.000,68,41,27
2014-12-07T18:00:00.000,42,16,26
2014-12-07T19:00:00.000,31,14,17
2014-12-07T20:00:00.000,21,10,11
2014-12-07T21:00:00.000,15,2,13
2014-12-07T22:00:00.000,17,9,8
2014-12-07T23:00:00.000,16,9,7
2014-12-08T00:00:00.000,4,2,2
2014-12-08T01:00:00.000,2,1,1
2014-12-08T02:00:00.000,3,3,0
2014-12-08T03:00:00.000,2,0,2
2014-12-08T04:00:00.000,2,2,0
2014-12-08T05:00:00.000,33,22,11
2014-12-08T06:00:00.000,102,64,38
2014-12-08T07:00:00.000,285,227,58
2014-12-08T08:00:00.000,390,275,115
2014-12-08T09:00:00.000,193,25,168
2014-12-08T10:00:00.000,65,0,65
2014-12-08T11:00:00.000,56,1,55
2014-12-08T12:00:00.000,44,3,41
2014-12-08T13:00:00.000,49,2,47
2014-12-08T14:00:00.000,66,11,55
2014-12-08T15:00:00.000,78,38,40
2014-12-08T16:00:00.000,161,65,96
2014-12-08T17:00:00.000,380,112,268
2014-12-08T18:00:00.000,303,84,219
2014-12-08T19:00:00.000,86,35,51
2014-12-08T20:00:00.000,43,16,27
2014-12-08T21:00:00.000,19,6,13
2014-12-08T22:00:00.000,16,4,12
2014-12-08T23:00:00.000,7,1,6
2014-12-09T00:00:00.000,3,3,0
2014-12-09T01:00:00.000,3,3,0
2014-12-09T02:00:00.000,2,2,0
2014-12-09T03:00:00.000,5,2,3
2014-12-09T04:00:00.000,1,1,0
2014-12-09T05:00:00.000,28,22,6
2014-12-09T06:00:00.000,85,59,26
2014-12-09T07:00:00.000,227,156,71
2014-12-09T08:00:00.000,327,217,110
2014-12-09T09:00:00.000,120,115,5
2014-12-09T10:00:00.000,48,48,0
2014-12-09T11:00:00.000,43,43,0
2014-12-09T12:00:00.000,28,28,0
2014-12-09T13:00:00.000,35,35,0
2014-12-09T14:00:00.000,51,51,0
2014-12-09T15:00:00.000,88,44,44
2014-12-09T16:00:00.000,182,87,95
2014-12-09T17:00:00.000,327,103,224
2014-12-09T18:00:00.000,280,95,185
2014-12-09T19:00:00.000,113,41,72
2014-12-09T20:00:00.000,58,23,35
2014-12-09T21:00:00.000,33,11,22
2014-12-09T22:00:00.000,21,8,13
2014-12-09T23:00:00.000,11,3,8
2014-12-10T00:00:00.000,5,3,2
2014-12-10T01:00:00.000,5,2,3
2014-12-10T02:00:00.000,3,3,0
2014-12-10T03:00:00.000,2,1,1
2014-12-10T04:00:00.000,2,1,1
2014-12-10T05:00:00.000,15,12,3
2014-12-10T06:00:00.000,80,52,28
2014-12-10T07:00:00.000,199,157,42
2014-12-10T08:00:00.000,298,298,0
2014-12-10T09:00:00.000,155,155,0
2014-12-10T10:00:00.000,75,75,0
2014-12-10T11:00:00.000,34,34,0
2014-12-10T12:00:00.000,37,37,0
2014-12-10T13:00:00.000,37,29,8
2014-12-10T14:00:00.000,31,18,13
2014-12-10T15:00:00.000,59,31,28
2014-12-10T16:00:00.000,136,43,93
2014-12-10T17:00:00.000,297,105,192
2014-12-10T18:00:00.000,241,67,174
2014-12-10T19:00:00.000,100,29,71
2014-12-10T20:00:00.000,67,25,42
2014-12-10T21:00:00.000,40,16,24
2014-12-10T22:00:00.000,18,9,9
2014-12-10T23:00:00.000,21,6,15
2014-12-11T00:00:00.000,7,2,5
2014-12-11T01:00:00.000,3,1,2
2014-12-11T02:00:00.000,4,2,2
2014-12-11T03:00:00.000,1,0,1
2014-12-11T04:00:00.000,4,3,1
2014-12-11T05:00:00.000,21,14,7
2014-12-11T06:00:00.000,64,47,17
2014-12-11T07:00:00.000,141,37,104
2014-12-11T08:00:00.000,194,0,194
2014-12-11T09:00:00.000,110,0,110
2014-12-11T10:00:00.000,55,0,55
2014-12-11T11:00:00.000,33,0,33
2014-12-11T12:00:00.000,18,0,18
2014-12-11T13:00:00.000,35,2,33
2014-12-11T14:00:00.000,42,20,22
2014-12-11T15:00:00.000,76,33,43
2014-12-11T16:00:00.000,146,64,82
2014-12-11T17:00:00.000,263,70,193
2014-12-11T18:00:00.000,208,58,150
2014-12-11T19:00:00.000,92,34,58
2014-12-11T20:00:00.000,29,9,20
2014-12-11T21:00:00.000,38,12,26
2014-12-11T22:00:00.000,22,11,11
2014-12-11T23:00:00.000,15,3,12
2014-12-12T00:00:00.000,4,1,3
2014-12-12T01:00:00.000,3,2,1
2014-12-12T02:00:00.000,3,0,3
2014-12-12T03:00:00.000,2,1,1
2014-12-12T04:00:00.000,4,3,1
2014-12-12T05:00:00.000,18,13,5
2014-12-12T06:00:00.000,74,44,30
2014-12-12T07:00:00.000,189,126,63
2014-12-12T08:00:00.000,319,221,98
2014-12-12T09:00:00.000,155,148,7
2014-12-12T10:00:00.000,66,66,0
2014-12-12T11:00:00.000,75,51,24
2014-12-12T12:00:00.000,60,29,31
2014-12-12T13:00:00.000,74,35,39
2014-12-12T14:00:00.000,91,50,41
2014-12-12T15:00:00.000,117,51,66
2014-12-12T16:00:00.000,200,73,127
2014-12-12T17:00:00.000,365,96,269
2014-12-12T18:00:00.000,223,75,148
2014-12-12T19:00:00.000,94,26,68
2014-12-12T20:00:00.000,71,26,45
2014-12-12T21:00:00.000,41,23,18
2014-12-12T22:00:00.000,27,15,12
2014-12-12T23:00:00.000,26,6,20
2014-12-13T00:00:00.000,13,2,11
2014-12-13T01:00:00.000,5,3,2
2014-12-13T02:00:00.000,9,6,3
2014-12-13T03:00:00.000,6,2,4
2014-12-13T04:00:00.000,2,0,2
2014-12-13T05:00:00.000,6,5,1
2014-12-13T06:00:00.000,16,9,7
2014-12-13T07:00:00.000,24,12,12
2014-12-13T08:00:00.000,50,22,28
2014-12-13T09:00:00.000,60,27,33
2014-12-13T10:00:00.000,85,51,34
2014-12-13T11:00:00.000,108,65,43
2014-12-13T12:00:00.000,110,69,41
2014-12-13T13:00:00.000,104,58,46
2014-12-13T14:00:00.000,146,76,70
2014-12-13T15:00:00.000,165,93,72
2014-12-13T16:00:00.000,97,46,51
2014-12-13T17:00:00.000,45,32,13
2014-12-13T18:00:00.000,43,24,19
2014-12-13T19:00:00.000,22,8,14
2014-12-13T20:00:00.000,20,7,13
2014-12-13T21:00:00.000,28,6,22
2014-12-13T22:00:00.000,16,9,7
2014-12-13T23:00:00.000,23,9,14
2014-12-14T00:00:00.000,16,6,10
2014-12-14T01:00:00.000,13,9,4
2014-12-14T02:00:00.000,6,1,5
2014-12-14T03:00:00.000,3,1,2
2014-12-14T04:00:00.000,3,2,1
2014-12-14T05:00:00.000,3,2,1
2014-12-14T06:00:00.000,10,2,8
2014-12-14T07:00:00.000,11,8,3
2014-12-14T08:00:00.000,47,25,22
2014-12-14T09:00:00.000,83,48,35
2014-12-14T10:00:00.000,92,58,34
2014-12-14T11:00:00.000,109,66,43
2014-12-14T12:00:00.000,125,84,41
2014-12-14T13:00:00.000,158,73,85
2014-12-14T14:00:00.000,134,86,48
2014-12-14T15:00:00.000,108,55,53
2014-12-14T16:00:00.000,107,58,49
2014-12-14T17:00:00.000,60,29,31
2014-12-14T18:00:00.000,43,21,22
2014-12-14T19:00:00.000,37,15,22
2014-12-14T20:00:00.000,24,9,15
2014-12-14T21:00:00.000,20,8,12
2014-12-14T22:00:00.000,11,8,3
2014-12-14T23:00:00.000,9,3,6
2014-12-15T00:00:00.000,4,2,2
2014-12-15T01:00:00.000,2,0,2
2014-12-15T02:00:00.000,1,1,0
2014-12-15T03:00:00.000,4,3,1
2014-12-15T04:00:00.000,2,2,0
2014-12-15T05:00:00.000,35,28,7
2014-12-15T06:00:00.000,99,66,33
2014-12-15T07:00:00.000,177,26,151
2014-12-15T08:00:00.000,242,0,242
2014-12-15T09:00:00.000,155,0,155
2014-12-15T10:00:00.000,53,0,53
2014-12-15T11:00:00.000,56,2,54
2014-12-15T12:00:00.000,44,1,43
2014-12-15T13:00:00.000,56,0,56
2014-12-15T14:00:00.000,61,2,59
2014-12-15T15:00:00.000,119,54,65
2014-12-15T16:00:00.000,200,77,123
2014-12-15T17:00:00.000,392,114,278
2014-12-15T18:00:00.000,310,75,235
2014-12-15T19:00:00.000,125,43,82
2014-12-15T20:00:00.000,59,15,44
2014-12-15T21:00:00.000,49,21,28
2014-12-15T22:00:00.000,23,9,14
2014-12-15T23:00:00.000,15,7,8
2014-12-16T00:00:00.000,10,3,7
2014-12-16T01:00:00.000,4,1,3
2014-12-16T02:00:00.000,3,1,2
2014-12-16T03:00:00.000,7,3,4
2014-12-16T04:00:00.000,4,4,0
2014-12-16T05:00:00.000,24,21,3
2014-12-16T06:00:00.000,93,65,28
2014-12-16T07:00:00.000,235,220,15
2014-12-16T08:00:00.000,319,319,0
2014-12-16T09:00:00.000,170,169,1
2014-12-16T10:00:00.000,64,64,0
2014-12-16T11:00:00.000,63,63,0
2014-12-16T12:00:00.000,62,60,2
2014-12-16T13:00:00.000,50,0,50
2014-12-16T14:00:00.000,67,5,62
2014-12-16T15:00:00.000,111,51,60
2014-12-16T16:00:00.000,183,72,111
2014-12-16T17:00:00.000,365,106,259
2014-12-16T18:00:00.000,329,99,230
2014-12-16T19:00:00.000,127,49,78
2014-12-16T20:00:00.000,62,23,39
2014-12-16T21:00:00.000,30,10,20
2014-12-16T22:00:00.000,23,8,15
2014-12-16T23:00:00.000,19,4,15
2014-12-17T00:00:00.000,7,4,3
2014-12-17T01:00:00.000,5,3,2
2014-12-17T02:00:00.000,3,2,1
2014-12-17T03:00:00.000,3,2,1
2014-12-17T04:00:00.000,5,4,1
2014-12-17T05:00:00.000,23,20,3
2014-12-17T06:00:00.000,71,54,17
2014-12-17T07:00:00.000,168,25,143
2014-12-17T08:00:00.000,246,6,240
2014-12-17T09:00:00.000,135,0,135
2014-12-17T10:00:00.000,59,1,58
2014-12-17T11:00:00.000,38,0,38
2014-12-17T12:00:00.000,33,31,2
2014-12-17T13:00:00.000,36,36,0
2014-12-17T14:00:00.000,51,44,7
2014-12-17T15:00:00.000,80,36,44
2014-12-17T16:00:00.000,146,54,92
2014-12-17T17:00:00.000,319,93,226
2014-12-17T18:00:00.000,289,78,211
2014-12-17T19:00:00.000,122,44,78
2014-12-17T20:00:00.000,61,18,43
2014-12-17T21:00:00.000,32,17,15
2014-12-17T22:00:00.000,22,9,13
2014-12-17T23:00:00.000,25,6,19
2014-12-18T00:00:00.000,9,2,7
2014-12-18T01:00:00.000,4,2,2
2014-12-18T02:00:00.000,3,2,1
2014-12-18T03:00:00.000,2,0,2
2014-12-18T04:00:00.000,4,2,2
2014-12-18T05:00:00.000,23,18,5
2014-12-18T06:00:00.000,78,58,20
2014-12-18T07:00:00.000,176,165,11
2014-12-18T08:00:00.000,308,305,3
2014-12-18T09:00:00.000,143,143,0
2014-12-18T10:00:00.000,76,76,0
2014-12-18T11:00:00.000,39,39,0
2014-12-18T12:00:00.000,41,38,3
2014-12-18T13:00:00.000,50,50,0
2014-12-18T14:00:00.000,44,39,5
2014-12-18T15:00:00.000,66,32,34
2014-12-18T16:00:00.000,137,49,88
2014-12-18T17:00:00.000,288,84,204
2014-12-18T18:00:00.000,238,63,175
2014-12-18T19:00:00.000,101,35,66
2014-12-18T20:00:00.000,49,11,38
2014-12-18T21:00:00.000,34,9,25
2014-12-18T22:00:00.000,17,5,12
2014-12-18T23:00:00.000,11,2,9
2014-12-19T00:00:00.000,7,2,5
2014-12-19T01:00:00.000,3,0,3
2014-12-19T02:00:00.000,1,1,0
2014-12-19T03:00:00.000,1,1,0
2014-12-19T04:00:00.000,4,4,0
2014-12-19T05:00:00.000,14,10,4
2014-12-19T06:00:00.000,66,46,20
2014-12-19T07:00:00.000,139,95,44
2014-12-19T08:00:00.000,223,144,79
2014-12-19T09:00:00.000,190,129,61
2014-12-19T10:00:00.000,70,50,20
2014-12-19T11:00:00.000,69,38,31
2014-12-19T12:00:00.000,70,38,32
2014-12-19T13:00:00.000,74,40,34
2014-12-19T14:00:00.000,66,28,38
2014-12-19T15:00:00.000,89,42,47
2014-12-19T16:00:00.000,178,61,117
2014-12-19T17:00:00.000,238,85,153
2014-12-19T18:00:00.000,167,63,104
2014-12-19T19:00:00.000,84,27,57
2014-12-19T20:00:00.000,48,23,25
2014-12-19T21:00:00.000,32,9,23
2014-12-19T22:00:00.000,21,11,10
2014-12-19T23:00:00.000,16,6,10
2014-12-20T00:00:00.000,14,5,9
2014-12-20T01:00:00.000,12,6,6
2014-12-20T02:00:00.000,6,5,1
2014-12-20T03:00:00.000,2,0,2
2014-12-20T04:00:00.000,1,1,0
2014-12-20T05:00:00.000,6,4,2
2014-12-20T06:00:00.000,12,5,7
2014-12-20T07:00:00.000,12,7,5
2014-12-20T08:00:00.000,29,18,11
2014-12-20T09:00:00.000,14,6,8
2014-12-20T10:00:00.000,31,16,15
2014-12-20T11:00:00.000,21,12,9
2014-12-20T12:00:00.000,29,12,17
2014-12-20T13:00:00.000,31,17,14
2014-12-20T14:00:00.000,31,18,13
2014-12-20T15:00:00.000,25,15,10
2014-12-20T16:00:00.000,37,23,14
2014-12-20T17:00:00.000,21,10,11
2014-12-20T18:00:00.000,25,14,11
2014-12-20T19:00:00.000,9,4,5
2014-12-20T20:00:00.000,17,11,6
2014-12-20T21:00:00.000,6,3,3
2014-12-20T22:00:00.000,7,2,5
2014-12-20T23:00:00.000,6,2,4
2014-12-21T00:00:00.000,14,7,7
2014-12-21T01:00:00.000,8,1,7
2014-12-21T02:00:00.000,12,2,10
2014-12-21T03:00:00.000,5,4,1
2014-12-21T04:00:00.000,4,3,1
2014-12-21T05:00:00.000,4,3,1
2014-12-21T06:00:00.000,9,2,7
2014-12-21T07:00:00.000,15,8,7
2014-12-21T08:00:00.000,29,18,11
2014-12-21T09:00:00.000,50,30,20
2014-12-21T10:00:00.000,58,31,27
2014-12-21T11:00:00.000,78,50,28
2014-12-21T12:00:00.000,79,39,40
2014-12-21T13:00:00.000,93,55,38
2014-12-21T14:00:00.000,71,50,21
2014-12-21T15:00:00.000,95,51,44
2014-12-21T16:00:00.000,54,23,31
2014-12-21T17:00:00.000,52,18,34
2014-12-21T18:00:00.000,31,18,13
2014-12-21T19:00:00.000,16,7,9
2014-12-21T20:00:00.000,11,8,3
2014-12-21T21:00:00.000,16,10,6
2014-12-21T22:00:00.000,25,9,16
2014-12-21T23:00:00.000,15,7,8
2014-12-22T00:00:00.000,8,4,4
2014-12-22T01:00:00.000,1,0,1
2014-12-22T02:00:00.000,3,2,1
2014-12-22T03:00:00.000,3,3,0
2014-12-22T04:00:00.000,3,3,0
2014-12-22T05:00:00.000,29,21,8
2014-12-22T06:00:00.000,76,47,29
2014-12-22T07:00:00.000,204,145,59
2014-12-22T08:00:00.000,299,211,88
2014-12-22T09:00:00.000,163,112,51
2014-12-22T10:00:00.000,81,47,34
2014-12-22T11:00:00.000,86,46,40
2014-12-22T12:00:00.000,49,29,20
2014-12-22T13:00:00.000,69,38,31
2014-12-22T14:00:00.000,104,58,46
2014-12-22T15:00:00.000,113,52,61
2014-12-22T16:00:00.000,182,56,126
2014-12-22T17:00:00.000,346,103,243
2014-12-22T18:00:00.000,219,59,160
2014-12-22T19:00:00.000,100,36,64
2014-12-22T20:00:00.000,39,18,21
2014-12-22T21:00:00.000,35,17,18
2014-12-22T22:00:00.000,28,16,12
2014-12-22T23:00:00.000,16,9,7
2014-12-23T00:00:00.000,13,3,10
2014-12-23T01:00:00.000,8,3,5
2014-12-23T02:00:00.000,5,4,1
2014-12-23T03:00:00.000,2,2,0
2014-12-23T04:00:00.000,4,3,1
2014-12-23T05:00:00.000,19,15,4
2014-12-23T06:00:00.000,53,40,13
2014-12-23T07:00:00.000,147,101,46
2014-12-23T08:00:00.000,193,143,50
2014-12-23T09:00:00.000,117,72,45
2014-12-23T10:00:00.000,72,36,36
2014-12-23T11:00:00.000,46,26,20
2014-12-23T12:00:00.000,63,35,28
2014-12-23T13:00:00.000,66,47,19
2014-12-23T14:00:00.000,53,23,30
2014-12-23T15:00:00.000,69,24,45
2014-12-23T16:00:00.000,109,37,72
2014-12-23T17:00:00.000,167,43,124
2014-12-23T18:00:00.000,106,39,67
2014-12-23T19:00:00.000,31,11,20
2014-12-23T20:00:00.000,24,3,21
2014-12-23T21:00:00.000,8,4,4
2014-12-23T22:00:00.000,12,6,6
2014-12-23T23:00:00.000,13,10,3
2014-12-24T00:00:00.000,5,1,4
2014-12-24T01:00:00.000,6,4,2
2014-12-24T02:00:00.000,1,1,0
2014-12-24T03:00:00.000,4,1,3
2014-12-24T04:00:00.000,2,2,0
2014-12-24T05:00:00.000,6,6,0
2014-12-24T06:00:00.000,27,19,8
2014-12-24T07:00:00.000,61,46,15
2014-12-24T08:00:00.000,77,51,26
2014-12-24T09:00:00.000,62,40,22
2014-12-24T10:00:00.000,44,30,14
2014-12-24T11:00:00.000,50,24,26
2014-12-24T12:00:00.000,59,29,30
2014-12-24T13:00:00.000,63,30,33
2014-12-24T14:00:00.000,70,26,44
2014-12-24T15:00:00.000,105,49,56
2014-12-24T16:00:00.000,72,32,40
2014-12-24T17:00:00.000,45,17,28
2014-12-24T18:00:00.000,16,6,10
2014-12-24T19:00:00.000,12,3,9
2014-12-24T20:00:00.000,8,3,5
2014-12-24T21:00:00.000,6,2,4
2014-12-24T22:00:00.000,7,5,2
2014-12-24T23:00:00.000,5,3,2
2014-12-25T00:00:00.000,1,0,1
2014-12-25T01:00:00.000,3,1,2
2014-12-25T02:00:00.000,1,0,1
2014-12-25T03:00:00.000,0,0,0
2014-12-25T04:00:00.000,1,0,1
2014-12-25T05:00:00.000,3,3,0
2014-12-25T06:00:00.000,4,2,2
2014-12-25T07:00:00.000,4,1,3
2014-12-25T08:00:00.000,7,2,5
2014-12-25T09:00:00.000,20,16,4
2014-12-25T10:00:00.000,31,23,8
2014-12-25T11:00:00.000,27,14,13
2014-12-25T12:00:00.000,34,24,10
2014-12-25T13:00:00.000,77,45,32
2014-12-25T14:00:00.000,74,36,38
2014-12-25T15:00:00.000,64,41,23
2014-12-25T16:00:00.000,26,11,15
2014-12-25T17:00:00.000,12,5,7
2014-12-25T18:00:00.000,13,4,9
2014-12-25T19:00:00.000,18,11,7
2014-12-25T20:00:00.000,8,2,6
2014-12-25T21:00:00.000,5,2,3
2014-12-25T22:00:00.000,11,5,6
2014-12-25T23:00:00.000,7,5,2
2014-12-26T00:00:00.000,6,4,2
2014-12-26T01:00:00.000,4,3,1
2014-12-26T02:00:00.000,1,1,0
2014-12-26T03:00:00.000,1,1,0
2014-12-26T04:00:00.000,1,0,1
2014-12-26T05:00:00.000,11,7,4
2014-12-26T06:00:00.000,21,10,11
2014-12-26T07:00:00.000,50,31,19
2014-12-26T08:00:00.000,52,32,20
2014-12-26T09:00:00.000,76,45,31
2014-12-26T10:00:00.000,51,31,20
2014-12-26T11:00:00.000,48,30,18
2014-12-26T12:00:00.000,73,38,35
2014-12-26T13:00:00.000,88,47,41
2014-12-26T14:00:00.000,105,47,58
2014-12-26T15:00:00.000,112,43,69
2014-12-26T16:00:00.000,102,47,55
2014-12-26T17:00:00.000,73,26,47
2014-12-26T18:00:00.000,49,12,37
2014-12-26T19:00:00.000,25,14,11
2014-12-26T20:00:00.000,8,2,6
2014-12-26T21:00:00.000,17,5,12
2014-12-26T22:00:00.000,15,6,9
2014-12-26T23:00:00.000,10,3,7
2014-12-27T00:00:00.000,7,1,6
2014-12-27T01:00:00.000,5,4,1
2014-12-27T02:00:00.000,2,2,0
2014-12-27T03:00:00.000,1,1,0
2014-12-27T04:00:00.000,0,0,0
2014-12-27T05:00:00.000,5,2,3
2014-12-27T06:00:00.000,19,11,8
2014-12-27T07:00:00.000,7,5,2
2014-12-27T08:00:00.000,29,12,17
2014-12-27T09:00:00.000,22,10,12
2014-12-27T10:00:00.000,40,28,12
2014-12-27T11:00:00.000,32,19,13
2014-12-27T12:00:00.000,74,34,40
2014-12-27T13:00:00.000,52,28,24
2014-12-27T14:00:00.000,52,36,16
2014-12-27T15:00:00.000,35,17,18
2014-12-27T16:00:00.000,31,12,19
2014-12-27T17:00:00.000,40,20,20
2014-12-27T18:00:00.000,21,9,12
2014-12-27T19:00:00.000,15,6,9
2014-12-27T20:00:00.000,16,10,6
2014-12-27T21:00:00.000,18,8,10
2014-12-27T22:00:00.000,9,2,7
2014-12-27T23:00:00.000,11,4,7
2014-12-28T00:00:00.000,6,1,5
2014-12-28T01:00:00.000,3,2,1
2014-12-28T02:00:00.000,0,0,0
2014-12-28T03:00:00.000,1,0,1
2014-12-28T04:00:00.000,2,2,0
2014-12-28T05:00:00.000,6,1,5
2014-12-28T06:00:00.000,5,0,5
2014-12-28T07:00:00.000,9,7,2
2014-12-28T08:00:00.000,26,19,7
2014-12-28T09:00:00.000,56,32,24
2014-12-28T10:00:00.000,75,54,21
2014-12-28T11:00:00.000,77,38,39
2014-12-28T12:00:00.000,73,38,35
2014-12-28T13:00:00.000,70,38,32
2014-12-28T14:00:00.000,43,27,16
2014-12-28T15:00:00.000,39,21,18
2014-12-28T16:00:00.000,36,18,18
2014-12-28T17:00:00.000,35,14,21
2014-12-28T18:00:00.000,24,13,11
2014-12-28T19:00:00.000,17,11,6
2014-12-28T20:00:00.000,11,4,7
2014-12-28T21:00:00.000,11,6,5
2014-12-28T22:00:00.000,12,3,9
2014-12-28T23:00:00.000,7,3,4
2014-12-29T00:00:00.000,4,1,3
2014-12-29T01:00:00.000,0,0,0
2014-12-29T02:00:00.000,1,1,0
2014-12-29T03:00:00.000,1,0,1
2014-12-29T04:00:00.000,7,5,2
2014-12-29T05:00:00.000,20,11,9
2014-12-29T06:00:00.000,54,31,23
2014-12-29T07:00:00.000,144,108,36
2014-12-29T08:00:00.000,205,148,57
2014-12-29T09:00:00.000,137,95,42
2014-12-29T10:00:00.000,57,34,23
2014-12-29T11:00:00.000,48,27,21
2014-12-29T12:00:00.000,57,29,28
2014-12-29T13:00:00.000,64,31,33
2014-12-29T14:00:00.000,63,35,28
2014-12-29T15:00:00.000,97,33,64
2014-12-29T16:00:00.000,134,58,76
2014-12-29T17:00:00.000,263,74,189
2014-12-29T18:00:00.000,160,52,108
2014-12-29T19:00:00.000,47,16,31
2014-12-29T20:00:00.000,38,17,21
2014-12-29T21:00:00.000,16,3,13
2014-12-29T22:00:00.000,14,6,8
2014-12-29T23:00:00.000,10,6,4
2014-12-30T00:00:00.000,8,5,3
2014-12-30T01:00:00.000,4,1,3
2014-12-30T02:00:00.000,1,0,1
2014-12-30T03:00:00.000,3,1,2
2014-12-30T04:00:00.000,2,1,1
2014-12-30T05:00:00.000,11,4,7
2014-12-30T06:00:00.000,46,30,16
2014-12-30T07:00:00.000,114,92,22
2014-12-30T08:00:00.000,194,142,52
2014-12-30T09:00:00.000,120,78,42
2014-12-30T10:00:00.000,60,34,26
2014-12-30T11:00:00.000,43,24,19
2014-12-30T12:00:00.000,39,23,16
2014-12-30T13:00:00.000,66,34,32
2014-12-30T14:00:00.000,80,45,35
2014-12-30T15:00:00.000,76,30,46
2014-12-30T16:00:00.000,122,44,78
2014-12-30T17:00:00.000,230,76,154
2014-12-30T18:00:00.000,155,46,109
2014-12-30T19:00:00.000,62,21,41
2014-12-30T20:00:00.000,24,8,16
2014-12-30T21:00:00.000,21,8,13
2014-12-30T22:00:00.000,14,8,6
2014-12-30T23:00:00.000,5,1,4
2014-12-31T00:00:00.000,8,3,5
2014-12-31T01:00:00.000,2,1,1
2014-12-31T02:00:00.000,3,2,1
2014-12-31T03:00:00.000,0,0,0
2014-12-31T04:00:00.000,4,2,2
2014-12-31T05:00:00.000,16,13,3
2014-12-31T06:00:00.000,36,21,15
2014-12-31T07:00:00.000,81,51,30
2014-12-31T08:00:00.000,149,106,43
2014-12-31T09:00:00.000,113,66,47
2014-12-31T10:00:00.000,46,29,17
2014-12-31T11:00:00.000,48,32,16
2014-12-31T12:00:00.000,58,32,26
2014-12-31T13:00:00.000,91,55,36
2014-12-31T14:00:00.000,102,47,55
2014-12-31T15:00:00.000,141,68,73
2014-12-31T16:00:00.000,133,58,75
2014-12-31T17:00:00.000,122,40,82
2014-12-31T18:00:00.000,61,26,35
2014-12-31T19:00:00.000,38,18,20
2014-12-31T20:00:00.000,20,12,8
2014-12-31T21:00:00.000,17,9,8
2014-12-31T22:00:00.000,19,10,9
2014-12-31T23:00:00.000,23,12,11
2015-01-01T00:00:00.000,13,4,9
2015-01-01T01:00:00.000,27,4,23
2015-01-01T02:00:00.000,19,5,14
2015-01-01T03:00:00.000,6,0,6
2015-01-01T04:00:00.000,5,2,3
2015-01-01T05:00:00.000,9,4,5
2015-01-01T06:00:00.000,4,4,0
2015-01-01T07:00:00.000,4,4,0
2015-01-01T08:00:00.000,8,5,3
2015-01-01T09:00:00.000,23,12,11
2015-01-01T10:00:00.000,30,23,7
2015-01-01T11:00:00.000,46,26,20
2015-01-01T12:00:00.000,58,33,25
2015-01-01T13:00:00.000,88,65,23
2015-01-01T14:00:00.000,119,66,53
2015-01-01T15:00:00.000,72,45,27
2015-01-01T16:00:00.000,78,44,34
2015-01-01T17:00:00.000,29,13,16
2015-01-01T18:00:00.000,21,10,11
2015-01-01T19:00:00.000,19,8,11
2015-01-01T20:00:00.000,13,5,8
2015-01-01T21:00:00.000,12,7,5
2015-01-01T22:00:00.000,5,1,4
2015-01-01T23:00:00.000,3,0,3
2015-01-02T00:00:00.000,4,2,2
2015-01-02T01:00:00.000,3,2,1
2015-01-02T02:00:00.000,0,0,0
2015-01-02T03:00:00.000,3,2,1
2015-01-02T04:00:00.000,2,1,1
2015-01-02T05:00:00.000,17,14,3
2015-01-02T06:00:00.000,36,26,10
2015-01-02T07:00:00.000,96,73,23
2015-01-02T08:00:00.000,135,93,42
2015-01-02T09:00:00.000,120,84,36
2015-01-02T10:00:00.000,67,44,23
2015-01-02T11:00:00.000,50,33,17
2015-01-02T12:00:00.000,58,25,33
2015-01-02T13:00:00.000,56,31,25
2015-01-02T14:00:00.000,51,18,33
2015-01-02T15:00:00.000,75,36,39
2015-01-02T16:00:00.000,130,52,78
2015-01-02T17:00:00.000,136,40,96
2015-01-02T18:00:00.000,76,21,55
2015-01-02T19:00:00.000,38,17,21
2015-01-02T20:00:00.000,24,8,16
2015-01-02T21:00:00.000,18,13,5
2015-01-02T22:00:00.000,11,7,4
2015-01-02T23:00:00.000,8,1,7
2015-01-03T00:00:00.000,9,5,4
2015-01-03T01:00:00.000,8,4,4
2015-01-03T02:00:00.000,1,0,1
2015-01-03T03:00:00.000,4,2,2
2015-01-03T04:00:00.000,4,3,1
2015-01-03T05:00:00.000,8,6,2
2015-01-03T06:00:00.000,12,7,5
2015-01-03T07:00:00.000,14,7,7
2015-01-03T08:00:00.000,36,18,18
2015-01-03T09:00:00.000,33,14,19
2015-01-03T10:00:00.000,43,26,17
2015-01-03T11:00:00.000,65,34,31
2015-01-03T12:00:00.000,71,41,30
2015-01-03T13:00:00.000,110,59,51
2015-01-03T14:00:00.000,91,55,36
2015-01-03T15:00:00.000,81,51,30
2015-01-03T16:00:00.000,80,42,38
2015-01-03T17:00:00.000,42,25,17
2015-01-03T18:00:00.000,38,22,16
2015-01-03T19:00:00.000,19,11,8
2015-01-03T20:00:00.000,10,4,6
2015-01-03T21:00:00.000,17,10,7
2015-01-03T22:00:00.000,12,2,10
2015-01-03T23:00:00.000,9,4,5
2015-01-04T00:00:00.000,6,2,4
2015-01-04T01:00:00.000,8,5,3
2015-01-04T02:00:00.000,4,1,3
2015-01-04T03:00:00.000,2,1,1
2015-01-04T04:00:00.000,1,1,0
2015-01-04T05:00:00.000,3,1,2
2015-01-04T06:00:00.000,4,1,3
2015-01-04T07:00:00.000,9,4,5
2015-01-04T08:00:00.000,18,10,8
2015-01-04T09:00:00.000,18,10,8
2015-01-04T10:00:00.000,28,18,10
2015-01-04T11:00:00.000,20,10,10
2015-01-04T12:00:00.000,33,17,16
2015-01-04T13:00:00.000,31,16,15
2015-01-04T14:00:00.000,27,13,14
2015-01-04T15:00:00.000,33,12,21
2015-01-04T16:00:00.000,28,9,19
2015-01-04T17:00:00.000,15,10,5
2015-01-04T18:00:00.000,25,14,11
2015-01-04T19:00:00.000,8,3,5
2015-01-04T20:00:00.000,6,2,4
2015-01-04T21:00:00.000,3,2,1
2015-01-04T22:00:00.000,8,3,5
2015-01-04T23:00:00.000,1,0,1
2015-01-05T00:00:00.000,2,1,1
2015-01-05T01:00:00.000,0,0,0
2015-01-05T02:00:00.000,0,0,0
2015-01-05T03:00:00.000,7,6,1
2015-01-05T04:00:00.000,4,3,1
2015-01-05T05:00:00.000,29,20,9
2015-01-05T06:00:00.000,82,48,34
2015-01-05T07:00:00.000,179,154,25
2015-01-05T08:00:00.000,257,256,1
2015-01-05T09:00:00.000,146,146,0
2015-01-05T10:00:00.000,51,51,0
2015-01-05T11:00:00.000,27,27,0
2015-01-05T12:00:00.000,28,27,1
2015-01-05T13:00:00.000,36,36,0
2015-01-05T14:00:00.000,33,31,2
2015-01-05T15:00:00.000,61,32,29
2015-01-05T16:00:00.000,138,63,75
2015-01-05T17:00:00.000,320,99,221
2015-01-05T18:00:00.000,250,71,179
2015-01-05T19:00:00.000,90,36,54
2015-01-05T20:00:00.000,44,17,27
2015-01-05T21:00:00.000,18,7,11
2015-01-05T22:00:00.000,11,7,4
2015-01-05T23:00:00.000,10,7,3
2015-01-06T00:00:00.000,2,1,1
2015-01-06T01:00:00.000,5,2,3
2015-01-06T02:00:00.000,1,1,0
2015-01-06T03:00:00.000,7,4,3
2015-01-06T04:00:00.000,5,2,3
2015-01-06T05:00:00.000,34,23,11
2015-01-06T06:00:00.000,102,72,30
2015-01-06T07:00:00.000,245,234,11
2015-01-06T08:00:00.000,368,368,0
2015-01-06T09:00:00.000,207,206,1
2015-01-06T10:00:00.000,106,105,1
2015-01-06T11:00:00.000,44,44,0
2015-01-06T12:00:00.000,64,64,0
2015-01-06T13:00:00.000,49,49,0
2015-01-06T14:00:00.000,62,62,0
2015-01-06T15:00:00.000,127,51,76
2015-01-06T16:00:00.000,228,91,137
2015-01-06T17:00:00.000,420,133,287
2015-01-06T18:00:00.000,354,109,245
2015-01-06T19:00:00.000,152,52,100
2015-01-06T20:00:00.000,64,23,41
2015-01-06T21:00:00.000,43,19,24
2015-01-06T22:00:00.000,27,12,15
2015-01-06T23:00:00.000,9,4,5
2015-01-07T00:00:00.000,9,5,4
2015-01-07T01:00:00.000,5,4,1
2015-01-07T02:00:00.000,6,6,0
2015-01-07T03:00:00.000,3,1,2
2015-01-07T04:00:00.000,4,3,1
2015-01-07T05:00:00.000,26,20,6
2015-01-07T06:00:00.000,106,76,30
2015-01-07T07:00:00.000,241,228,13
2015-01-07T08:00:00.000,376,376,0
2015-01-07T09:00:00.000,254,254,0
2015-01-07T10:00:00.000,73,73,0
2015-01-07T11:00:00.000,52,52,0
2015-01-07T12:00:00.000,61,60,1
2015-01-07T13:00:00.000,60,60,0
2015-01-07T14:00:00.000,73,71,2
2015-01-07T15:00:00.000,102,47,55
2015-01-07T16:00:00.000,188,88,100
2015-01-07T17:00:00.000,481,135,346
2015-01-07T18:00:00.000,374,130,244
2015-01-07T19:00:00.000,153,58,95
2015-01-07T20:00:00.000,74,24,50
2015-01-07T21:00:00.000,56,21,35
2015-01-07T22:00:00.000,30,15,15
2015-01-07T23:00:00.000,18,10,8
2015-01-08T00:00:00.000,5,2,3
2015-01-08T01:00:00.000,3,0,3
2015-01-08T02:00:00.000,2,2,0
2015-01-08T03:00:00.000,4,2,2
2015-01-08T04:00:00.000,7,6,1
2015-01-08T05:00:00.000,32,24,8
2015-01-08T06:00:00.000,112,78,34
2015-01-08T07:00:00.000,192,185,7
2015-01-08T08:00:00.000,341,341,0
2015-01-08T09:00:00.000,179,178,1
2015-01-08T10:00:00.000,73,73,0
2015-01-08T11:00:00.000,44,42,2
2015-01-08T12:00:00.000,63,63,0
2015-01-08T13:00:00.000,75,75,0
2015-01-08T14:00:00.000,75,59,16
2015-01-08T15:00:00.000,128,63,65
2015-01-08T16:00:00.000,182,72,110
2015-01-08T17:00:00.000,402,125,277
2015-01-08T18:00:00.000,320,105,215
2015-01-08T19:00:00.000,165,64,101
2015-01-08T20:00:00.000,67,24,43
2015-01-08T21:00:00.000,56,29,27
2015-01-08T22:00:00.000,41,21,20
2015-01-08T23:00:00.000,42,18,24
2015-01-09T00:00:00.000,27,15,12
2015-01-09T01:00:00.000,16,16,0
2015-01-09T02:00:00.000,1,0,1
2015-01-09T03:00:00.000,2,1,1
2015-01-09T04:00:00.000,9,7,2
2015-01-09T05:00:00.000,23,15,8
2015-01-09T06:00:00.000,87,58,29
2015-01-09T07:00:00.000,218,159,59
2015-01-09T08:00:00.000,345,262,83
2015-01-09T09:00:00.000,224,149,75
2015-01-09T10:00:00.000,93,66,27
2015-01-09T11:00:00.000,47,30,17
2015-01-09T12:00:00.000,59,31,28
2015-01-09T13:00:00.000,56,29,27
2015-01-09T14:00:00.000,83,50,33
2015-01-09T15:00:00.000,101,45,56
2015-01-09T16:00:00.000,223,97,126
2015-01-09T17:00:00.000,373,101,272
2015-01-09T18:00:00.000,264,91,173
2015-01-09T19:00:00.000,106,39,67
2015-01-09T20:00:00.000,46,18,28
2015-01-09T21:00:00.000,38,15,23
2015-01-09T22:00:00.000,35,22,13
2015-01-09T23:00:00.000,14,10,4
2015-01-10T00:00:00.000,4,3,1
2015-01-10T01:00:00.000,3,2,1
2015-01-10T02:00:00.000,5,0,5
2015-01-10T03:00:00.000,0,0,0
2015-01-10T04:00:00.000,0,0,0
2015-01-10T05:00:00.000,8,5,3
2015-01-10T06:00:00.000,16,5,11
2015-01-10T07:00:00.000,12,7,5
2015-01-10T08:00:00.000,51,24,27
2015-01-10T09:00:00.000,52,33,19
2015-01-10T10:00:00.000,51,37,14
2015-01-10T11:00:00.000,53,22,31
2015-01-10T12:00:00.000,82,39,43
2015-01-10T13:00:00.000,60,20,40
2015-01-10T14:00:00.000,76,47,29
2015-01-10T15:00:00.000,45,21,24
2015-01-10T16:00:00.000,63,31,32
2015-01-10T17:00:00.000,44,20,24
2015-01-10T18:00:00.000,30,18,12
2015-01-10T19:00:00.000,28,17,11
2015-01-10T20:00:00.000,28,10,18
2015-01-10T21:00:00.000,29,14,15
2015-01-10T22:00:00.000,18,7,11
2015-01-10T23:00:00.000,13,7,6
2015-01-11T00:00:00.000,1,0,1
2015-01-11T01:00:00.000,3,1,2
2015-01-11T02:00:00.000,4,3,1
2015-01-11T03:00:00.000,5,5,0
2015-01-11T04:00:00.000,2,2,0
2015-01-11T05:00:00.000,3,0,3
2015-01-11T06:00:00.000,7,2,5
2015-01-11T07:00:00.000,14,9,5
2015-01-11T08:00:00.000,31,20,11
2015-01-11T09:00:00.000,54,30,24
2015-01-11T10:00:00.000,51,29,22
2015-01-11T11:00:00.000,63,36,27
2015-01-11T12:00:00.000,82,46,36
2015-01-11T13:00:00.000,85,52,33
2015-01-11T14:00:00.000,92,54,38
2015-01-11T15:00:00.000,85,53,32
2015-01-11T16:00:00.000,72,31,41
2015-01-11T17:00:00.000,50,24,26
2015-01-11T18:00:00.000,37,16,21
2015-01-11T19:00:00.000,24,15,9
2015-01-11T20:00:00.000,18,7,11
2015-01-11T21:00:00.000,11,6,5
2015-01-11T22:00:00.000,10,4,6
2015-01-11T23:00:00.000,6,3,3
2015-01-12T00:00:00.000,6,4,2
2015-01-12T01:00:00.000,1,1,0
2015-01-12T02:00:00.000,1,1,0
2015-01-12T03:00:00.000,7,5,2
2015-01-12T04:00:00.000,2,2,0
2015-01-12T05:00:00.000,32,25,7
2015-01-12T06:00:00.000,105,68,37
2015-01-12T07:00:00.000,234,221,13
2015-01-12T08:00:00.000,367,367,0
2015-01-12T09:00:00.000,193,192,1
2015-01-12T10:00:00.000,76,76,0
2015-01-12T11:00:00.000,51,51,0
2015-01-12T12:00:00.000,52,52,0
2015-01-12T13:00:00.000,70,69,1
2015-01-12T14:00:00.000,82,82,0
2015-01-12T15:00:00.000,114,50,64
2015-01-12T16:00:00.000,224,93,131
2015-01-12T17:00:00.000,423,117,306
2015-01-12T18:00:00.000,336,118,218
2015-01-12T19:00:00.000,134,43,91
2015-01-12T20:00:00.000,58,23,35
2015-01-12T21:00:00.000,56,15,41
2015-01-12T22:00:00.000,25,13,12
2015-01-12T23:00:00.000,21,10,11
2015-01-13T00:00:00.000,5,3,2
2015-01-13T01:00:00.000,7,5,2
2015-01-13T02:00:00.000,3,1,2
2015-01-13T03:00:00.000,6,3,3
2015-01-13T04:00:00.000,2,1,1
2015-01-13T05:00:00.000,35,25,10
2015-01-13T06:00:00.000,119,80,39
2015-01-13T07:00:00.000,230,223,7
2015-01-13T08:00:00.000,374,374,0
2015-01-13T09:00:00.000,197,197,0
2015-01-13T10:00:00.000,89,89,0
2015-01-13T11:00:00.000,64,64,0
2015-01-13T12:00:00.000,71,71,0
2015-01-13T13:00:00.000,55,55,0
2015-01-13T14:00:00.000,80,78,2
2015-01-13T15:00:00.000,121,66,55
2015-01-13T16:00:00.000,219,92,127
2015-01-13T17:00:00.000,427,138,289
2015-01-13T18:00:00.000,356,98,258
2015-01-13T19:00:00.000,164,55,109
2015-01-13T20:00:00.000,65,13,52
2015-01-13T21:00:00.000,50,19,31
2015-01-13T22:00:00.000,16,2,14
2015-01-13T23:00:00.000,11,5,6
2015-01-14T00:00:00.000,7,3,4
2015-01-14T01:00:00.000,5,3,2
2015-01-14T02:00:00.000,2,1,1
2015-01-14T03:00:00.000,5,2,3
2015-01-14T04:00:00.000,8,5,3
2015-01-14T05:00:00.000,32,26,6
2015-01-14T06:00:00.000,101,64,37
2015-01-14T07:00:00.000,222,209,13
2015-01-14T08:00:00.000,326,325,1
2015-01-14T09:00:00.000,167,166,1
2015-01-14T10:00:00.000,79,79,0
2015-01-14T11:00:00.000,50,50,0
2015-01-14T12:00:00.000,53,53,0
2015-01-14T13:00:00.000,67,67,0
2015-01-14T14:00:00.000,81,69,12
2015-01-14T15:00:00.000,127,75,52
2015-01-14T16:00:00.000,211,89,122
2015-01-14T17:00:00.000,447,132,315
2015-01-14T18:00:00.000,307,82,225
2015-01-14T19:00:00.000,149,47,102
2015-01-14T20:00:00.000,78,28,50
2015-01-14T21:00:00.000,59,24,35
2015-01-14T22:00:00.000,21,12,9
2015-01-14T23:00:00.000,19,6,13
2015-01-15T00:00:00.000,7,2,5
2015-01-15T01:00:00.000,2,2,0
2015-01-15T02:00:00.000,2,0,2
2015-01-15T03:00:00.000,3,2,1
2015-01-15T04:00:00.000,5,3,2
2015-01-15T05:00:00.000,21,17,4
2015-01-15T06:00:00.000,86,53,33
2015-01-15T07:00:00.000,163,152,11
2015-01-15T08:00:00.000,284,283,1
2015-01-15T09:00:00.000,132,132,0
2015-01-15T10:00:00.000,64,64,0
2015-01-15T11:00:00.000,46,46,0
2015-01-15T12:00:00.000,41,41,0
2015-01-15T13:00:00.000,39,39,0
2015-01-15T14:00:00.000,34,32,2
2015-01-15T15:00:00.000,66,33,33
2015-01-15T16:00:00.000,144,59,85
2015-01-15T17:00:00.000,313,87,226
2015-01-15T18:00:00.000,238,100,138
2015-01-15T19:00:00.000,98,25,73
2015-01-15T20:00:00.000,50,14,36
2015-01-15T21:00:00.000,38,21,17
2015-01-15T22:00:00.000,15,2,13
2015-01-15T23:00:00.000,7,4,3
2015-01-16T00:00:00.000,5,1,4
2015-01-16T01:00:00.000,4,3,1
2015-01-16T02:00:00.000,3,3,0
2015-01-16T03:00:00.000,2,1,1
2015-01-16T04:00:00.000,4,2,2
2015-01-16T05:00:00.000,19,16,3
2015-01-16T06:00:00.000,74,52,22
2015-01-16T07:00:00.000,141,129,12
2015-01-16T08:00:00.000,230,228,2
2015-01-16T09:00:00.000,161,161,0
2015-01-16T10:00:00.000,61,61,0
2015-01-16T11:00:00.000,57,57,0
2015-01-16T12:00:00.000,56,52,4
2015-01-16T13:00:00.000,76,51,25
2015-01-16T14:00:00.000,88,50,38
2015-01-16T15:00:00.000,136,63,73
2015-01-16T16:00:00.000,219,102,117
2015-01-16T17:00:00.000,335,90,245
2015-01-16T18:00:00.000,239,83,156
2015-01-16T19:00:00.000,101,43,58
2015-01-16T20:00:00.000,56,19,37
2015-01-16T21:00:00.000,32,17,15
2015-01-16T22:00:00.000,25,12,13
2015-01-16T23:00:00.000,18,10,8
2015-01-17T00:00:00.000,17,4,13
2015-01-17T01:00:00.000,9,7,2
2015-01-17T02:00:00.000,6,3,3
2015-01-17T03:00:00.000,3,2,1
2015-01-17T04:00:00.000,3,1,2
2015-01-17T05:00:00.000,3,1,2
2015-01-17T06:00:00.000,14,8,6
2015-01-17T07:00:00.000,12,7,5
2015-01-17T08:00:00.000,34,17,17
2015-01-17T09:00:00.000,49,31,18
2015-01-17T10:00:00.000,45,29,16
2015-01-17T11:00:00.000,55,33,22
2015-01-17T12:00:00.000,52,25,27
2015-01-17T13:00:00.000,57,36,21
2015-01-17T14:00:00.000,45,27,18
2015-01-17T15:00:00.000,44,27,17
2015-01-17T16:00:00.000,43,25,18
2015-01-17T17:00:00.000,35,13,22
2015-01-17T18:00:00.000,20,7,13
2015-01-17T19:00:00.000,12,5,7
2015-01-17T20:00:00.000,8,2,6
2015-01-17T21:00:00.000,14,5,9
2015-01-17T22:00:00.000,5,1,4
2015-01-17T23:00:00.000,7,2,5
2015-01-18T00:00:00.000,9,4,5
2015-01-18T01:00:00.000,3,0,3
2015-01-18T02:00:00.000,7,4,3
2015-01-18T03:00:00.000,1,1,0
2015-01-18T04:00:00.000,2,2,0
2015-01-18T05:00:00.000,5,3,2
2015-01-18T06:00:00.000,5,2,3
2015-01-18T07:00:00.000,11,7,4
2015-01-18T08:00:00.000,24,14,10
2015-01-18T09:00:00.000,31,24,7
2015-01-18T10:00:00.000,26,17,9
2015-01-18T11:00:00.000,40,25,15
2015-01-18T12:00:00.000,39,19,20
2015-01-18T13:00:00.000,28,13,15
2015-01-18T14:00:00.000,30,19,11
2015-01-18T15:00:00.000,23,10,13
2015-01-18T16:00:00.000,47,30,17
2015-01-18T17:00:00.000,53,26,27
2015-01-18T18:00:00.000,22,13,9
2015-01-18T19:00:00.000,24,6,18
2015-01-18T20:00:00.000,13,3,10
2015-01-18T21:00:00.000,14,3,11
2015-01-18T22:00:00.000,6,1,5
2015-01-18T23:00:00.000,8,3,5
2015-01-19T00:00:00.000,6,3,3
2015-01-19T01:00:00.000,2,1,1
2015-01-19T02:00:00.000,2,1,1
2015-01-19T03:00:00.000,4,3,1
2015-01-19T04:00:00.000,3,2,1
2015-01-19T05:00:00.000,22,16,6
2015-01-19T06:00:00.000,58,38,20
2015-01-19T07:00:00.000,118,92,26
2015-01-19T08:00:00.000,220,161,59
2015-01-19T09:00:00.000,170,118,52
2015-01-19T10:00:00.000,81,54,27
2015-01-19T11:00:00.000,93,66,27
2015-01-19T12:00:00.000,75,40,35
2015-01-19T13:00:00.000,89,55,34
2015-01-19T14:00:00.000,111,62,49
2015-01-19T15:00:00.000,142,68,74
2015-01-19T16:00:00.000,168,73,95
2015-01-19T17:00:00.000,246,73,173
2015-01-19T18:00:00.000,187,50,137
2015-01-19T19:00:00.000,83,29,54
2015-01-19T20:00:00.000,51,18,33
2015-01-19T21:00:00.000,26,15,11
2015-01-19T22:00:00.000,11,4,7
2015-01-19T23:00:00.000,14,7,7
2015-01-20T00:00:00.000,11,3,8
2015-01-20T01:00:00.000,2,0,2
2015-01-20T02:00:00.000,3,0,3
2015-01-20T03:00:00.000,2,1,1
2015-01-20T04:00:00.000,6,4,2
2015-01-20T05:00:00.000,37,25,12
2015-01-20T06:00:00.000,99,61,38
2015-01-20T07:00:00.000,254,243,11
2015-01-20T08:00:00.000,387,317,70
2015-01-20T09:00:00.000,249,170,79
2015-01-20T10:00:00.000,99,71,28
2015-01-20T11:00:00.000,66,39,27
2015-01-20T12:00:00.000,76,44,32
2015-01-20T13:00:00.000,89,55,34
2015-01-20T14:00:00.000,103,52,51
2015-01-20T15:00:00.000,137,60,77
2015-01-20T16:00:00.000,223,95,128
2015-01-20T17:00:00.000,444,133,311
2015-01-20T18:00:00.000,367,112,255
2015-01-20T19:00:00.000,146,53,93
2015-01-20T20:00:00.000,50,16,34
2015-01-20T21:00:00.000,39,20,19
2015-01-20T22:00:00.000,21,10,11
2015-01-20T23:00:00.000,17,4,13
2015-01-21T00:00:00.000,14,8,6
2015-01-21T01:00:00.000,1,0,1
2015-01-21T02:00:00.000,3,2,1
2015-01-21T03:00:00.000,2,2,0
2015-01-21T04:00:00.000,5,4,1
2015-01-21T05:00:00.000,29,21,8
2015-01-21T06:00:00.000,106,72,34
2015-01-21T07:00:00.000,205,192,13
2015-01-21T08:00:00.000,336,335,1
2015-01-21T09:00:00.000,191,191,0
2015-01-21T10:00:00.000,72,72,0
2015-01-21T11:00:00.000,43,43,0
2015-01-21T12:00:00.000,56,55,1
2015-01-21T13:00:00.000,61,61,0
2015-01-21T14:00:00.000,82,76,6
2015-01-21T15:00:00.000,92,51,41
2015-01-21T16:00:00.000,224,90,134
2015-01-21T17:00:00.000,377,99,278
2015-01-21T18:00:00.000,360,118,242
2015-01-21T19:00:00.000,140,46,94
2015-01-21T20:00:00.000,59,24,35
2015-01-21T21:00:00.000,53,22,31
2015-01-21T22:00:00.000,30,15,15
2015-01-21T23:00:00.000,11,3,8
2015-01-22T00:00:00.000,12,3,9
2015-01-22T01:00:00.000,1,0,1
2015-01-22T02:00:00.000,3,0,3
2015-01-22T03:00:00.000,3,1,2
2015-01-22T04:00:00.000,5,4,1
2015-01-22T05:00:00.000,23,18,5
2015-01-22T06:00:00.000,94,60,34
2015-01-22T07:00:00.000,189,184,5
2015-01-22T08:00:00.000,301,301,0
2015-01-22T09:00:00.000,149,149,0
2015-01-22T10:00:00.000,60,59,1
2015-01-22T11:00:00.000,37,37,0
2015-01-22T12:00:00.000,45,45,0
2015-01-22T13:00:00.000,38,38,0
2015-01-22T14:00:00.000,71,46,25
2015-01-22T15:00:00.000,76,41,35
2015-01-22T16:00:00.000,165,58,107
2015-01-22T17:00:00.000,338,112,226
2015-01-22T18:00:00.000,290,99,191
2015-01-22T19:00:00.000,125,41,84
2015-01-22T20:00:00.000,56,21,35
2015-01-22T21:00:00.000,39,19,20
2015-01-22T22:00:00.000,44,24,20
2015-01-22T23:00:00.000,19,8,11
2015-01-23T00:00:00.000,14,7,7
2015-01-23T01:00:00.000,7,1,6
2015-01-23T02:00:00.000,1,0,1
2015-01-23T03:00:00.000,3,2,1
2015-01-23T04:00:00.000,6,4,2
2015-01-23T05:00:00.000,33,18,15
2015-01-23T06:00:00.000,75,55,20
2015-01-23T07:00:00.000,142,137,5
2015-01-23T08:00:00.000,226,222,4
2015-01-23T09:00:00.000,151,151,0
2015-01-23T10:00:00.000,62,59,3
2015-01-23T11:00:00.000,29,29,0
2015-01-23T12:00:00.000,36,36,0
2015-01-23T13:00:00.000,35,35,0
2015-01-23T14:00:00.000,57,39,18
2015-01-23T15:00:00.000,72,34,38
2015-01-23T16:00:00.000,137,56,81
2015-01-23T17:00:00.000,310,107,203
2015-01-23T18:00:00.000,199,60,139
2015-01-23T19:00:00.000,85,31,54
2015-01-23T20:00:00.000,36,10,26
2015-01-23T21:00:00.000,20,7,13
2015-01-23T22:00:00.000,24,7,17
2015-01-23T23:00:00.000,17,7,10
2015-01-24T00:00:00.000,14,6,8
2015-01-24T01:00:00.000,5,3,2
2015-01-24T02:00:00.000,4,3,1
2015-01-24T03:00:00.000,3,2,1
2015-01-24T04:00:00.000,2,1,1
2015-01-24T05:00:00.000,6,2,4
2015-01-24T06:00:00.000,16,7,9
2015-01-24T07:00:00.000,16,10,6
2015-01-24T08:00:00.000,51,26,25
2015-01-24T09:00:00.000,44,30,14
2015-01-24T10:00:00.000,74,50,24
2015-01-24T11:00:00.000,88,51,37
2015-01-24T12:00:00.000,108,58,50
2015-01-24T13:00:00.000,106,64,42
2015-01-24T14:00:00.000,112,67,45
2015-01-24T15:00:00.000,112,72,40
2015-01-24T16:00:00.000,115,53,62
2015-01-24T17:00:00.000,79,48,31
2015-01-24T18:00:00.000,57,29,28
2015-01-24T19:00:00.000,47,26,21
2015-01-24T20:00:00.000,26,15,11
2015-01-24T21:00:00.000,27,9,18
2015-01-24T22:00:00.000,30,13,17
2015-01-24T23:00:00.000,21,7,14
2015-01-25T00:00:00.000,22,8,14
2015-01-25T01:00:00.000,11,9,2
2015-01-25T02:00:00.000,2,2,0
2015-01-25T03:00:00.000,0,0,0
2015-01-25T04:00:00.000,5,3,2
2015-01-25T05:00:00.000,5,2,3
2015-01-25T06:00:00.000,6,4,2
2015-01-25T07:00:00.000,15,5,10
2015-01-25T08:00:00.000,70,53,17
2015-01-25T09:00:00.000,67,30,37
2015-01-25T10:00:00.000,127,83,44
2015-01-25T11:00:00.000,177,117,60
2015-01-25T12:00:00.000,219,136,83
2015-01-25T13:00:00.000,272,160,112
2015-01-25T14:00:00.000,333,214,119
2015-01-25T15:00:00.000,268,135,133
2015-01-25T16:00:00.000,217,121,96
2015-01-25T17:00:00.000,172,97,75
2015-01-25T18:00:00.000,60,28,32
2015-01-25T19:00:00.000,34,19,15
2015-01-25T20:00:00.000,23,13,10
2015-01-25T21:00:00.000,17,10,7
2015-01-25T22:00:00.000,17,8,9
2015-01-25T23:00:00.000,16,5,11
2015-01-26T00:00:00.000,10,5,5
2015-01-26T01:00:00.000,0,0,0
2015-01-26T02:00:00.000,3,1,2
2015-01-26T03:00:00.000,4,3,1
2015-01-26T04:00:00.000,8,6,2
2015-01-26T05:00:00.000,35,24,11
2015-01-26T06:00:00.000,114,79,35
2015-01-26T07:00:00.000,239,231,8
2015-01-26T08:00:00.000,394,394,0
2015-01-26T09:00:00.000,230,230,0
2015-01-26T10:00:00.000,95,95,0
2015-01-26T11:00:00.000,69,69,0
2015-01-26T12:00:00.000,59,59,0
2015-01-26T13:00:00.000,92,92,0
2015-01-26T14:00:00.000,93,93,0
2015-01-26T15:00:00.000,176,98,78
2015-01-26T16:00:00.000,293,141,152
2015-01-26T17:00:00.000,515,153,362
2015-01-26T18:00:00.000,378,131,247
2015-01-26T19:00:00.000,163,60,103
2015-01-26T20:00:00.000,80,31,49
2015-01-26T21:00:00.000,57,23,34
2015-01-26T22:00:00.000,35,17,18
2015-01-26T23:00:00.000,17,3,14
2015-01-27T00:00:00.000,7,1,6
2015-01-27T01:00:00.000,4,3,1
2015-01-27T02:00:00.000,5,5,0
2015-01-27T03:00:00.000,1,1,0
2015-01-27T04:00:00.000,6,4,2
2015-01-27T05:00:00.000,35,25,10
2015-01-27T06:00:00.000,112,68,44
2015-01-27T07:00:00.000,239,229,10
2015-01-27T08:00:00.000,361,361,0
2015-01-27T09:00:00.000,202,202,0
2015-01-27T10:00:00.000,62,62,0
2015-01-27T11:00:00.000,40,40,0
2015-01-27T12:00:00.000,54,54,0
2015-01-27T13:00:00.000,39,29,10
2015-01-27T14:00:00.000,74,36,38
2015-01-27T15:00:00.000,106,52,54
2015-01-27T16:00:00.000,208,76,132
2015-01-27T17:00:00.000,403,126,277
2015-01-27T18:00:00.000,322,90,232
2015-01-27T19:00:00.000,134,45,89
2015-01-27T20:00:00.000,68,21,47
2015-01-27T21:00:00.000,38,17,21
2015-01-27T22:00:00.000,22,6,16
2015-01-27T23:00:00.000,21,8,13
2015-01-28T00:00:00.000,10,4,6
2015-01-28T01:00:00.000,5,1,4
2015-01-28T02:00:00.000,3,2,1
2015-01-28T03:00:00.000,1,1,0
2015-01-28T04:00:00.000,3,1,2
2015-01-28T05:00:00.000,28,23,5
2015-01-28T06:00:00.000,94,63,31
2015-01-28T07:00:00.000,268,217,51
2015-01-28T08:00:00.000,417,320,97
2015-01-28T09:00:00.000,246,172,74
2015-01-28T10:00:00.000,95,66,29
2015-01-28T11:00:00.000,62,38,24
2015-01-28T12:00:00.000,65,39,26
2015-01-28T13:00:00.000,80,44,36
2015-01-28T14:00:00.000,104,50,54
2015-01-28T15:00:00.000,107,53,54
2015-01-28T16:00:00.000,219,95,124
2015-01-28T17:00:00.000,504,156,348
2015-01-28T18:00:00.000,335,103,232
2015-01-28T19:00:00.000,144,54,90
2015-01-28T20:00:00.000,72,29,43
2015-01-28T21:00:00.000,51,19,32
2015-01-28T22:00:00.000,32,18,14
2015-01-28T23:00:00.000,18,4,14
2015-01-29T00:00:00.000,6,1,5
2015-01-29T01:00:00.000,5,3,2
2015-01-29T02:00:00.000,3,2,1
2015-01-29T03:00:00.000,1,1,0
2015-01-29T04:00:00.000,5,3,2
2015-01-29T05:00:00.000,36,25,11
2015-01-29T06:00:00.000,90,62,28
2015-01-29T07:00:00.000,263,201,62
2015-01-29T08:00:00.000,442,323,119
2015-01-29T09:00:00.000,251,173,78
2015-01-29T10:00:00.000,100,72,28
2015-01-29T11:00:00.000,76,51,25
2015-01-29T12:00:00.000,62,35,27
2015-01-29T13:00:00.000,98,51,47
2015-01-29T14:00:00.000,102,48,54
2015-01-29T15:00:00.000,127,66,61
2015-01-29T16:00:00.000,251,95,156
2015-01-29T17:00:00.000,468,143,325
2015-01-29T18:00:00.000,351,119,232
2015-01-29T19:00:00.000,138,47,91
2015-01-29T20:00:00.000,72,22,50
2015-01-29T21:00:00.000,52,26,26
2015-01-29T22:00:00.000,29,17,12
2015-01-29T23:00:00.000,33,21,12
2015-01-30T00:00:00.000,11,4,7
2015-01-30T01:00:00.000,10,7,3
2015-01-30T02:00:00.000,10,6,4
2015-01-30T03:00:00.000,3,2,1
2015-01-30T04:00:00.000,4,1,3
2015-01-30T05:00:00.000,26,19,7
2015-01-30T06:00:00.000,86,59,27
2015-01-30T07:00:00.000,238,179,59
2015-01-30T08:00:00.000,339,254,85
2015-01-30T09:00:00.000,217,133,84
2015-01-30T10:00:00.000,90,59,31
2015-01-30T11:00:00.000,66,47,19
2015-01-30T12:00:00.000,80,47,33
2015-01-30T13:00:00.000,83,43,40
2015-01-30T14:00:00.000,112,55,57
2015-01-30T15:00:00.000,155,72,83
2015-01-30T16:00:00.000,245,97,148
2015-01-30T17:00:00.000,342,102,240
2015-01-30T18:00:00.000,287,91,196
2015-01-30T19:00:00.000,87,32,55
2015-01-30T20:00:00.000,47,18,29
2015-01-30T21:00:00.000,30,12,18
2015-01-30T22:00:00.000,22,11,11
2015-01-30T23:00:00.000,22,13,9
2015-01-31T00:00:00.000,17,8,9
2015-01-31T01:00:00.000,3,2,1
2015-01-31T02:00:00.000,4,2,2
2015-01-31T03:00:00.000,2,2,0
2015-01-31T04:00:00.000,3,2,1
2015-01-31T05:00:00.000,2,0,2
2015-01-31T06:00:00.000,15,5,10
2015-01-31T07:00:00.000,19,11,8
2015-01-31T08:00:00.000,47,28,19
2015-01-31T09:00:00.000,84,46,38
2015-01-31T10:00:00.000,72,44,28
2015-01-31T11:00:00.000,81,46,35
2015-01-31T12:00:00.000,113,65,48
2015-01-31T13:00:00.000,148,81,67
2015-01-31T14:00:00.000,135,69,66
2015-01-31T15:00:00.000,126,68,58
2015-01-31T16:00:00.000,137,76,61
2015-01-31T17:00:00.000,81,39,42
2015-01-31T18:00:00.000,46,26,20
2015-01-31T19:00:00.000,18,10,8
2015-01-31T20:00:00.000,25,8,17
2015-01-31T21:00:00.000,21,8,13
2015-01-31T22:00:00.000,20,6,14
2015-01-31T23:00:00.000,17,11,6
2015-02-01T00:00:00.000,18,9,9
2015-02-01T01:00:00.000,6,1,5
2015-02-01T02:00:00.000,1,0,1
2015-02-01T03:00:00.000,0,0,0
2015-02-01T04:00:00.000,3,1,2
2015-02-01T05:00:00.000,2,1,1
2015-02-01T06:00:00.000,5,3,2
2015-02-01T07:00:00.000,22,16,6
2015-02-01T08:00:00.000,32,18,14
2015-02-01T09:00:00.000,70,40,30
2015-02-01T10:00:00.000,64,36,28
2015-02-01T11:00:00.000,66,43,23
2015-02-01T12:00:00.000,89,44,45
2015-02-01T13:00:00.000,56,37,19
2015-02-01T14:00:00.000,73,47,26
2015-02-01T15:00:00.000,47,23,24
2015-02-01T16:00:00.000,23,10,13
2015-02-01T17:00:00.000,16,11,5
2015-02-01T18:00:00.000,14,4,10
2015-02-01T19:00:00.000,33,15,18
2015-02-01T20:00:00.000,37,17,20
2015-02-01T21:00:00.000,16,10,6
2015-02-01T22:00:00.000,11,2,9
2015-02-01T23:00:00.000,4,2,2
2015-02-02T00:00:00.000,5,3,2
2015-02-02T01:00:00.000,2,0,2
2015-02-02T02:00:00.000,4,2,2
2015-02-02T03:00:00.000,1,0,1
2015-02-02T04:00:00.000,5,2,3
2015-02-02T05:00:00.000,30,23,7
2015-02-02T06:00:00.000,95,62,33
2015-02-02T07:00:00.000,185,172,13
2015-02-02T08:00:00.000,257,256,1
2015-02-02T09:00:00.000,121,121,0
2015-02-02T10:00:00.000,77,77,0
2015-02-02T11:00:00.000,26,26,0
2015-02-02T12:00:00.000,24,15,9
2015-02-02T13:00:00.000,50,23,27
2015-02-02T14:00:00.000,52,24,28
2015-02-02T15:00:00.000,82,39,43
2015-02-02T16:00:00.000,167,72,95
2015-02-02T17:00:00.000,296,91,205
2015-02-02T18:00:00.000,241,77,164
2015-02-02T19:00:00.000,90,34,56
2015-02-02T20:00:00.000,44,19,25
2015-02-02T21:00:00.000,26,6,20
2015-02-02T22:00:00.000,11,4,7
2015-02-02T23:00:00.000,13,5,8
2015-02-03T00:00:00.000,6,2,4
2015-02-03T01:00:00.000,6,2,4
2015-02-03T02:00:00.000,3,1,2
2015-02-03T03:00:00.000,4,2,2
2015-02-03T04:00:00.000,3,1,2
2015-02-03T05:00:00.000,34,22,12
2015-02-03T06:00:00.000,103,70,33
2015-02-03T07:00:00.000,194,181,13
2015-02-03T08:00:00.000,312,312,0
2015-02-03T09:00:00.000,161,160,1
2015-02-03T10:00:00.000,58,58,0
2015-02-03T11:00:00.000,55,55,0
2015-02-03T12:00:00.000,48,48,0
2015-02-03T13:00:00.000,37,37,0
2015-02-03T14:00:00.000,44,44,0
2015-02-03T15:00:00.000,75,41,34
2015-02-03T16:00:00.000,172,65,107
2015-02-03T17:00:00.000,366,111,255
2015-02-03T18:00:00.000,362,101,261
2015-02-03T19:00:00.000,125,43,82
2015-02-03T20:00:00.000,69,23,46
2015-02-03T21:00:00.000,50,24,26
2015-02-03T22:00:00.000,25,12,13
2015-02-03T23:00:00.000,22,7,15
2015-02-04T00:00:00.000,7,2,5
2015-02-04T01:00:00.000,6,4,2
2015-02-04T02:00:00.000,0,0,0
2015-02-04T03:00:00.000,1,0,1
2015-02-04T04:00:00.000,6,5,1
2015-02-04T05:00:00.000,38,25,13
2015-02-04T06:00:00.000,94,66,28
2015-02-04T07:00:00.000,195,183,12
2015-02-04T08:00:00.000,280,280,0
2015-02-04T09:00:00.000,179,179,0
2015-02-04T10:00:00.000,60,60,0
2015-02-04T11:00:00.000,41,41,0
2015-02-04T12:00:00.000,54,54,0
2015-02-04T13:00:00.000,57,57,0
2015-02-04T14:00:00.000,63,61,2
2015-02-04T15:00:00.000,92,54,38
2015-02-04T16:00:00.000,164,66,98
2015-02-04T17:00:00.000,393,116,277
2015-02-04T18:00:00.000,265,74,191
2015-02-04T19:00:00.000,112,32,80
2015-02-04T20:00:00.000,69,26,43
2015-02-04T21:00:00.000,42,21,21
2015-02-04T22:00:00.000,17,9,8
2015-02-04T23:00:00.000,16,9,7
2015-02-05T00:00:00.000,4,2,2
2015-02-05T01:00:00.000,5,4,1
2015-02-05T02:00:00.000,1,0,1
2015-02-05T03:00:00.000,3,1,2
2015-02-05T04:00:00.000,4,3,1
2015-02-05T05:00:00.000,22,17,5
2015-02-05T06:00:00.000,63,39,24
2015-02-05T07:00:00.000,135,129,6
2015-02-05T08:00:00.000,223,223,0
2015-02-05T09:00:00.000,145,145,0
2015-02-05T10:00:00.000,39,39,0
2015-02-05T11:00:00.000,35,35,0
2015-02-05T12:00:00.000,38,38,0
2015-02-05T13:00:00.000,27,27,0
2015-02-05T14:00:00.000,43,29,14
2015-02-05T15:00:00.000,55,25,30
2015-02-05T16:00:00.000,130,56,74
2015-02-05T17:00:00.000,253,87,166
2015-02-05T18:00:00.000,219,73,146
2015-02-05T19:00:00.000,112,32,80
2015-02-05T20:00:00.000,55,22,33
2015-02-05T21:00:00.000,39,15,24
2015-02-05T22:00:00.000,18,8,10
2015-02-05T23:00:00.000,26,17,9
2015-02-06T00:00:00.000,5,2,3
2015-02-06T01:00:00.000,1,1,0
2015-02-06T02:00:00.000,1,1,0
2015-02-06T03:00:00.000,3,1,2
2015-02-06T04:00:00.000,5,2,3
2015-02-06T05:00:00.000,21,13,8
2015-02-06T06:00:00.000,62,38,24
2015-02-06T07:00:00.000,111,102,9
2015-02-06T08:00:00.000,212,212,0
2015-02-06T09:00:00.000,121,118,3
2015-02-06T10:00:00.000,52,52,0
2015-02-06T11:00:00.000,29,29,0
2015-02-06T12:00:00.000,15,14,1
2015-02-06T13:00:00.000,38,26,12
2015-02-06T14:00:00.000,49,29,20
2015-02-06T15:00:00.000,54,28,26
2015-02-06T16:00:00.000,134,51,83
2015-02-06T17:00:00.000,298,90,208
2015-02-06T18:00:00.000,205,71,134
2015-02-06T19:00:00.000,84,25,59
2015-02-06T20:00:00.000,31,11,20
2015-02-06T21:00:00.000,33,15,18
2015-02-06T22:00:00.000,22,9,13
2015-02-06T23:00:00.000,25,14,11
2015-02-07T00:00:00.000,13,6,7
2015-02-07T01:00:00.000,8,4,4
2015-02-07T02:00:00.000,7,4,3
2015-02-07T03:00:00.000,5,3,2
2015-02-07T04:00:00.000,1,0,1
2015-02-07T05:00:00.000,10,8,2
2015-02-07T06:00:00.000,16,5,11
2015-02-07T07:00:00.000,18,8,10
2015-02-07T08:00:00.000,28,18,10
2015-02-07T09:00:00.000,26,11,15
2015-02-07T10:00:00.000,32,23,9
2015-02-07T11:00:00.000,53,34,19
2015-02-07T12:00:00.000,48,27,21
2015-02-07T13:00:00.000,39,26,13
2015-02-07T14:00:00.000,80,46,34
2015-02-07T15:00:00.000,62,37,25
2015-02-07T16:00:00.000,42,19,23
2015-02-07T17:00:00.000,32,12,20
2015-02-07T18:00:00.000,40,20,20
2015-02-07T19:00:00.000,19,9,10
2015-02-07T20:00:00.000,16,3,13
2015-02-07T21:00:00.000,11,6,5
2015-02-07T22:00:00.000,7,3,4
2015-02-07T23:00:00.000,16,7,9
2015-02-08T00:00:00.000,2,0,2
2015-02-08T01:00:00.000,3,2,1
2015-02-08T02:00:00.000,3,1,2
2015-02-08T03:00:00.000,2,2,0
2015-02-08T04:00:00.000,3,2,1
2015-02-08T05:00:00.000,3,1,2
2015-02-08T06:00:00.000,12,6,6
2015-02-08T07:00:00.000,14,7,7
2015-02-08T08:00:00.000,59,44,15
2015-02-08T09:00:00.000,105,70,35
2015-02-08T10:00:00.000,136,71,65
2015-02-08T11:00:00.000,158,90,68
2015-02-08T12:00:00.000,181,95,86
2015-02-08T13:00:00.000,180,98,82
2015-02-08T14:00:00.000,182,101,81
2015-02-08T15:00:00.000,143,69,74
2015-02-08T16:00:00.000,120,69,51
2015-02-08T17:00:00.000,89,50,39
2015-02-08T18:00:00.000,36,20,16
2015-02-08T19:00:00.000,33,17,16
2015-02-08T20:00:00.000,25,11,14
2015-02-08T21:00:00.000,15,4,11
2015-02-08T22:00:00.000,9,4,5
2015-02-08T23:00:00.000,9,6,3
2015-02-09T00:00:00.000,1,1,0
2015-02-09T01:00:00.000,4,2,2
2015-02-09T02:00:00.000,1,0,1
2015-02-09T03:00:00.000,2,1,1
2015-02-09T04:00:00.000,11,5,6
2015-02-09T05:00:00.000,30,17,13
2015-02-09T06:00:00.000,102,63,39
2015-02-09T07:00:00.000,209,127,82
2015-02-09T08:00:00.000,233,1,232
2015-02-09T09:00:00.000,129,1,128
2015-02-09T10:00:00.000,55,2,53
2015-02-09T11:00:00.000,38,0,38
2015-02-09T12:00:00.000,28,0,28
2015-02-09T13:00:00.000,28,0,28
2015-02-09T14:00:00.000,52,21,31
2015-02-09T15:00:00.000,94,44,50
2015-02-09T16:00:00.000,182,74,108
2015-02-09T17:00:00.000,382,104,278
2015-02-09T18:00:00.000,298,98,200
2015-02-09T19:00:00.000,103,31,72
2015-02-09T20:00:00.000,62,18,44
2015-02-09T21:00:00.000,27,8,19
2015-02-09T22:00:00.000,17,9,8
2015-02-09T23:00:00.000,16,4,12
2015-02-10T00:00:00.000,7,2,5
2015-02-10T01:00:00.000,6,4,2
2015-02-10T02:00:00.000,2,1,1
2015-02-10T03:00:00.000,2,1,1
2015-02-10T04:00:00.000,5,1,4
2015-02-10T05:00:00.000,35,26,9
2015-02-10T06:00:00.000,97,66,31
2015-02-10T07:00:00.000,190,190,0
2015-02-10T08:00:00.000,319,210,109
2015-02-10T09:00:00.000,138,1,137
2015-02-10T10:00:00.000,66,0,66
2015-02-10T11:00:00.000,55,27,28
2015-02-10T12:00:00.000,45,45,0
2015-02-10T13:00:00.000,77,63,14
2015-02-10T14:00:00.000,89,48,41
2015-02-10T15:00:00.000,103,38,65
2015-02-10T16:00:00.000,221,95,126
2015-02-10T17:00:00.000,395,120,275
2015-02-10T18:00:00.000,332,113,219
2015-02-10T19:00:00.000,161,48,113
2015-02-10T20:00:00.000,71,36,35
2015-02-10T21:00:00.000,51,23,28
2015-02-10T22:00:00.000,21,6,15
2015-02-10T23:00:00.000,28,12,16
2015-02-11T00:00:00.000,12,3,9
2015-02-11T01:00:00.000,2,2,0
2015-02-11T02:00:00.000,3,2,1
2015-02-11T03:00:00.000,2,1,1
2015-02-11T04:00:00.000,4,1,3
2015-02-11T05:00:00.000,28,20,8
2015-02-11T06:00:00.000,114,72,42
2015-02-11T07:00:00.000,216,208,8
2015-02-11T08:00:00.000,363,363,0
2015-02-11T09:00:00.000,172,172,0
2015-02-11T10:00:00.000,79,79,0
2015-02-11T11:00:00.000,66,66,0
2015-02-11T12:00:00.000,64,64,0
2015-02-11T13:00:00.000,66,66,0
2015-02-11T14:00:00.000,73,49,24
2015-02-11T15:00:00.000,102,61,41
2015-02-11T16:00:00.000,225,89,136
2015-02-11T17:00:00.000,508,157,351
2015-02-11T18:00:00.000,350,97,253
2015-02-11T19:00:00.000,166,51,115
2015-02-11T20:00:00.000,84,30,54
2015-02-11T21:00:00.000,51,19,32
2015-02-11T22:00:00.000,36,15,21
2015-02-11T23:00:00.000,22,7,15
2015-02-12T00:00:00.000,10,2,8
2015-02-12T01:00:00.000,2,1,1
2015-02-12T02:00:00.000,6,1,5
2015-02-12T03:00:00.000,4,1,3
2015-02-12T04:00:00.000,7,5,2
2015-02-12T05:00:00.000,27,17,10
2015-02-12T06:00:00.000,85,48,37
2015-02-12T07:00:00.000,198,196,2
2015-02-12T08:00:00.000,343,342,1
2015-02-12T09:00:00.000,237,234,3
2015-02-12T10:00:00.000,76,76,0
2015-02-12T11:00:00.000,71,68,3
2015-02-12T12:00:00.000,44,41,3
2015-02-12T13:00:00.000,60,59,1
2015-02-12T14:00:00.000,65,52,13
2015-02-12T15:00:00.000,129,56,73
2015-02-12T16:00:00.000,221,94,127
2015-02-12T17:00:00.000,427,151,276
2015-02-12T18:00:00.000,316,96,220
2015-02-12T19:00:00.000,175,60,115
2015-02-12T20:00:00.000,84,26,58
2015-02-12T21:00:00.000,44,24,20
2015-02-12T22:00:00.000,41,23,18
2015-02-12T23:00:00.000,25,6,19
2015-02-13T00:00:00.000,11,4,7
2015-02-13T01:00:00.000,3,1,2
2015-02-13T02:00:00.000,1,1,0
2015-02-13T03:00:00.000,4,1,3
2015-02-13T04:00:00.000,4,3,1
2015-02-13T05:00:00.000,23,16,7
2015-02-13T06:00:00.000,85,52,33
2015-02-13T07:00:00.000,183,173,10
2015-02-13T08:00:00.000,284,284,0
2015-02-13T09:00:00.000,180,180,0
2015-02-13T10:00:00.000,80,80,0
2015-02-13T11:00:00.000,65,65,0
2015-02-13T12:00:00.000,60,60,0
2015-02-13T13:00:00.000,67,67,0
2015-02-13T14:00:00.000,77,65,12
2015-02-13T15:00:00.000,167,75,92
2015-02-13T16:00:00.000,225,97,128
2015-02-13T17:00:00.000,400,132,268
2015-02-13T18:00:00.000,275,97,178
2015-02-13T19:00:00.000,118,47,71
2015-02-13T20:00:00.000,51,24,27
2015-02-13T21:00:00.000,43,19,24
2015-02-13T22:00:00.000,26,16,10
2015-02-13T23:00:00.000,27,8,19
2015-02-14T00:00:00.000,15,7,8
2015-02-14T01:00:00.000,12,1,11
2015-02-14T02:00:00.000,5,3,2
2015-02-14T03:00:00.000,9,6,3
2015-02-14T04:00:00.000,5,1,4
2015-02-14T05:00:00.000,9,7,2
2015-02-14T06:00:00.000,14,6,8
2015-02-14T07:00:00.000,18,13,5
2015-02-14T08:00:00.000,59,35,24
2015-02-14T09:00:00.000,75,50,25
2015-02-14T10:00:00.000,96,58,38
2015-02-14T11:00:00.000,110,67,43
2015-02-14T12:00:00.000,100,46,54
2015-02-14T13:00:00.000,149,93,56
2015-02-14T14:00:00.000,163,85,78
2015-02-14T15:00:00.000,171,95,76
2015-02-14T16:00:00.000,150,73,77
2015-02-14T17:00:00.000,124,68,56
2015-02-14T18:00:00.000,64,30,34
2015-02-14T19:00:00.000,40,18,22
2015-02-14T20:00:00.000,29,13,16
2015-02-14T21:00:00.000,18,6,12
2015-02-14T22:00:00.000,18,8,10
2015-02-14T23:00:00.000,12,5,7
2015-02-15T00:00:00.000,14,5,9
2015-02-15T01:00:00.000,5,3,2
2015-02-15T02:00:00.000,8,6,2
2015-02-15T03:00:00.000,3,2,1
2015-02-15T04:00:00.000,1,0,1
2015-02-15T05:00:00.000,1,1,0
2015-02-15T06:00:00.000,10,5,5
2015-02-15T07:00:00.000,13,8,5
2015-02-15T08:00:00.000,59,32,27
2015-02-15T09:00:00.000,85,46,39
2015-02-15T10:00:00.000,115,70,45
2015-02-15T11:00:00.000,152,90,62
2015-02-15T12:00:00.000,210,124,86
2015-02-15T13:00:00.000,201,134,67
2015-02-15T14:00:00.000,257,112,145
2015-02-15T15:00:00.000,231,115,116
2015-02-15T16:00:00.000,181,102,79
2015-02-15T17:00:00.000,123,67,56
2015-02-15T18:00:00.000,65,32,33
2015-02-15T19:00:00.000,34,19,15
2015-02-15T20:00:00.000,33,17,16
2015-02-15T21:00:00.000,9,4,5
2015-02-15T22:00:00.000,13,6,7
2015-02-15T23:00:00.000,13,1,12
2015-02-16T00:00:00.000,11,3,8
2015-02-16T01:00:00.000,5,1,4
2015-02-16T02:00:00.000,3,1,2
2015-02-16T03:00:00.000,1,0,1
2015-02-16T04:00:00.000,5,4,1
2015-02-16T05:00:00.000,22,15,7
2015-02-16T06:00:00.000,50,33,17
2015-02-16T07:00:00.000,105,82,23
2015-02-16T08:00:00.000,190,137,53
2015-02-16T09:00:00.000,161,104,57
2015-02-16T10:00:00.000,116,75,41
2015-02-16T11:00:00.000,113,59,54
2015-02-16T12:00:00.000,92,51,41
2015-02-16T13:00:00.000,166,105,61
2015-02-16T14:00:00.000,185,113,72
2015-02-16T15:00:00.000,148,72,76
2015-02-16T16:00:00.000,204,96,108
2015-02-16T17:00:00.000,254,88,166
2015-02-16T18:00:00.000,208,85,123
2015-02-16T19:00:00.000,71,24,47
2015-02-16T20:00:00.000,41,13,28
2015-02-16T21:00:00.000,32,11,21
2015-02-16T22:00:00.000,16,4,12
2015-02-16T23:00:00.000,12,4,8
2015-02-17T00:00:00.000,9,1,8
2015-02-17T01:00:00.000,1,0,1
2015-02-17T02:00:00.000,4,1,3
2015-02-17T03:00:00.000,0,0,0
2015-02-17T04:00:00.000,8,5,3
2015-02-17T05:00:00.000,31,24,7
2015-02-17T06:00:00.000,86,64,22
2015-02-17T07:00:00.000,195,194,1
2015-02-17T08:00:00.000,340,340,0
2015-02-17T09:00:00.000,187,187,0
2015-02-17T10:00:00.000,91,91,0
2015-02-17T11:00:00.000,72,72,0
2015-02-17T12:00:00.000,77,77,0
2015-02-17T13:00:00.000,95,95,0
2015-02-17T14:00:00.000,110,79,31
2015-02-17T15:00:00.000,154,73,81
2015-02-17T16:00:00.000,278,115,163
2015-02-17T17:00:00.000,452,164,288
2015-02-17T18:00:00.000,398,136,262
2015-02-17T19:00:00.000,151,63,88
2015-02-17T20:00:00.000,67,24,43
2015-02-17T21:00:00.000,50,20,30
2015-02-17T22:00:00.000,31,9,22
2015-02-17T23:00:00.000,32,5,27
2015-02-18T00:00:00.000,6,3,3
2015-02-18T01:00:00.000,5,2,3
2015-02-18T02:00:00.000,2,2,0
2015-02-18T03:00:00.000,1,1,0
2015-02-18T04:00:00.000,5,3,2
2015-02-18T05:00:00.000,33,24,9
2015-02-18T06:00:00.000,115,83,32
2015-02-18T07:00:00.000,211,200,11
2015-02-18T08:00:00.000,336,336,0
2015-02-18T09:00:00.000,176,175,1
2015-02-18T10:00:00.000,84,84,0
2015-02-18T11:00:00.000,58,58,0
2015-02-18T12:00:00.000,47,47,0
2015-02-18T13:00:00.000,154,152,2
2015-02-18T14:00:00.000,119,111,8
2015-02-18T15:00:00.000,108,55,53
2015-02-18T16:00:00.000,221,92,129
2015-02-18T17:00:00.000,500,170,330
2015-02-18T18:00:00.000,374,113,261
2015-02-18T19:00:00.000,159,49,110
2015-02-18T20:00:00.000,79,36,43
2015-02-18T21:00:00.000,59,27,32
2015-02-18T22:00:00.000,58,24,34
2015-02-18T23:00:00.000,17,7,10
2015-02-19T00:00:00.000,4,2,2
2015-02-19T01:00:00.000,3,3,0
2015-02-19T02:00:00.000,6,1,5
2015-02-19T03:00:00.000,3,2,1
2015-02-19T04:00:00.000,9,7,2
2015-02-19T05:00:00.000,25,17,8
2015-02-19T06:00:00.000,97,64,33
2015-02-19T07:00:00.000,175,167,8
2015-02-19T08:00:00.000,290,290,0
2015-02-19T09:00:00.000,159,159,0
2015-02-19T10:00:00.000,81,80,1
2015-02-19T11:00:00.000,49,49,0
2015-02-19T12:00:00.000,29,29,0
2015-02-19T13:00:00.000,32,31,1
2015-02-19T14:00:00.000,46,39,7
2015-02-19T15:00:00.000,77,34,43
2015-02-19T16:00:00.000,166,70,96
2015-02-19T17:00:00.000,375,114,261
2015-02-19T18:00:00.000,306,101,205
2015-02-19T19:00:00.000,129,44,85
2015-02-19T20:00:00.000,63,22,41
2015-02-19T21:00:00.000,45,20,25
2015-02-19T22:00:00.000,35,15,20
2015-02-19T23:00:00.000,17,6,11
2015-02-20T00:00:00.000,14,8,6
2015-02-20T01:00:00.000,8,0,8
2015-02-20T02:00:00.000,1,0,1
2015-02-20T03:00:00.000,0,0,0
2015-02-20T04:00:00.000,5,3,2
2015-02-20T05:00:00.000,19,14,5
2015-02-20T06:00:00.000,81,57,24
2015-02-20T07:00:00.000,128,29,99
2015-02-20T08:00:00.000,199,1,198
2015-02-20T09:00:00.000,141,0,141
2015-02-20T10:00:00.000,70,0,70
2015-02-20T11:00:00.000,39,0,39
2015-02-20T12:00:00.000,47,2,45
2015-02-20T13:00:00.000,60,0,60
2015-02-20T14:00:00.000,70,29,41
2015-02-20T15:00:00.000,111,56,55
2015-02-20T16:00:00.000,183,70,113
2015-02-20T17:00:00.000,375,109,266
2015-02-20T18:00:00.000,241,76,165
2015-02-20T19:00:00.000,102,40,62
2015-02-20T20:00:00.000,43,17,26
2015-02-20T21:00:00.000,24,7,17
2015-02-20T22:00:00.000,28,9,19
2015-02-20T23:00:00.000,28,12,16
2015-02-21T00:00:00.000,20,7,13
2015-02-21T01:00:00.000,10,3,7
2015-02-21T02:00:00.000,6,6,0
2015-02-21T03:00:00.000,3,1,2
2015-02-21T04:00:00.000,2,2,0
2015-02-21T05:00:00.000,4,2,2
2015-02-21T06:00:00.000,22,10,12
2015-02-21T07:00:00.000,21,5,16
2015-02-21T08:00:00.000,66,43,23
2015-02-21T09:00:00.000,70,43,27
2015-02-21T10:00:00.000,108,69,39
2015-02-21T11:00:00.000,133,76,57
2015-02-21T12:00:00.000,152,100,52
2015-02-21T13:00:00.000,168,104,64
2015-02-21T14:00:00.000,176,103,73
2015-02-21T15:00:00.000,197,86,111
2015-02-21T16:00:00.000,160,69,91
2015-02-21T17:00:00.000,121,71,50
2015-02-21T18:00:00.000,86,41,45
2015-02-21T19:00:00.000,44,19,25
2015-02-21T20:00:00.000,36,20,16
2015-02-21T21:00:00.000,19,8,11
2015-02-21T22:00:00.000,14,4,10
2015-02-21T23:00:00.000,13,6,7
2015-02-22T00:00:00.000,15,6,9
2015-02-22T01:00:00.000,3,3,0
2015-02-22T02:00:00.000,6,4,2
2015-02-22T03:00:00.000,0,0,0
2015-02-22T04:00:00.000,4,3,1
2015-02-22T05:00:00.000,2,1,1
2015-02-22T06:00:00.000,25,16,9
2015-02-22T07:00:00.000,83,69,14
2015-02-22T08:00:00.000,95,71,24
2015-02-22T09:00:00.000,97,56,41
2015-02-22T10:00:00.000,101,47,54
2015-02-22T11:00:00.000,160,93,67
2015-02-22T12:00:00.000,195,121,74
2015-02-22T13:00:00.000,167,89,78
2015-02-22T14:00:00.000,212,106,106
2015-02-22T15:00:00.000,197,89,108
2015-02-22T16:00:00.000,152,66,86
2015-02-22T17:00:00.000,134,68,66
2015-02-22T18:00:00.000,93,45,48
2015-02-22T19:00:00.000,29,9,20
2015-02-22T20:00:00.000,19,7,12
2015-02-22T21:00:00.000,14,5,9
2015-02-22T22:00:00.000,10,4,6
2015-02-22T23:00:00.000,7,2,5
2015-02-23T00:00:00.000,3,2,1
2015-02-23T01:00:00.000,3,1,2
2015-02-23T02:00:00.000,2,1,1
2015-02-23T03:00:00.000,3,1,2
2015-02-23T04:00:00.000,7,5,2
2015-02-23T05:00:00.000,32,25,7
2015-02-23T06:00:00.000,98,65,33
2015-02-23T07:00:00.000,226,220,6
2015-02-23T08:00:00.000,348,347,1
2015-02-23T09:00:00.000,194,194,0
2015-02-23T10:00:00.000,80,80,0
2015-02-23T11:00:00.000,72,72,0
2015-02-23T12:00:00.000,55,55,0
2015-02-23T13:00:00.000,66,66,0
2015-02-23T14:00:00.000,79,79,0
2015-02-23T15:00:00.000,135,66,69
2015-02-23T16:00:00.000,262,107,155
2015-02-23T17:00:00.000,512,162,350
2015-02-23T18:00:00.000,362,107,255
2015-02-23T19:00:00.000,173,59,114
2015-02-23T20:00:00.000,83,24,59
2015-02-23T21:00:00.000,41,20,21
2015-02-23T22:00:00.000,26,10,16
2015-02-23T23:00:00.000,19,7,12
2015-02-24T00:00:00.000,8,2,6
2015-02-24T01:00:00.000,5,3,2
2015-02-24T02:00:00.000,6,3,3
2015-02-24T03:00:00.000,3,0,3
2015-02-24T04:00:00.000,4,2,2
2015-02-24T05:00:00.000,35,23,12
2015-02-24T06:00:00.000,105,73,32
2015-02-24T07:00:00.000,245,236,9
2015-02-24T08:00:00.000,418,418,0
2015-02-24T09:00:00.000,188,188,0
2015-02-24T10:00:00.000,75,75,0
2015-02-24T11:00:00.000,74,69,5
2015-02-24T12:00:00.000,79,0,79
2015-02-24T13:00:00.000,90,0,90
2015-02-24T14:00:00.000,105,17,88
2015-02-24T15:00:00.000,131,54,77
2015-02-24T16:00:00.000,261,108,153
2015-02-24T17:00:00.000,538,162,376
2015-02-24T18:00:00.000,361,126,235
2015-02-24T19:00:00.000,153,52,101
2015-02-24T20:00:00.000,73,37,36
2015-02-24T21:00:00.000,54,24,30
2015-02-24T22:00:00.000,33,14,19
2015-02-24T23:00:00.000,22,7,15
2015-02-25T00:00:00.000,11,2,9
2015-02-25T01:00:00.000,4,3,1
2015-02-25T02:00:00.000,4,2,2
2015-02-25T03:00:00.000,0,0,0
2015-02-25T04:00:00.000,7,6,1
2015-02-25T05:00:00.000,34,24,10
2015-02-25T06:00:00.000,108,68,40
2015-02-25T07:00:00.000,190,180,10
2015-02-25T08:00:00.000,349,349,0
2015-02-25T09:00:00.000,193,193,0
2015-02-25T10:00:00.000,65,64,1
2015-02-25T11:00:00.000,48,47,1
2015-02-25T12:00:00.000,43,43,0
2015-02-25T13:00:00.000,40,37,3
2015-02-25T14:00:00.000,47,47,0
2015-02-25T15:00:00.000,96,73,23
2015-02-25T16:00:00.000,167,60,107
2015-02-25T17:00:00.000,392,124,268
2015-02-25T18:00:00.000,316,101,215
2015-02-25T19:00:00.000,119,43,76
2015-02-25T20:00:00.000,70,26,44
2015-02-25T21:00:00.000,52,23,29
2015-02-25T22:00:00.000,23,8,15
2015-02-25T23:00:00.000,18,4,14
2015-02-26T00:00:00.000,7,5,2
2015-02-26T01:00:00.000,3,2,1
2015-02-26T02:00:00.000,1,0,1
2015-02-26T03:00:00.000,3,1,2
2015-02-26T04:00:00.000,7,5,2
2015-02-26T05:00:00.000,21,12,9
2015-02-26T06:00:00.000,83,60,23
2015-02-26T07:00:00.000,198,185,13
2015-02-26T08:00:00.000,285,285,0
2015-02-26T09:00:00.000,171,171,0
2015-02-26T10:00:00.000,69,69,0
2015-02-26T11:00:00.000,42,42,0
2015-02-26T12:00:00.000,50,50,0
2015-02-26T13:00:00.000,48,48,0
2015-02-26T14:00:00.000,58,50,8
2015-02-26T15:00:00.000,76,37,39
2015-02-26T16:00:00.000,172,63,109
2015-02-26T17:00:00.000,359,121,238
2015-02-26T18:00:00.000,314,102,212
2015-02-26T19:00:00.000,135,37,98
2015-02-26T20:00:00.000,64,24,40
2015-02-26T21:00:00.000,46,21,25
2015-02-26T22:00:00.000,29,8,21
2015-02-26T23:00:00.000,15,4,11
2015-02-27T00:00:00.000,5,1,4
2015-02-27T01:00:00.000,2,1,1
2015-02-27T02:00:00.000,2,2,0
2015-02-27T03:00:00.000,1,0,1
2015-02-27T04:00:00.000,3,2,1
2015-02-27T05:00:00.000,23,12,11
2015-02-27T06:00:00.000,83,64,19
2015-02-27T07:00:00.000,103,19,84
2015-02-27T08:00:00.000,167,2,165
2015-02-27T09:00:00.000,116,3,113
2015-02-27T10:00:00.000,65,0,65
2015-02-27T11:00:00.000,28,0,28
2015-02-27T12:00:00.000,36,0,36
2015-02-27T13:00:00.000,32,0,32
2015-02-27T14:00:00.000,65,25,40
2015-02-27T15:00:00.000,76,30,46
2015-02-27T16:00:00.000,166,70,96
2015-02-27T17:00:00.000,300,104,196
2015-02-27T18:00:00.000,233,82,151
2015-02-27T19:00:00.000,99,35,64
2015-02-27T20:00:00.000,39,11,28
2015-02-27T21:00:00.000,50,33,17
2015-02-27T22:00:00.000,25,14,11
2015-02-27T23:00:00.000,19,9,10
2015-02-28T00:00:00.000,23,13,10
2015-02-28T01:00:00.000,12,5,7
2015-02-28T02:00:00.000,3,2,1
2015-02-28T03:00:00.000,3,2,1
2015-02-28T04:00:00.000,1,0,1
2015-02-28T05:00:00.000,4,2,2
2015-02-28T06:00:00.000,20,8,12
2015-02-28T07:00:00.000,37,18,19
2015-02-28T08:00:00.000,74,39,35
2015-02-28T09:00:00.000,111,61,50
2015-02-28T10:00:00.000,135,74,61
2015-02-28T11:00:00.000,167,109,58
2015-02-28T12:00:00.000,182,92,90
2015-02-28T13:00:00.000,215,113,102
2015-02-28T14:00:00.000,235,134,101
2015-02-28T15:00:00.000,215,113,102
2015-02-28T16:00:00.000,187,107,80
2015-02-28T17:00:00.000,136,67,69
2015-02-28T18:00:00.000,96,47,49
2015-02-28T19:00:00.000,50,23,27
2015-02-28T20:00:00.000,44,23,21
2015-02-28T21:00:00.000,19,14,5
2015-02-28T22:00:00.000,24,15,9
2015-02-28T23:00:00.000,25,8,17
2015-03-01T00:00:00.000,37,21,16
2015-03-01T01:00:00.000,4,2,2
2015-03-01T02:00:00.000,9,5,4
2015-03-01T03:00:00.000,2,2,0
2015-03-01T04:00:00.000,1,0,1
2015-03-01T05:00:00.000,1,0,1
2015-03-01T06:00:00.000,12,4,8
2015-03-01T07:00:00.000,13,7,6
2015-03-01T08:00:00.000,62,41,21
2015-03-01T09:00:00.000,133,88,45
2015-03-01T10:00:00.000,164,115,49
2015-03-01T11:00:00.000,188,105,83
2015-03-01T12:00:00.000,189,103,86
2015-03-01T13:00:00.000,205,100,105
2015-03-01T14:00:00.000,162,91,71
2015-03-01T15:00:00.000,172,96,76
2015-03-01T16:00:00.000,151,72,79
2015-03-01T17:00:00.000,114,71,43
2015-03-01T18:00:00.000,56,36,20
2015-03-01T19:00:00.000,36,23,13
2015-03-01T20:00:00.000,19,5,14
2015-03-01T21:00:00.000,17,7,10
2015-03-01T22:00:00.000,15,4,11
2015-03-01T23:00:00.000,10,5,5
2015-03-02T00:00:00.000,7,4,3
2015-03-02T01:00:00.000,4,1,3
2015-03-02T02:00:00.000,3,3,0
2015-03-02T03:00:00.000,4,2,2
2015-03-02T04:00:00.000,4,2,2
2015-03-02T05:00:00.000,39,26,13
2015-03-02T06:00:00.000,121,75,46
2015-03-02T07:00:00.000,140,31,109
2015-03-02T08:00:00.000,233,2,231
2015-03-02T09:00:00.000,152,1,151
2015-03-02T10:00:00.000,91,0,91
2015-03-02T11:00:00.000,56,0,56
2015-03-02T12:00:00.000,43,1,42
2015-03-02T13:00:00.000,58,0,58
2015-03-02T14:00:00.000,68,8,60
2015-03-02T15:00:00.000,119,60,59
2015-03-02T16:00:00.000,235,88,147
2015-03-02T17:00:00.000,498,159,339
2015-03-02T18:00:00.000,386,114,272
2015-03-02T19:00:00.000,155,55,100
2015-03-02T20:00:00.000,72,23,49
2015-03-02T21:00:00.000,42,15,27
2015-03-02T22:00:00.000,23,8,15
2015-03-02T23:00:00.000,21,10,11
2015-03-03T00:00:00.000,12,11,1
2015-03-03T01:00:00.000,7,7,0
2015-03-03T02:00:00.000,6,4,2
2015-03-03T03:00:00.000,2,0,2
2015-03-03T04:00:00.000,4,3,1
2015-03-03T05:00:00.000,41,30,11
2015-03-03T06:00:00.000,99,68,31
2015-03-03T07:00:00.000,238,224,14
2015-03-03T08:00:00.000,372,372,0
2015-03-03T09:00:00.000,196,196,0
2015-03-03T10:00:00.000,86,86,0
2015-03-03T11:00:00.000,66,66,0
2015-03-03T12:00:00.000,61,61,0
2015-03-03T13:00:00.000,72,72,0
2015-03-03T14:00:00.000,99,65,34
2015-03-03T15:00:00.000,122,65,57
2015-03-03T16:00:00.000,240,100,140
2015-03-03T17:00:00.000,519,147,372
2015-03-03T18:00:00.000,380,130,250
2015-03-03T19:00:00.000,164,75,89
2015-03-03T20:00:00.000,68,26,42
2015-03-03T21:00:00.000,46,20,26
2015-03-03T22:00:00.000,27,11,16
2015-03-03T23:00:00.000,18,5,13
2015-03-04T00:00:00.000,12,7,5
2015-03-04T01:00:00.000,3,1,2
2015-03-04T02:00:00.000,5,2,3
2015-03-04T03:00:00.000,4,1,3
2015-03-04T04:00:00.000,3,3,0
2015-03-04T05:00:00.000,34,23,11
2015-03-04T06:00:00.000,99,65,34
2015-03-04T07:00:00.000,194,188,6
2015-03-04T08:00:00.000,335,335,0
2015-03-04T09:00:00.000,201,188,13
2015-03-04T10:00:00.000,77,4,73
2015-03-04T11:00:00.000,61,2,59
2015-03-04T12:00:00.000,54,1,53
2015-03-04T13:00:00.000,59,1,58
2015-03-04T14:00:00.000,114,35,79
2015-03-04T15:00:00.000,123,42,81
2015-03-04T16:00:00.000,239,96,143
2015-03-04T17:00:00.000,479,165,314
2015-03-04T18:00:00.000,396,133,263
2015-03-04T19:00:00.000,144,51,93
2015-03-04T20:00:00.000,84,28,56
2015-03-04T21:00:00.000,54,33,21
2015-03-04T22:00:00.000,35,19,16
2015-03-04T23:00:00.000,20,8,12
2015-03-05T00:00:00.000,7,2,5
2015-03-05T01:00:00.000,4,3,1
2015-03-05T02:00:00.000,3,1,2
2015-03-05T03:00:00.000,4,3,1
2015-03-05T04:00:00.000,5,4,1
2015-03-05T05:00:00.000,32,20,12
2015-03-05T06:00:00.000,88,60,28
2015-03-05T07:00:00.000,199,184,15
2015-03-05T08:00:00.000,317,317,0
2015-03-05T09:00:00.000,170,170,0
2015-03-05T10:00:00.000,85,85,0
2015-03-05T11:00:00.000,61,61,0
2015-03-05T12:00:00.000,69,67,2
2015-03-05T13:00:00.000,74,74,0
2015-03-05T14:00:00.000,80,43,37
2015-03-05T15:00:00.000,123,58,65
2015-03-05T16:00:00.000,261,111,150
2015-03-05T17:00:00.000,478,151,327
2015-03-05T18:00:00.000,326,113,213
2015-03-05T19:00:00.000,133,56,77
2015-03-05T20:00:00.000,79,36,43
2015-03-05T21:00:00.000,86,28,58
2015-03-05T22:00:00.000,44,19,25
2015-03-05T23:00:00.000,21,6,15
2015-03-06T00:00:00.000,18,10,8
2015-03-06T01:00:00.000,4,3,1
2015-03-06T02:00:00.000,5,4,1
2015-03-06T03:00:00.000,7,3,4
2015-03-06T04:00:00.000,5,1,4
2015-03-06T05:00:00.000,22,18,4
2015-03-06T06:00:00.000,106,66,40
2015-03-06T07:00:00.000,158,151,7
2015-03-06T08:00:00.000,305,305,0
2015-03-06T09:00:00.000,170,170,0
2015-03-06T10:00:00.000,80,80,0
2015-03-06T11:00:00.000,63,63,0
2015-03-06T12:00:00.000,72,72,0
2015-03-06T13:00:00.000,165,165,0
2015-03-06T14:00:00.000,95,76,19
2015-03-06T15:00:00.000,176,79,97
2015-03-06T16:00:00.000,272,115,157
2015-03-06T17:00:00.000,482,155,327
2015-03-06T18:00:00.000,304,106,198
2015-03-06T19:00:00.000,119,43,76
2015-03-06T20:00:00.000,78,34,44
2015-03-06T21:00:00.000,37,18,19
2015-03-06T22:00:00.000,31,15,16
2015-03-06T23:00:00.000,28,14,14
2015-03-07T00:00:00.000,21,5,16
2015-03-07T01:00:00.000,6,0,6
2015-03-07T02:00:00.000,11,8,3
2015-03-07T03:00:00.000,0,0,0
2015-03-07T04:00:00.000,3,1,2
2015-03-07T05:00:00.000,7,3,4
2015-03-07T06:00:00.000,23,8,15
2015-03-07T07:00:00.000,35,17,18
2015-03-07T08:00:00.000,95,46,49
2015-03-07T09:00:00.000,112,58,54
2015-03-07T10:00:00.000,172,101,71
2015-03-07T11:00:00.000,157,108,49
2015-03-07T12:00:00.000,169,93,76
2015-03-07T13:00:00.000,277,123,154
2015-03-07T14:00:00.000,236,112,124
2015-03-07T15:00:00.000,252,135,117
2015-03-07T16:00:00.000,242,136,106
2015-03-07T17:00:00.000,168,109,59
2015-03-07T18:00:00.000,123,69,54
2015-03-07T19:00:00.000,59,30,29
2015-03-07T20:00:00.000,44,23,21
2015-03-07T21:00:00.000,26,12,14
2015-03-07T22:00:00.000,24,16,8
2015-03-07T23:00:00.000,19,10,9
2015-03-08T00:00:00.000,22,7,15
2015-03-08T01:00:00.000,3,2,1
2015-03-08T02:00:00.000,,,
2015-03-08T03:00:00.000,7,5,2
2015-03-08T04:00:00.000,3,1,2
2015-03-08T05:00:00.000,5,4,1
2015-03-08T06:00:00.000,13,4,9
2015-03-08T07:00:00.000,21,11,10
2015-03-08T08:00:00.000,35,21,14
2015-03-08T09:00:00.000,47,14,33
2015-03-08T10:00:00.000,115,61,54
2015-03-08T11:00:00.000,155,87,68
2015-03-08T12:00:00.000,170,87,83
2015-03-08T13:00:00.000,178,114,64
2015-03-08T14:00:00.000,293,148,145
2015-03-08T15:00:00.000,268,136,132
2015-03-08T16:00:00.000,255,149,106
2015-03-08T17:00:00.000,225,149,76
2015-03-08T18:00:00.000,122,62,60
2015-03-08T19:00:00.000,43,18,25
2015-03-08T20:00:00.000,39,20,19
2015-03-08T21:00:00.000,53,18,35
2015-03-08T22:00:00.000,21,12,9
2015-03-08T23:00:00.000,13,7,6
2015-03-09T00:00:00.000,5,2,3
2015-03-09T01:00:00.000,5,2,3
2015-03-09T02:00:00.000,3,2,1
2015-03-09T03:00:00.000,5,3,2
2015-03-09T04:00:00.000,4,3,1
2015-03-09T05:00:00.000,35,25,10
2015-03-09T06:00:00.000,109,69,40
2015-03-09T07:00:00.000,136,23,113
2015-03-09T08:00:00.000,234,1,233
2015-03-09T09:00:00.000,174,2,172
2015-03-09T10:00:00.000,82,1,81
2015-03-09T11:00:00.000,65,0,65
2015-03-09T12:00:00.000,61,0,61
2015-03-09T13:00:00.000,87,0,87
2015-03-09T14:00:00.000,81,26,55
2015-03-09T15:00:00.000,137,64,73
2015-03-09T16:00:00.000,257,106,151
2015-03-09T17:00:00.000,498,170,328
2015-03-09T18:00:00.000,478,138,340
2015-03-09T19:00:00.000,183,84,99
2015-03-09T20:00:00.000,97,33,64
2015-03-09T21:00:00.000,54,20,34
2015-03-09T22:00:00.000,20,5,15
2015-03-09T23:00:00.000,23,7,16
2015-03-10T00:00:00.000,11,3,8
2015-03-10T01:00:00.000,3,1,2
2015-03-10T02:00:00.000,3,2,1
2015-03-10T03:00:00.000,3,0,3
2015-03-10T04:00:00.000,5,1,4
2015-03-10T05:00:00.000,36,24,12
2015-03-10T06:00:00.000,110,69,41
2015-03-10T07:00:00.000,144,29,115
2015-03-10T08:00:00.000,267,3,264
2015-03-10T09:00:00.000,174,0,174
2015-03-10T10:00:00.000,67,0,67
2015-03-10T11:00:00.000,56,0,56
2015-03-10T12:00:00.000,54,0,54
2015-03-10T13:00:00.000,62,0,62
2015-03-10T14:00:00.000,124,29,95
2015-03-10T15:00:00.000,110,46,64
2015-03-10T16:00:00.000,237,99,138
2015-03-10T17:00:00.000,523,161,362
2015-03-10T18:00:00.000,480,164,316
2015-03-10T19:00:00.000,195,69,126
2015-03-10T20:00:00.000,85,30,55
2015-03-10T21:00:00.000,50,18,32
2015-03-10T22:00:00.000,34,18,16
2015-03-10T23:00:00.000,22,4,18
2015-03-11T00:00:00.000,5,4,1
2015-03-11T01:00:00.000,4,2,2
2015-03-11T02:00:00.000,2,1,1
2015-03-11T03:00:00.000,4,2,2
2015-03-11T04:00:00.000,5,1,4
2015-03-11T05:00:00.000,35,26,9
2015-03-11T06:00:00.000,82,52,30
2015-03-11T07:00:00.000,143,35,108
2015-03-11T08:00:00.000,213,4,209
2015-03-11T09:00:00.000,131,1,130
2015-03-11T10:00:00.000,59,1,58
2015-03-11T11:00:00.000,45,0,45
2015-03-11T12:00:00.000,38,0,38
2015-03-11T13:00:00.000,38,0,38
2015-03-11T14:00:00.000,48,14,34
2015-03-11T15:00:00.000,83,42,41
2015-03-11T16:00:00.000,166,75,91
2015-03-11T17:00:00.000,379,109,270
2015-03-11T18:00:00.000,300,92,208
2015-03-11T19:00:00.000,134,49,85
2015-03-11T20:00:00.000,57,18,39
2015-03-11T21:00:00.000,43,22,21
2015-03-11T22:00:00.000,19,13,6
2015-03-11T23:00:00.000,17,8,9
2015-03-12T00:00:00.000,7,4,3
2015-03-12T01:00:00.000,5,3,2
2015-03-12T02:00:00.000,6,2,4
2015-03-12T03:00:00.000,2,0,2
2015-03-12T04:00:00.000,9,5,4
2015-03-12T05:00:00.000,28,20,8
2015-03-12T06:00:00.000,104,71,33
2015-03-12T07:00:00.000,143,133,10
2015-03-12T08:00:00.000,268,68,200
2015-03-12T09:00:00.000,171,1,170
2015-03-12T10:00:00.000,63,2,61
2015-03-12T11:00:00.000,63,1,62
2015-03-12T12:00:00.000,64,0,64
2015-03-12T13:00:00.000,63,0,63
2015-03-12T14:00:00.000,94,23,71
2015-03-12T15:00:00.000,144,72,72
2015-03-12T16:00:00.000,234,96,138
2015-03-12T17:00:00.000,566,210,356
2015-03-12T18:00:00.000,457,164,293
2015-03-12T19:00:00.000,205,97,108
2015-03-12T20:00:00.000,99,42,57
2015-03-12T21:00:00.000,56,27,29
2015-03-12T22:00:00.000,34,16,18
2015-03-12T23:00:00.000,29,8,21
2015-03-13T00:00:00.000,14,6,8
2015-03-13T01:00:00.000,8,2,6
2015-03-13T02:00:00.000,5,1,4
2015-03-13T03:00:00.000,4,1,3
2015-03-13T04:00:00.000,8,3,5
2015-03-13T05:00:00.000,35,22,13
2015-03-13T06:00:00.000,98,69,29
2015-03-13T07:00:00.000,181,174,7
2015-03-13T08:00:00.000,306,306,0
2015-03-13T09:00:00.000,183,183,0
2015-03-13T10:00:00.000,102,102,0
2015-03-13T11:00:00.000,70,70,0
2015-03-13T12:00:00.000,63,63,0
2015-03-13T13:00:00.000,84,84,0
2015-03-13T14:00:00.000,123,85,38
2015-03-13T15:00:00.000,180,82,98
2015-03-13T16:00:00.000,282,121,161
2015-03-13T17:00:00.000,498,159,339
2015-03-13T18:00:00.000,377,149,228
2015-03-13T19:00:00.000,157,60,97
2015-03-13T20:00:00.000,72,32,40
2015-03-13T21:00:00.000,52,28,24
2015-03-13T22:00:00.000,37,18,19
2015-03-13T23:00:00.000,30,19,11
2015-03-14T00:00:00.000,19,10,9
2015-03-14T01:00:00.000,9,2,7
2015-03-14T02:00:00.000,7,3,4
2015-03-14T03:00:00.000,1,0,1
2015-03-14T04:00:00.000,2,0,2
2015-03-14T05:00:00.000,2,1,1
2015-03-14T06:00:00.000,11,7,4
2015-03-14T07:00:00.000,12,5,7
2015-03-14T08:00:00.000,31,20,11
2015-03-14T09:00:00.000,42,21,21
2015-03-14T10:00:00.000,33,22,11
2015-03-14T11:00:00.000,41,18,23
2015-03-14T12:00:00.000,55,27,28
2015-03-14T13:00:00.000,62,39,23
2015-03-14T14:00:00.000,88,42,46
2015-03-14T15:00:00.000,85,48,37
2015-03-14T16:00:00.000,96,56,40
2015-03-14T17:00:00.000,86,46,40
2015-03-14T18:00:00.000,62,37,25
2015-03-14T19:00:00.000,32,16,16
2015-03-14T20:00:00.000,19,12,7
2015-03-14T21:00:00.000,39,19,20
2015-03-14T22:00:00.000,18,10,8
2015-03-14T23:00:00.000,23,12,11
2015-03-15T00:00:00.000,7,4,3
2015-03-15T01:00:00.000,6,0,6
2015-03-15T02:00:00.000,6,2,4
2015-03-15T03:00:00.000,3,1,2
2015-03-15T04:00:00.000,0,0,0
2015-03-15T05:00:00.000,4,2,2
2015-03-15T06:00:00.000,7,4,3
2015-03-15T07:00:00.000,6,4,2
2015-03-15T08:00:00.000,18,11,7
2015-03-15T09:00:00.000,19,11,8
2015-03-15T10:00:00.000,12,8,4
2015-03-15T11:00:00.000,14,8,6
2015-03-15T12:00:00.000,17,9,8
2015-03-15T13:00:00.000,13,10,3
2015-03-15T14:00:00.000,11,5,6
2015-03-15T15:00:00.000,16,13,3
2015-03-15T16:00:00.000,17,5,12
2015-03-15T17:00:00.000,18,10,8
2015-03-15T18:00:00.000,13,7,6
2015-03-15T19:00:00.000,12,6,6
2015-03-15T20:00:00.000,7,4,3
2015-03-15T21:00:00.000,2,2,0
2015-03-15T22:00:00.000,5,3,2
2015-03-15T23:00:00.000,6,3,3
2015-03-16T00:00:00.000,0,0,0
2015-03-16T01:00:00.000,2,2,0
2015-03-16T02:00:00.000,2,1,1
2015-03-16T03:00:00.000,1,0,1
2015-03-16T04:00:00.000,4,2,2
2015-03-16T05:00:00.000,33,22,11
2015-03-16T06:00:00.000,81,51,30
2015-03-16T07:00:00.000,160,35,125
2015-03-16T08:00:00.000,228,2,226
2015-03-16T09:00:00.000,168,0,168
2015-03-16T10:00:00.000,54,0,54
2015-03-16T11:00:00.000,63,0,63
2015-03-16T12:00:00.000,55,0,55
2015-03-16T13:00:00.000,59,0,59
2015-03-16T14:00:00.000,94,0,94
2015-03-16T15:00:00.000,114,32,82
2015-03-16T16:00:00.000,218,85,133
2015-03-16T17:00:00.000,534,175,359
2015-03-16T18:00:00.000,435,141,294
2015-03-16T19:00:00.000,160,55,105
2015-03-16T20:00:00.000,70,28,42
2015-03-16T21:00:00.000,46,17,29
2015-03-16T22:00:00.000,22,9,13
2015-03-16T23:00:00.000,21,11,10
2015-03-17T00:00:00.000,10,2,8
2015-03-17T01:00:00.000,6,5,1
2015-03-17T02:00:00.000,2,1,1
2015-03-17T03:00:00.000,3,1,2
2015-03-17T04:00:00.000,8,5,3
2015-03-17T05:00:00.000,33,23,10
2015-03-17T06:00:00.000,77,54,23
2015-03-17T07:00:00.000,154,45,109
2015-03-17T08:00:00.000,218,0,218
2015-03-17T09:00:00.000,102,0,102
2015-03-17T10:00:00.000,69,0,69
2015-03-17T11:00:00.000,34,0,34
2015-03-17T12:00:00.000,54,0,54
2015-03-17T13:00:00.000,57,0,57
2015-03-17T14:00:00.000,81,11,70
2015-03-17T15:00:00.000,118,43,75
2015-03-17T16:00:00.000,216,90,126
2015-03-17T17:00:00.000,420,128,292
2015-03-17T18:00:00.000,355,135,220
2015-03-17T19:00:00.000,129,50,79
2015-03-17T20:00:00.000,60,19,41
2015-03-17T21:00:00.000,46,22,24
2015-03-17T22:00:00.000,28,12,16
2015-03-17T23:00:00.000,19,11,8
2015-03-18T00:00:00.000,18,10,8
2015-03-18T01:00:00.000,6,2,4
2015-03-18T02:00:00.000,5,3,2
2015-03-18T03:00:00.000,2,1,1
2015-03-18T04:00:00.000,9,4,5
2015-03-18T05:00:00.000,39,28,11
2015-03-18T06:00:00.000,89,56,33
2015-03-18T07:00:00.000,155,28,127
2015-03-18T08:00:00.000,228,2,226
2015-03-18T09:00:00.000,155,0,155
2015-03-18T10:00:00.000,76,0,76
2015-03-18T11:00:00.000,48,0,48
2015-03-18T12:00:00.000,42,0,42
2015-03-18T13:00:00.000,70,0,70
2015-03-18T14:00:00.000,73,14,59
2015-03-18T15:00:00.000,138,54,84
2015-03-18T16:00:00.000,245,104,141
2015-03-18T17:00:00.000,586,205,381
2015-03-18T18:00:00.000,461,155,306
2015-03-18T19:00:00.000,208,88,120
2015-03-18T20:00:00.000,91,31,60
2015-03-18T21:00:00.000,69,34,35
2015-03-18T22:00:00.000,37,19,18
2015-03-18T23:00:00.000,23,8,15
2015-03-19T00:00:00.000,16,9,7
2015-03-19T01:00:00.000,6,5,1
2015-03-19T02:00:00.000,6,4,2
2015-03-19T03:00:00.000,4,1,3
2015-03-19T04:00:00.000,9,6,3
2015-03-19T05:00:00.000,32,22,10
2015-03-19T06:00:00.000,104,72,32
2015-03-19T07:00:00.000,209,190,19
2015-03-19T08:00:00.000,310,310,0
2015-03-19T09:00:00.000,178,178,0
2015-03-19T10:00:00.000,101,101,0
2015-03-19T11:00:00.000,76,76,0
2015-03-19T12:00:00.000,53,53,0
2015-03-19T13:00:00.000,61,61,0
2015-03-19T14:00:00.000,76,71,5
2015-03-19T15:00:00.000,128,57,71
2015-03-19T16:00:00.000,197,67,130
2015-03-19T17:00:00.000,470,136,334
2015-03-19T18:00:00.000,341,105,236
2015-03-19T19:00:00.000,162,54,108
2015-03-19T20:00:00.000,74,24,50
2015-03-19T21:00:00.000,46,18,28
2015-03-19T22:00:00.000,24,12,12
2015-03-19T23:00:00.000,27,18,9
2015-03-20T00:00:00.000,14,5,9
2015-03-20T01:00:00.000,6,5,1
2015-03-20T02:00:00.000,4,3,1
2015-03-20T03:00:00.000,4,1,3
2015-03-20T04:00:00.000,8,5,3
2015-03-20T05:00:00.000,23,15,8
2015-03-20T06:00:00.000,79,50,29
2015-03-20T07:00:00.000,165,155,10
2015-03-20T08:00:00.000,216,216,0
2015-03-20T09:00:00.000,133,133,0
2015-03-20T10:00:00.000,94,94,0
2015-03-20T11:00:00.000,61,58,3
2015-03-20T12:00:00.000,71,60,11
2015-03-20T13:00:00.000,60,33,27
2015-03-20T14:00:00.000,62,30,32
2015-03-20T15:00:00.000,77,38,39
2015-03-20T16:00:00.000,176,53,123
2015-03-20T17:00:00.000,357,112,245
2015-03-20T18:00:00.000,205,66,139
2015-03-20T19:00:00.000,86,31,55
2015-03-20T20:00:00.000,47,19,28
2015-03-20T21:00:00.000,30,16,14
2015-03-20T22:00:00.000,11,4,7
2015-03-20T23:00:00.000,25,9,16
2015-03-21T00:00:00.000,7,3,4
2015-03-21T01:00:00.000,7,3,4
2015-03-21T02:00:00.000,2,1,1
2015-03-21T03:00:00.000,4,2,2
2015-03-21T04:00:00.000,4,3,1
2015-03-21T05:00:00.000,4,3,1
2015-03-21T06:00:00.000,16,8,8
2015-03-21T07:00:00.000,25,12,13
2015-03-21T08:00:00.000,43,25,18
2015-03-21T09:00:00.000,66,44,22
2015-03-21T10:00:00.000,77,39,38
2015-03-21T11:00:00.000,94,61,33
2015-03-21T12:00:00.000,93,45,48
2015-03-21T13:00:00.000,109,40,69
2015-03-21T14:00:00.000,114,57,57
2015-03-21T15:00:00.000,144,82,62
2015-03-21T16:00:00.000,116,61,55
2015-03-21T17:00:00.000,149,73,76
2015-03-21T18:00:00.000,113,60,53
2015-03-21T19:00:00.000,70,41,29
2015-03-21T20:00:00.000,52,24,28
2015-03-21T21:00:00.000,20,10,10
2015-03-21T22:00:00.000,22,13,9
2015-03-21T23:00:00.000,28,15,13
2015-03-22T00:00:00.000,12,1,11
2015-03-22T01:00:00.000,11,4,7
2015-03-22T02:00:00.000,5,3,2
2015-03-22T03:00:00.000,4,2,2
2015-03-22T04:00:00.000,2,2,0
2015-03-22T05:00:00.000,6,0,6
2015-03-22T06:00:00.000,13,8,5
2015-03-22T07:00:00.000,24,15,9
2015-03-22T08:00:00.000,70,33,37
2015-03-22T09:00:00.000,87,42,45
2015-03-22T10:00:00.000,112,65,47
2015-03-22T11:00:00.000,119,77,42
2015-03-22T12:00:00.000,127,77,50
2015-03-22T13:00:00.000,98,73,25
2015-03-22T14:00:00.000,56,37,19
2015-03-22T15:00:00.000,61,35,26
2015-03-22T16:00:00.000,49,28,21
2015-03-22T17:00:00.000,55,21,34
2015-03-22T18:00:00.000,50,23,27
2015-03-22T19:00:00.000,39,19,20
2015-03-22T20:00:00.000,17,9,8
2015-03-22T21:00:00.000,18,6,12
2015-03-22T22:00:00.000,14,4,10
2015-03-22T23:00:00.000,8,4,4
2015-03-23T00:00:00.000,9,3,6
2015-03-23T01:00:00.000,1,0,1
2015-03-23T02:00:00.000,2,1,1
2015-03-23T03:00:00.000,1,0,1
2015-03-23T04:00:00.000,5,3,2
2015-03-23T05:00:00.000,32,20,12
2015-03-23T06:00:00.000,95,67,28
2015-03-23T07:00:00.000,129,121,8
2015-03-23T08:00:00.000,260,260,0
2015-03-23T09:00:00.000,156,156,0
2015-03-23T10:00:00.000,56,55,1
2015-03-23T11:00:00.000,35,35,0
2015-03-23T12:00:00.000,32,21,11
2015-03-23T13:00:00.000,45,20,25
2015-03-23T14:00:00.000,46,24,22
2015-03-23T15:00:00.000,65,24,41
2015-03-23T16:00:00.000,154,64,90
2015-03-23T17:00:00.000,363,100,263
2015-03-23T18:00:00.000,318,95,223
2015-03-23T19:00:00.000,108,28,80
2015-03-23T20:00:00.000,60,19,41
2015-03-23T21:00:00.000,19,8,11
2015-03-23T22:00:00.000,23,10,13
2015-03-23T23:00:00.000,15,6,9
2015-03-24T00:00:00.000,7,4,3
2015-03-24T01:00:00.000,1,1,0
2015-03-24T02:00:00.000,4,1,3
2015-03-24T03:00:00.000,1,0,1
2015-03-24T04:00:00.000,8,5,3
2015-03-24T05:00:00.000,22,18,4
2015-03-24T06:00:00.000,77,50,27
2015-03-24T07:00:00.000,146,139,7
2015-03-24T08:00:00.000,264,261,3
2015-03-24T09:00:00.000,146,143,3
2015-03-24T10:00:00.000,65,65,0
2015-03-24T11:00:00.000,47,47,0
2015-03-24T12:00:00.000,47,44,3
2015-03-24T13:00:00.000,47,47,0
2015-03-24T14:00:00.000,76,54,22
2015-03-24T15:00:00.000,103,54,49
2015-03-24T16:00:00.000,156,70,86
2015-03-24T17:00:00.000,385,120,265
2015-03-24T18:00:00.000,320,115,205
2015-03-24T19:00:00.000,144,73,71
2015-03-24T20:00:00.000,88,37,51
2015-03-24T21:00:00.000,40,12,28
2015-03-24T22:00:00.000,34,10,24
2015-03-24T23:00:00.000,22,7,15
2015-03-25T00:00:00.000,12,1,11
2015-03-25T01:00:00.000,5,4,1
2015-03-25T02:00:00.000,2,1,1
2015-03-25T03:00:00.000,1,0,1
2015-03-25T04:00:00.000,5,3,2
2015-03-25T05:00:00.000,25,20,5
2015-03-25T06:00:00.000,80,55,25
2015-03-25T07:00:00.000,148,135,13
2015-03-25T08:00:00.000,259,258,1
2015-03-25T09:00:00.000,161,161,0
2015-03-25T10:00:00.000,54,54,0
2015-03-25T11:00:00.000,35,35,0
2015-03-25T12:00:00.000,32,32,0
2015-03-25T13:00:00.000,40,39,1
2015-03-25T14:00:00.000,36,16,20
2015-03-25T15:00:00.000,68,30,38
2015-03-25T16:00:00.000,152,61,91
2015-03-25T17:00:00.000,344,101,243
2015-03-25T18:00:00.000,295,105,190
2015-03-25T19:00:00.000,125,41,84
2015-03-25T20:00:00.000,74,27,47
2015-03-25T21:00:00.000,39,21,18
2015-03-25T22:00:00.000,34,16,18
2015-03-25T23:00:00.000,14,9,5
2015-03-26T00:00:00.000,6,1,5
2015-03-26T01:00:00.000,5,2,3
2015-03-26T02:00:00.000,5,4,1
2015-03-26T03:00:00.000,6,2,4
2015-03-26T04:00:00.000,7,4,3
2015-03-26T05:00:00.000,33,25,8
2015-03-26T06:00:00.000,103,69,34
2015-03-26T07:00:00.000,224,209,15
2015-03-26T08:00:00.000,353,353,0
2015-03-26T09:00:00.000,187,187,0
2015-03-26T10:00:00.000,100,92,8
2015-03-26T11:00:00.000,81,80,1
2015-03-26T12:00:00.000,75,61,14
2015-03-26T13:00:00.000,115,71,44
2015-03-26T14:00:00.000,153,81,72
2015-03-26T15:00:00.000,171,87,84
2015-03-26T16:00:00.000,315,147,168
2015-03-26T17:00:00.000,594,189,405
2015-03-26T18:00:00.000,441,183,258
2015-03-26T19:00:00.000,253,103,150
2015-03-26T20:00:00.000,126,40,86
2015-03-26T21:00:00.000,63,36,27
2015-03-26T22:00:00.000,45,20,25
2015-03-26T23:00:00.000,35,13,22
2015-03-27T00:00:00.000,17,6,11
2015-03-27T01:00:00.000,6,3,3
2015-03-27T02:00:00.000,8,4,4
2015-03-27T03:00:00.000,3,0,3
2015-03-27T04:00:00.000,4,2,2
2015-03-27T05:00:00.000,37,23,14
2015-03-27T06:00:00.000,91,65,26
2015-03-27T07:00:00.000,185,171,14
2015-03-27T08:00:00.000,308,308,0
2015-03-27T09:00:00.000,193,192,1
2015-03-27T10:00:00.000,91,91,0
2015-03-27T11:00:00.000,87,83,4
2015-03-27T12:00:00.000,77,2,75
2015-03-27T13:00:00.000,71,0,71
2015-03-27T14:00:00.000,142,38,104
2015-03-27T15:00:00.000,180,77,103
2015-03-27T16:00:00.000,320,132,188
2015-03-27T17:00:00.000,490,166,324
2015-03-27T18:00:00.000,364,135,229
2015-03-27T19:00:00.000,172,65,107
2015-03-27T20:00:00.000,84,35,49
2015-03-27T21:00:00.000,39,15,24
2015-03-27T22:00:00.000,28,15,13
2015-03-27T23:00:00.000,18,6,12
2015-03-28T00:00:00.000,13,6,7
2015-03-28T01:00:00.000,11,6,5
2015-03-28T02:00:00.000,4,4,0
2015-03-28T03:00:00.000,2,1,1
2015-03-28T04:00:00.000,1,1,0
2015-03-28T05:00:00.000,4,3,1
2015-03-28T06:00:00.000,15,8,7
2015-03-28T07:00:00.000,39,16,23
2015-03-28T08:00:00.000,75,48,27
2015-03-28T09:00:00.000,101,47,54
2015-03-28T10:00:00.000,125,64,61
2015-03-28T11:00:00.000,129,65,64
2015-03-28T12:00:00.000,153,80,73
2015-03-28T13:00:00.000,177,106,71
2015-03-28T14:00:00.000,177,99,78
2015-03-28T15:00:00.000,174,84,90
2015-03-28T16:00:00.000,168,102,66
2015-03-28T17:00:00.000,152,92,60
2015-03-28T18:00:00.000,97,51,46
2015-03-28T19:00:00.000,60,34,26
2015-03-28T20:00:00.000,47,29,18
2015-03-28T21:00:00.000,29,17,12
2015-03-28T22:00:00.000,26,10,16
2015-03-28T23:00:00.000,17,13,4
2015-03-29T00:00:00.000,2,2,0
2015-03-29T01:00:00.000,2,2,0
2015-03-29T02:00:00.000,6,2,4
2015-03-29T03:00:00.000,3,0,3
2015-03-29T04:00:00.000,5,1,4
2015-03-29T05:00:00.000,2,0,2
2015-03-29T06:00:00.000,8,4,4
2015-03-29T07:00:00.000,18,9,9
2015-03-29T08:00:00.000,52,30,22
2015-03-29T09:00:00.000,87,52,35
2015-03-29T10:00:00.000,97,63,34
2015-03-29T11:00:00.000,116,66,50
2015-03-29T12:00:00.000,136,84,52
2015-03-29T13:00:00.000,118,82,36
2015-03-29T14:00:00.000,135,74,61
2015-03-29T15:00:00.000,113,65,48
2015-03-29T16:00:00.000,138,90,48
2015-03-29T17:00:00.000,101,57,44
2015-03-29T18:00:00.000,112,67,45
2015-03-29T19:00:00.000,50,29,21
2015-03-29T20:00:00.000,53,32,21
2015-03-29T21:00:00.000,18,11,7
2015-03-29T22:00:00.000,25,13,12
2015-03-29T23:00:00.000,11,7,4
2015-03-30T00:00:00.000,11,6,5
2015-03-30T01:00:00.000,4,1,3
2015-03-30T02:00:00.000,4,3,1
2015-03-30T03:00:00.000,3,1,2
2015-03-30T04:00:00.000,6,4,2
2015-03-30T05:00:00.000,46,30,16
2015-03-30T06:00:00.000,123,87,36
2015-03-30T07:00:00.000,225,209,16
2015-03-30T08:00:00.000,352,352,0
2015-03-30T09:00:00.000,177,177,0
2015-03-30T10:00:00.000,87,87,0
2015-03-30T11:00:00.000,65,65,0
2015-03-30T12:00:00.000,61,61,0
2015-03-30T13:00:00.000,82,82,0
2015-03-30T14:00:00.000,86,68,18
2015-03-30T15:00:00.000,169,95,74
2015-03-30T16:00:00.000,284,118,166
2015-03-30T17:00:00.000,628,206,422
2015-03-30T18:00:00.000,477,164,313
2015-03-30T19:00:00.000,221,92,129
2015-03-30T20:00:00.000,107,51,56
2015-03-30T21:00:00.000,62,27,35
2015-03-30T22:00:00.000,37,20,17
2015-03-30T23:00:00.000,22,8,14
2015-03-31T00:00:00.000,9,2,7
2015-03-31T01:00:00.000,3,2,1
2015-03-31T02:00:00.000,5,4,1
2015-03-31T03:00:00.000,4,1,3
2015-03-31T04:00:00.000,4,1,3
2015-03-31T05:00:00.000,36,27,9
2015-03-31T06:00:00.000,94,65,29
2015-03-31T07:00:00.000,128,25,103
2015-03-31T08:00:00.000,250,2,248
2015-03-31T09:00:00.000,130,5,125
2015-03-31T10:00:00.000,38,0,38
2015-03-31T11:00:00.000,40,1,39
2015-03-31T12:00:00.000,38,0,38
2015-03-31T13:00:00.000,35,1,34
2015-03-31T14:00:00.000,97,26,71
2015-03-31T15:00:00.000,100,44,56
2015-03-31T16:00:00.000,159,70,89
2015-03-31T17:00:00.000,322,103,219
2015-03-31T18:00:00.000,304,96,208
2015-03-31T19:00:00.000,114,39,75
2015-03-31T20:00:00.000,59,23,36
2015-03-31T21:00:00.000,25,12,13
2015-03-31T22:00:00.000,12,7,5
2015-03-31T23:00:00.000,16,7,9
2015-04-01T00:00:00.000,3,3,0
2015-04-01T01:00:00.000,1,0,1
2015-04-01T02:00:00.000,3,3,0
2015-04-01T03:00:00.000,2,2,0
2015-04-01T04:00:00.000,4,2,2
2015-04-01T05:00:00.000,30,23,7
2015-04-01T06:00:00.000,80,55,25
2015-04-01T07:00:00.000,131,40,91
2015-04-01T08:00:00.000,205,3,202
2015-04-01T09:00:00.000,150,0,150
2015-04-01T10:00:00.000,74,0,74
2015-04-01T11:00:00.000,57,1,56
2015-04-01T12:00:00.000,61,0,61
2015-04-01T13:00:00.000,63,0,63
2015-04-01T14:00:00.000,76,29,47
2015-04-01T15:00:00.000,112,62,50
2015-04-01T16:00:00.000,224,100,124
2015-04-01T17:00:00.000,448,150,298
2015-04-01T18:00:00.000,402,143,259
2015-04-01T19:00:00.000,131,44,87
2015-04-01T20:00:00.000,73,27,46
2015-04-01T21:00:00.000,49,22,27
2015-04-01T22:00:00.000,28,13,15
2015-04-01T23:00:00.000,20,8,12
2015-04-02T00:00:00.000,6,1,5
2015-04-02T01:00:00.000,5,4,1
2015-04-02T02:00:00.000,1,1,0
2015-04-02T03:00:00.000,4,1,3
2015-04-02T04:00:00.000,5,3,2
2015-04-02T05:00:00.000,32,28,4
2015-04-02T06:00:00.000,98,72,26
2015-04-02T07:00:00.000,179,171,8
2015-04-02T08:00:00.000,302,302,0
2015-04-02T09:00:00.000,191,191,0
2015-04-02T10:00:00.000,73,73,0
2015-04-02T11:00:00.000,49,49,0
2015-04-02T12:00:00.000,54,54,0
2015-04-02T13:00:00.000,62,62,0
2015-04-02T14:00:00.000,79,58,21
2015-04-02T15:00:00.000,114,54,60
2015-04-02T16:00:00.000,256,109,147
2015-04-02T17:00:00.000,477,183,294
2015-04-02T18:00:00.000,411,151,260
2015-04-02T19:00:00.000,190,87,103
2015-04-02T20:00:00.000,111,35,76
2015-04-02T21:00:00.000,68,36,32
2015-04-02T22:00:00.000,31,14,17
2015-04-02T23:00:00.000,30,16,14
2015-04-03T00:00:00.000,21,9,12
2015-04-03T01:00:00.000,9,7,2
2015-04-03T02:00:00.000,11,8,3
2015-04-03T03:00:00.000,4,3,1
2015-04-03T04:00:00.000,4,1,3
2015-04-03T05:00:00.000,26,20,6
2015-04-03T06:00:00.000,76,48,28
2015-04-03T07:00:00.000,239,185,54
2015-04-03T08:00:00.000,334,257,77
2015-04-03T09:00:00.000,213,140,73
2015-04-03T10:00:00.000,150,83,67
2015-04-03T11:00:00.000,74,46,28
2015-04-03T12:00:00.000,69,39,30
2015-04-03T13:00:00.000,52,25,27
2015-04-03T14:00:00.000,53,28,25
2015-04-03T15:00:00.000,103,42,61
2015-04-03T16:00:00.000,208,64,144
2015-04-03T17:00:00.000,399,108,291
2015-04-03T18:00:00.000,274,112,162
2015-04-03T19:00:00.000,117,42,75
2015-04-03T20:00:00.000,73,23,50
2015-04-03T21:00:00.000,46,12,34
2015-04-03T22:00:00.000,29,14,15
2015-04-03T23:00:00.000,27,15,12
2015-04-04T00:00:00.000,13,7,6
2015-04-04T01:00:00.000,2,2,0
2015-04-04T02:00:00.000,7,5,2
2015-04-04T03:00:00.000,2,0,2
2015-04-04T04:00:00.000,4,3,1
2015-04-04T05:00:00.000,9,6,3
2015-04-04T06:00:00.000,20,11,9
2015-04-04T07:00:00.000,36,21,15
2015-04-04T08:00:00.000,79,43,36
2015-04-04T09:00:00.000,103,58,45
2015-04-04T10:00:00.000,110,76,34
2015-04-04T11:00:00.000,135,76,59
2015-04-04T12:00:00.000,212,139,73
2015-04-04T13:00:00.000,190,102,88
2015-04-04T14:00:00.000,164,83,81
2015-04-04T15:00:00.000,172,110,62
2015-04-04T16:00:00.000,175,89,86
2015-04-04T17:00:00.000,180,92,88
2015-04-04T18:00:00.000,150,79,71
2015-04-04T19:00:00.000,70,41,29
2015-04-04T20:00:00.000,67,42,25
2015-04-04T21:00:00.000,41,23,18
2015-04-04T22:00:00.000,28,13,15
2015-04-04T23:00:00.000,18,8,10
2015-04-05T00:00:00.000,23,8,15
2015-04-05T01:00:00.000,12,2,10
2015-04-05T02:00:00.000,4,2,2
2015-04-05T03:00:00.000,2,2,0
2015-04-05T04:00:00.000,3,3,0
2015-04-05T05:00:00.000,8,5,3
2015-04-05T06:00:00.000,16,7,9
2015-04-05T07:00:00.000,21,7,14
2015-04-05T08:00:00.000,38,20,18
2015-04-05T09:00:00.000,92,45,47
2015-04-05T10:00:00.000,131,77,54
2015-04-05T11:00:00.000,128,80,48
2015-04-05T12:00:00.000,154,70,84
2015-04-05T13:00:00.000,151,89,62
2015-04-05T14:00:00.000,211,128,83
2015-04-05T15:00:00.000,177,101,76
2015-04-05T16:00:00.000,150,87,63
2015-04-05T17:00:00.000,147,86,61
2015-04-05T18:00:00.000,110,46,64
2015-04-05T19:00:00.000,70,33,37
2015-04-05T20:00:00.000,44,19,25
2015-04-05T21:00:00.000,12,6,6
2015-04-05T22:00:00.000,16,8,8
2015-04-05T23:00:00.000,9,3,6
2015-04-06T00:00:00.000,14,8,6
2015-04-06T01:00:00.000,2,0,2
2015-04-06T02:00:00.000,4,2,2
2015-04-06T03:00:00.000,3,3,0
2015-04-06T04:00:00.000,6,4,2
2015-04-06T05:00:00.000,41,32,9
2015-04-06T06:00:00.000,108,64,44
2015-04-06T07:00:00.000,203,186,17
2015-04-06T08:00:00.000,342,342,0
2015-04-06T09:00:00.000,171,171,0
2015-04-06T10:00:00.000,67,66,1
2015-04-06T11:00:00.000,49,49,0
2015-04-06T12:00:00.000,57,57,0
2015-04-06T13:00:00.000,82,82,0
2015-04-06T14:00:00.000,73,51,22
2015-04-06T15:00:00.000,117,53,64
2015-04-06T16:00:00.000,253,99,154
2015-04-06T17:00:00.000,584,164,420
2015-04-06T18:00:00.000,388,143,245
2015-04-06T19:00:00.000,188,70,118
2015-04-06T20:00:00.000,88,36,52
2015-04-06T21:00:00.000,55,27,28
2015-04-06T22:00:00.000,35,17,18
2015-04-06T23:00:00.000,25,5,20
2015-04-07T00:00:00.000,14,9,5
2015-04-07T01:00:00.000,3,1,2
2015-04-07T02:00:00.000,3,1,2
2015-04-07T03:00:00.000,2,2,0
2015-04-07T04:00:00.000,5,3,2
2015-04-07T05:00:00.000,40,27,13
2015-04-07T06:00:00.000,103,75,28
2015-04-07T07:00:00.000,228,206,22
2015-04-07T08:00:00.000,383,383,0
2015-04-07T09:00:00.000,179,179,0
2015-04-07T10:00:00.000,95,94,1
2015-04-07T11:00:00.000,49,49,0
2015-04-07T12:00:00.000,42,42,0
2015-04-07T13:00:00.000,34,34,0
2015-04-07T14:00:00.000,74,42,32
2015-04-07T15:00:00.000,121,67,54
2015-04-07T16:00:00.000,254,85,169
2015-04-07T17:00:00.000,546,175,371
2015-04-07T18:00:00.000,441,149,292
2015-04-07T19:00:00.000,199,79,120
2015-04-07T20:00:00.000,118,50,68
2015-04-07T21:00:00.000,59,25,34
2015-04-07T22:00:00.000,24,10,14
2015-04-07T23:00:00.000,32,13,19
2015-04-08T00:00:00.000,12,5,7
2015-04-08T01:00:00.000,7,2,5
2015-04-08T02:00:00.000,2,2,0
2015-04-08T03:00:00.000,4,4,0
2015-04-08T04:00:00.000,5,3,2
2015-04-08T05:00:00.000,35,26,9
2015-04-08T06:00:00.000,123,79,44
2015-04-08T07:00:00.000,219,209,10
2015-04-08T08:00:00.000,367,367,0
2015-04-08T09:00:00.000,210,208,2
2015-04-08T10:00:00.000,97,97,0
2015-04-08T11:00:00.000,60,60,0
2015-04-08T12:00:00.000,79,79,0
2015-04-08T13:00:00.000,83,83,0
2015-04-08T14:00:00.000,92,59,33
2015-04-08T15:00:00.000,135,62,73
2015-04-08T16:00:00.000,246,121,125
2015-04-08T17:00:00.000,580,178,402
2015-04-08T18:00:00.000,505,193,312
2015-04-08T19:00:00.000,197,93,104
2015-04-08T20:00:00.000,127,68,59
2015-04-08T21:00:00.000,73,41,32
2015-04-08T22:00:00.000,55,27,28
2015-04-08T23:00:00.000,38,11,27
2015-04-09T00:00:00.000,16,6,10
2015-04-09T01:00:00.000,6,4,2
2015-04-09T02:00:00.000,4,3,1
2015-04-09T03:00:00.000,5,2,3
2015-04-09T04:00:00.000,7,4,3
2015-04-09T05:00:00.000,40,25,15
2015-04-09T06:00:00.000,118,70,48
2015-04-09T07:00:00.000,226,212,14
2015-04-09T08:00:00.000,334,334,0
2015-04-09T09:00:00.000,209,207,2
2015-04-09T10:00:00.000,95,64,31
2015-04-09T11:00:00.000,73,3,70
2015-04-09T12:00:00.000,104,1,103
2015-04-09T13:00:00.000,108,0,108
2015-04-09T14:00:00.000,128,38,90
2015-04-09T15:00:00.000,167,66,101
2015-04-09T16:00:00.000,331,146,185
2015-04-09T17:00:00.000,626,199,427
2015-04-09T18:00:00.000,542,228,314
2015-04-09T19:00:00.000,252,126,126
2015-04-09T20:00:00.000,137,71,66
2015-04-09T21:00:00.000,74,36,38
2015-04-09T22:00:00.000,38,21,17
2015-04-09T23:00:00.000,30,7,23
2015-04-10T00:00:00.000,13,10,3
2015-04-10T01:00:00.000,14,7,7
2015-04-10T02:00:00.000,4,2,2
2015-04-10T03:00:00.000,4,2,2
2015-04-10T04:00:00.000,6,4,2
2015-04-10T05:00:00.000,34,24,10
2015-04-10T06:00:00.000,91,59,32
2015-04-10T07:00:00.000,119,27,92
2015-04-10T08:00:00.000,168,0,168
2015-04-10T09:00:00.000,135,0,135
2015-04-10T10:00:00.000,113,2,111
2015-04-10T11:00:00.000,89,0,89
2015-04-10T12:00:00.000,64,1,63
2015-04-10T13:00:00.000,68,14,54
2015-04-10T14:00:00.000,98,51,47
2015-04-10T15:00:00.000,146,56,90
2015-04-10T16:00:00.000,261,93,168
2015-04-10T17:00:00.000,354,106,248
2015-04-10T18:00:00.000,265,99,166
2015-04-10T19:00:00.000,86,25,61
2015-04-10T20:00:00.000,39,17,22
2015-04-10T21:00:00.000,21,15,6
2015-04-10T22:00:00.000,16,6,10
2015-04-10T23:00:00.000,11,5,6
2015-04-11T00:00:00.000,8,3,5
2015-04-11T01:00:00.000,5,5,0
2015-04-11T02:00:00.000,5,3,2
2015-04-11T03:00:00.000,1,0,1
2015-04-11T04:00:00.000,0,0,0
2015-04-11T05:00:00.000,5,4,1
2015-04-11T06:00:00.000,11,6,5
2015-04-11T07:00:00.000,25,19,6
2015-04-11T08:00:00.000,48,27,21
2015-04-11T09:00:00.000,66,34,32
2015-04-11T10:00:00.000,93,61,32
2015-04-11T11:00:00.000,100,53,47
2015-04-11T12:00:00.000,134,78,56
2015-04-11T13:00:00.000,119,58,61
2015-04-11T14:00:00.000,125,71,54
2015-04-11T15:00:00.000,142,86,56
2015-04-11T16:00:00.000,74,32,42
2015-04-11T17:00:00.000,75,35,40
2015-04-11T18:00:00.000,68,44,24
2015-04-11T19:00:00.000,76,44,32
2015-04-11T20:00:00.000,33,20,13
2015-04-11T21:00:00.000,20,10,10
2015-04-11T22:00:00.000,14,5,9
2015-04-11T23:00:00.000,17,9,8
2015-04-12T00:00:00.000,9,4,5
2015-04-12T01:00:00.000,8,4,4
2015-04-12T02:00:00.000,3,1,2
2015-04-12T03:00:00.000,3,0,3
2015-04-12T04:00:00.000,4,2,2
2015-04-12T05:00:00.000,1,1,0
2015-04-12T06:00:00.000,12,5,7
2015-04-12T07:00:00.000,16,10,6
2015-04-12T08:00:00.000,50,31,19
2015-04-12T09:00:00.000,136,100,36
2015-04-12T10:00:00.000,134,87,47
2015-04-12T11:00:00.000,167,93,74
2015-04-12T12:00:00.000,150,86,64
2015-04-12T13:00:00.000,201,123,78
2015-04-12T14:00:00.000,150,87,63
2015-04-12T15:00:00.000,170,89,81
2015-04-12T16:00:00.000,116,56,60
2015-04-12T17:00:00.000,112,60,52
2015-04-12T18:00:00.000,114,49,65
2015-04-12T19:00:00.000,62,36,26
2015-04-12T20:00:00.000,31,14,17
2015-04-12T21:00:00.000,19,10,9
2015-04-12T22:00:00.000,14,8,6
2015-04-12T23:00:00.000,19,8,11
2015-04-13T00:00:00.000,13,5,8
2015-04-13T01:00:00.000,3,2,1
2015-04-13T02:00:00.000,3,3,0
2015-04-13T03:00:00.000,1,1,0
2015-04-13T04:00:00.000,5,4,1
2015-04-13T05:00:00.000,27,23,4
2015-04-13T06:00:00.000,75,48,27
2015-04-13T07:00:00.000,214,164,50
2015-04-13T08:00:00.000,337,256,81
2015-04-13T09:00:00.000,249,165,84
2015-04-13T10:00:00.000,88,60,28
2015-04-13T11:00:00.000,76,47,29
2015-04-13T12:00:00.000,65,35,30
2015-04-13T13:00:00.000,48,25,23
2015-04-13T14:00:00.000,31,14,17
2015-04-13T15:00:00.000,53,19,34
2015-04-13T16:00:00.000,140,55,85
2015-04-13T17:00:00.000,309,100,209
2015-04-13T18:00:00.000,238,70,168
2015-04-13T19:00:00.000,91,28,63
2015-04-13T20:00:00.000,39,14,25
2015-04-13T21:00:00.000,26,12,14
2015-04-13T22:00:00.000,11,6,5
2015-04-13T23:00:00.000,16,9,7
2015-04-14T00:00:00.000,9,3,6
2015-04-14T01:00:00.000,1,0,1
2015-04-14T02:00:00.000,3,2,1
2015-04-14T03:00:00.000,2,1,1
2015-04-14T04:00:00.000,4,2,2
2015-04-14T05:00:00.000,24,18,6
2015-04-14T06:00:00.000,68,48,20
2015-04-14T07:00:00.000,232,161,71
2015-04-14T08:00:00.000,307,244,63
2015-04-14T09:00:00.000,222,146,76
2015-04-14T10:00:00.000,91,56,35
2015-04-14T11:00:00.000,56,28,28
2015-04-14T12:00:00.000,58,32,26
2015-04-14T13:00:00.000,76,33,43
2015-04-14T14:00:00.000,93,48,45
2015-04-14T15:00:00.000,93,40,53
2015-04-14T16:00:00.000,153,57,96
2015-04-14T17:00:00.000,317,97,220
2015-04-14T18:00:00.000,308,108,200
2015-04-14T19:00:00.000,133,50,83
2015-04-14T20:00:00.000,77,25,52
2015-04-14T21:00:00.000,46,14,32
2015-04-14T22:00:00.000,29,17,12
2015-04-14T23:00:00.000,22,12,10
2015-04-15T00:00:00.000,9,3,6
2015-04-15T01:00:00.000,7,4,3
2015-04-15T02:00:00.000,3,2,1
2015-04-15T03:00:00.000,5,1,4
2015-04-15T04:00:00.000,4,3,1
2015-04-15T05:00:00.000,37,27,10
2015-04-15T06:00:00.000,110,73,37
2015-04-15T07:00:00.000,297,232,65
2015-04-15T08:00:00.000,443,326,117
2015-04-15T09:00:00.000,293,184,109
2015-04-15T10:00:00.000,115,68,47
2015-04-15T11:00:00.000,78,37,41
2015-04-15T12:00:00.000,95,49,46
2015-04-15T13:00:00.000,98,54,44
2015-04-15T14:00:00.000,106,61,45
2015-04-15T15:00:00.000,142,66,76
2015-04-15T16:00:00.000,277,121,156
2015-04-15T17:00:00.000,583,195,388
2015-04-15T18:00:00.000,499,185,314
2015-04-15T19:00:00.000,221,93,128
2015-04-15T20:00:00.000,131,59,72
2015-04-15T21:00:00.000,64,21,43
2015-04-15T22:00:00.000,48,27,21
2015-04-15T23:00:00.000,32,17,15
2015-04-16T00:00:00.000,14,7,7
2015-04-16T01:00:00.000,9,1,8
2015-04-16T02:00:00.000,1,1,0
2015-04-16T03:00:00.000,7,5,2
2015-04-16T04:00:00.000,6,4,2
2015-04-16T05:00:00.000,38,21,17
2015-04-16T06:00:00.000,111,74,37
2015-04-16T07:00:00.000,308,245,63
2015-04-16T08:00:00.000,502,356,146
2015-04-16T09:00:00.000,319,200,119
2015-04-16T10:00:00.000,128,79,49
2015-04-16T11:00:00.000,96,56,40
2015-04-16T12:00:00.000,137,76,61
2015-04-16T13:00:00.000,100,48,52
2015-04-16T14:00:00.000,112,65,47
2015-04-16T15:00:00.000,163,81,82
2015-04-16T16:00:00.000,306,121,185
2015-04-16T17:00:00.000,586,194,392
2015-04-16T18:00:00.000,461,171,290
2015-04-16T19:00:00.000,264,110,154
2015-04-16T20:00:00.000,157,83,74
2015-04-16T21:00:00.000,84,43,41
2015-04-16T22:00:00.000,60,29,31
2015-04-16T23:00:00.000,33,10,23
2015-04-17T00:00:00.000,23,11,12
2015-04-17T01:00:00.000,10,7,3
2015-04-17T02:00:00.000,4,2,2
2015-04-17T03:00:00.000,9,4,5
2015-04-17T04:00:00.000,5,1,4
2015-04-17T05:00:00.000,27,16,11
2015-04-17T06:00:00.000,100,66,34
2015-04-17T07:00:00.000,297,228,69
2015-04-17T08:00:00.000,431,312,119
2015-04-17T09:00:00.000,277,171,106
2015-04-17T10:00:00.000,118,68,50
2015-04-17T11:00:00.000,83,41,42
2015-04-17T12:00:00.000,96,43,53
2015-04-17T13:00:00.000,119,81,38
2015-04-17T14:00:00.000,105,56,49
2015-04-17T15:00:00.000,169,91,78
2015-04-17T16:00:00.000,280,122,158
2015-04-17T17:00:00.000,508,160,348
2015-04-17T18:00:00.000,390,156,234
2015-04-17T19:00:00.000,185,78,107
2015-04-17T20:00:00.000,87,42,45
2015-04-17T21:00:00.000,42,15,27
2015-04-17T22:00:00.000,50,27,23
2015-04-17T23:00:00.000,39,17,22
2015-04-18T00:00:00.000,24,6,18
2015-04-18T01:00:00.000,11,7,4
2015-04-18T02:00:00.000,8,5,3
2015-04-18T03:00:00.000,1,0,1
2015-04-18T04:00:00.000,4,2,2
2015-04-18T05:00:00.000,6,4,2
2015-04-18T06:00:00.000,28,17,11
2015-04-18T07:00:00.000,46,26,20
2015-04-18T08:00:00.000,74,35,39
2015-04-18T09:00:00.000,129,79,50
2015-04-18T10:00:00.000,167,101,66
2015-04-18T11:00:00.000,142,81,61
2015-04-18T12:00:00.000,194,102,92
2015-04-18T13:00:00.000,208,117,91
2015-04-18T14:00:00.000,266,149,117
2015-04-18T15:00:00.000,227,133,94
2015-04-18T16:00:00.000,209,128,81
2015-04-18T17:00:00.000,197,109,88
2015-04-18T18:00:00.000,169,79,90
2015-04-18T19:00:00.000,117,68,49
2015-04-18T20:00:00.000,53,24,29
2015-04-18T21:00:00.000,43,17,26
2015-04-18T22:00:00.000,46,22,24
2015-04-18T23:00:00.000,32,17,15
2015-04-19T00:00:00.000,37,16,21
2015-04-19T01:00:00.000,11,2,9
2015-04-19T02:00:00.000,2,1,1
2015-04-19T03:00:00.000,144,138,6
2015-04-19T04:00:00.000,4,2,2
2015-04-19T05:00:00.000,7,3,4
2015-04-19T06:00:00.000,15,8,7
2015-04-19T07:00:00.000,30,15,15
2015-04-19T08:00:00.000,84,43,41
2015-04-19T09:00:00.000,113,51,62
2015-04-19T10:00:00.000,169,84,85
2015-04-19T11:00:00.000,252,142,110
2015-04-19T12:00:00.000,215,114,101
2015-04-19T13:00:00.000,294,140,154
2015-04-19T14:00:00.000,295,164,131
2015-04-19T15:00:00.000,271,153,118
2015-04-19T16:00:00.000,255,163,92
2015-04-19T17:00:00.000,193,95,98
2015-04-19T18:00:00.000,159,73,86
2015-04-19T19:00:00.000,106,52,54
2015-04-19T20:00:00.000,51,26,25
2015-04-19T21:00:00.000,34,19,15
2015-04-19T22:00:00.000,19,9,10
2015-04-19T23:00:00.000,15,6,9
2015-04-20T00:00:00.000,10,8,2
2015-04-20T01:00:00.000,7,5,2
2015-04-20T02:00:00.000,4,3,1
2015-04-20T03:00:00.000,4,3,1
2015-04-20T04:00:00.000,9,5,4
2015-04-20T05:00:00.000,40,26,14
2015-04-20T06:00:00.000,137,89,48
2015-04-20T07:00:00.000,398,291,107
2015-04-20T08:00:00.000,589,440,149
2015-04-20T09:00:00.000,319,215,104
2015-04-20T10:00:00.000,136,73,63
2015-04-20T11:00:00.000,99,55,44
2015-04-20T12:00:00.000,121,70,51
2015-04-20T13:00:00.000,140,68,72
2015-04-20T14:00:00.000,138,75,63
2015-04-20T15:00:00.000,187,83,104
2015-04-20T16:00:00.000,326,143,183
2015-04-20T17:00:00.000,739,214,525
2015-04-20T18:00:00.000,571,221,350
2015-04-20T19:00:00.000,280,106,174
2015-04-20T20:00:00.000,142,70,72
2015-04-20T21:00:00.000,73,35,38
2015-04-20T22:00:00.000,43,23,20
2015-04-20T23:00:00.000,44,21,23
2015-04-21T00:00:00.000,11,4,7
2015-04-21T01:00:00.000,3,0,3
2015-04-21T02:00:00.000,10,5,5
2015-04-21T03:00:00.000,5,3,2
2015-04-21T04:00:00.000,7,5,2
2015-04-21T05:00:00.000,44,31,13
2015-04-21T06:00:00.000,134,90,44
2015-04-21T07:00:00.000,388,300,88
2015-04-21T08:00:00.000,561,389,172
2015-04-21T09:00:00.000,339,207,132
2015-04-21T10:00:00.000,116,65,51
2015-04-21T11:00:00.000,,,
2015-04-21T12:00:00.000,,,
2015-04-21T13:00:00.000,54,24,30
2015-04-21T14:00:00.000,84,44,40
2015-04-21T15:00:00.000,139,63,76
2015-04-21T16:00:00.000,309,112,197
2015-04-21T17:00:00.000,532,153,379
2015-04-21T18:00:00.000,262,78,184
2015-04-21T19:00:00.000,137,51,86
2015-04-21T20:00:00.000,54,14,40
2015-04-21T21:00:00.000,26,12,14
2015-04-21T22:00:00.000,14,6,8
2015-04-21T23:00:00.000,14,5,9
2015-04-22T00:00:00.000,6,2,4
2015-04-22T01:00:00.000,4,2,2
2015-04-22T02:00:00.000,2,1,1
2015-04-22T03:00:00.000,6,2,4
2015-04-22T04:00:00.000,6,4,2
2015-04-22T05:00:00.000,32,16,16
2015-04-22T06:00:00.000,123,77,46
2015-04-22T07:00:00.000,296,229,67
2015-04-22T08:00:00.000,455,322,133
2015-04-22T09:00:00.000,216,132,84
2015-04-22T10:00:00.000,80,44,36
2015-04-22T11:00:00.000,161,100,61
2015-04-22T12:00:00.000,81,42,39
2015-04-22T13:00:00.000,73,41,32
2015-04-22T14:00:00.000,90,49,41
2015-04-22T15:00:00.000,125,63,62
2015-04-22T16:00:00.000,245,101,144
2015-04-22T17:00:00.000,516,163,353
2015-04-22T18:00:00.000,437,165,272
2015-04-22T19:00:00.000,168,69,99
2015-04-22T20:00:00.000,109,49,60
2015-04-22T21:00:00.000,63,29,34
2015-04-22T22:00:00.000,31,13,18
2015-04-22T23:00:00.000,26,9,17
2015-04-23T00:00:00.000,15,7,8
2015-04-23T01:00:00.000,1,1,0
2015-04-23T02:00:00.000,4,3,1
2015-04-23T03:00:00.000,6,2,4
2015-04-23T04:00:00.000,8,7,1
2015-04-23T05:00:00.000,26,17,9
2015-04-23T06:00:00.000,137,92,45
2015-04-23T07:00:00.000,300,224,76
2015-04-23T08:00:00.000,379,255,124
2015-04-23T09:00:00.000,190,114,76
2015-04-23T10:00:00.000,84,46,38
2015-04-23T11:00:00.000,38,24,14
2015-04-23T12:00:00.000,65,32,33
2015-04-23T13:00:00.000,38,22,16
2015-04-23T14:00:00.000,52,21,31
2015-04-23T15:00:00.000,74,32,42
2015-04-23T16:00:00.000,159,60,99
2015-04-23T17:00:00.000,360,116,244
2015-04-23T18:00:00.000,255,69,186
2015-04-23T19:00:00.000,124,41,83
2015-04-23T20:00:00.000,62,24,38
2015-04-23T21:00:00.000,47,19,28
2015-04-23T22:00:00.000,21,13,8
2015-04-23T23:00:00.000,13,6,7
2015-04-24T00:00:00.000,5,0,5
2015-04-24T01:00:00.000,7,3,4
2015-04-24T02:00:00.000,0,0,0
2015-04-24T03:00:00.000,5,1,4
2015-04-24T04:00:00.000,5,3,2
2015-04-24T05:00:00.000,23,18,5
2015-04-24T06:00:00.000,98,70,28
2015-04-24T07:00:00.000,232,181,51
2015-04-24T08:00:00.000,349,251,98
2015-04-24T09:00:00.000,166,107,59
2015-04-24T10:00:00.000,60,33,27
2015-04-24T11:00:00.000,50,25,25
2015-04-24T12:00:00.000,52,26,26
2015-04-24T13:00:00.000,70,42,28
2015-04-24T14:00:00.000,80,42,38
2015-04-24T15:00:00.000,119,42,77
2015-04-24T16:00:00.000,180,65,115
2015-04-24T17:00:00.000,339,95,244
2015-04-24T18:00:00.000,198,75,123
2015-04-24T19:00:00.000,116,36,80
2015-04-24T20:00:00.000,53,20,33
2015-04-24T21:00:00.000,28,8,20
2015-04-24T22:00:00.000,22,9,13
2015-04-24T23:00:00.000,19,6,13
2015-04-25T00:00:00.000,13,8,5
2015-04-25T01:00:00.000,9,4,5
2015-04-25T02:00:00.000,7,4,3
2015-04-25T03:00:00.000,6,2,4
2015-04-25T04:00:00.000,3,3,0
2015-04-25T05:00:00.000,10,7,3
2015-04-25T06:00:00.000,18,8,10
2015-04-25T07:00:00.000,38,19,19
2015-04-25T08:00:00.000,66,33,33
2015-04-25T09:00:00.000,80,45,35
2015-04-25T10:00:00.000,105,59,46
2015-04-25T11:00:00.000,113,55,58
2015-04-25T12:00:00.000,154,88,66
2015-04-25T13:00:00.000,142,78,64
2015-04-25T14:00:00.000,159,95,64
2015-04-25T15:00:00.000,137,67,70
2015-04-25T16:00:00.000,135,76,59
2015-04-25T17:00:00.000,147,91,56
2015-04-25T18:00:00.000,99,58,41
2015-04-25T19:00:00.000,57,21,36
2015-04-25T20:00:00.000,41,19,22
2015-04-25T21:00:00.000,25,11,14
2015-04-25T22:00:00.000,19,10,9
2015-04-25T23:00:00.000,33,15,18
2015-04-26T00:00:00.000,15,5,10
2015-04-26T01:00:00.000,9,6,3
2015-04-26T02:00:00.000,3,3,0
2015-04-26T03:00:00.000,3,1,2
2015-04-26T04:00:00.000,3,1,2
2015-04-26T05:00:00.000,2,2,0
2015-04-26T06:00:00.000,14,8,6
2015-04-26T07:00:00.000,33,18,15
2015-04-26T08:00:00.000,57,29,28
2015-04-26T09:00:00.000,85,41,44
2015-04-26T10:00:00.000,103,61,42
2015-04-26T11:00:00.000,136,68,68
2015-04-26T12:00:00.000,151,80,71
2015-04-26T13:00:00.000,143,83,60
2015-04-26T14:00:00.000,130,78,52
2015-04-26T15:00:00.000,151,84,67
2015-04-26T16:00:00.000,147,87,60
2015-04-26T17:00:00.000,163,98,65
2015-04-26T18:00:00.000,71,38,33
2015-04-26T19:00:00.000,40,17,23
2015-04-26T20:00:00.000,30,16,14
2015-04-26T21:00:00.000,45,10,35
2015-04-26T22:00:00.000,12,6,6
2015-04-26T23:00:00.000,20,3,17
2015-04-27T00:00:00.000,4,4,0
2015-04-27T01:00:00.000,2,0,2
2015-04-27T02:00:00.000,3,1,2
2015-04-27T03:00:00.000,5,5,0
2015-04-27T04:00:00.000,9,7,2
2015-04-27T05:00:00.000,44,30,14
2015-04-27T06:00:00.000,166,126,40
2015-04-27T07:00:00.000,337,274,63
2015-04-27T08:00:00.000,487,334,153
2015-04-27T09:00:00.000,240,153,87
2015-04-27T10:00:00.000,82,48,34
2015-04-27T11:00:00.000,78,48,30
2015-04-27T12:00:00.000,105,42,63
2015-04-27T13:00:00.000,104,51,53
2015-04-27T14:00:00.000,112,64,48
2015-04-27T15:00:00.000,178,84,94
2015-04-27T16:00:00.000,370,140,230
2015-04-27T17:00:00.000,726,222,504
2015-04-27T18:00:00.000,506,190,316
2015-04-27T19:00:00.000,274,139,135
2015-04-27T20:00:00.000,165,93,72
2015-04-27T21:00:00.000,63,31,32
2015-04-27T22:00:00.000,56,29,27
2015-04-27T23:00:00.000,24,10,14
2015-04-28T00:00:00.000,8,2,6
2015-04-28T01:00:00.000,2,1,1
2015-04-28T02:00:00.000,4,3,1
2015-04-28T03:00:00.000,11,10,1
2015-04-28T04:00:00.000,6,3,3
2015-04-28T05:00:00.000,43,29,14
2015-04-28T06:00:00.000,138,93,45
2015-04-28T07:00:00.000,334,255,79
2015-04-28T08:00:00.000,456,314,142
2015-04-28T09:00:00.000,175,112,63
2015-04-28T10:00:00.000,79,46,33
2015-04-28T11:00:00.000,67,38,29
2015-04-28T12:00:00.000,54,31,23
2015-04-28T13:00:00.000,53,19,34
2015-04-28T14:00:00.000,49,24,25
2015-04-28T15:00:00.000,93,37,56
2015-04-28T16:00:00.000,222,73,149
2015-04-28T17:00:00.000,388,118,270
2015-04-28T18:00:00.000,296,96,200
2015-04-28T19:00:00.000,111,36,75
2015-04-28T20:00:00.000,72,28,44
2015-04-28T21:00:00.000,41,19,22
2015-04-28T22:00:00.000,28,13,15
2015-04-28T23:00:00.000,15,5,10
2015-04-29T00:00:00.000,4,2,2
2015-04-29T01:00:00.000,4,4,0
2015-04-29T02:00:00.000,3,2,1
2015-04-29T03:00:00.000,5,4,1
2015-04-29T04:00:00.000,7,5,2
2015-04-29T05:00:00.000,39,26,13
2015-04-29T06:00:00.000,123,75,48
2015-04-29T07:00:00.000,346,259,87
2015-04-29T08:00:00.000,444,295,149
2015-04-29T09:00:00.000,212,129,83
2015-04-29T10:00:00.000,96,57,39
2015-04-29T11:00:00.000,68,32,36
2015-04-29T12:00:00.000,86,56,30
2015-04-29T13:00:00.000,106,57,49
2015-04-29T14:00:00.000,82,36,46
2015-04-29T15:00:00.000,113,50,63
2015-04-29T16:00:00.000,262,91,171
2015-04-29T17:00:00.000,591,201,390
2015-04-29T18:00:00.000,385,146,239
2015-04-29T19:00:00.000,214,74,140
2015-04-29T20:00:00.000,119,48,71
2015-04-29T21:00:00.000,70,30,40
2015-04-29T22:00:00.000,36,18,18
2015-04-29T23:00:00.000,22,12,10
2015-04-30T00:00:00.000,7,6,1
2015-04-30T01:00:00.000,5,4,1
2015-04-30T02:00:00.000,2,2,0
2015-04-30T03:00:00.000,6,4,2
2015-04-30T04:00:00.000,11,5,6
2015-04-30T05:00:00.000,39,25,14
2015-04-30T06:00:00.000,152,94,58
2015-04-30T07:00:00.000,349,263,86
2015-04-30T08:00:00.000,475,319,156
2015-04-30T09:00:00.000,240,139,101
2015-04-30T10:00:00.000,87,53,34
2015-04-30T11:00:00.000,91,56,35
2015-04-30T12:00:00.000,70,42,28
2015-04-30T13:00:00.000,86,45,41
2015-04-30T14:00:00.000,96,47,49
2015-04-30T15:00:00.000,165,68,97
2015-04-30T16:00:00.000,299,123,176
2015-04-30T17:00:00.000,610,193,417
2015-04-30T18:00:00.000,398,134,264
2015-04-30T19:00:00.000,181,77,104
2015-04-30T20:00:00.000,110,47,63
2015-04-30T21:00:00.000,55,21,34
2015-04-30T22:00:00.000,49,21,28
2015-04-30T23:00:00.000,25,6,19
2015-05-01T00:00:00.000,19,5,14
2015-05-01T01:00:00.000,4,1,3
2015-05-01T02:00:00.000,7,1,6
2015-05-01T03:00:00.000,5,3,2
2015-05-01T04:00:00.000,8,8,0
2015-05-01T05:00:00.000,44,29,15
2015-05-01T06:00:00.000,164,110,54
2015-05-01T07:00:00.000,484,390,94
2015-05-01T08:00:00.000,563,399,164
2015-05-01T09:00:00.000,251,151,100
2015-05-01T10:00:00.000,113,67,46
2015-05-01T11:00:00.000,96,49,47
2015-05-01T12:00:00.000,104,57,47
2015-05-01T13:00:00.000,123,57,66
2015-05-01T14:00:00.000,158,73,85
2015-05-01T15:00:00.000,272,89,183
2015-05-01T16:00:00.000,475,149,326
2015-05-01T17:00:00.000,629,211,418
2015-05-01T18:00:00.000,332,126,206
2015-05-01T19:00:00.000,175,80,95
2015-05-01T20:00:00.000,85,42,43
2015-05-01T21:00:00.000,48,18,30
2015-05-01T22:00:00.000,32,19,13
2015-05-01T23:00:00.000,33,11,22
2015-05-02T00:00:00.000,16,9,7
2015-05-02T01:00:00.000,11,4,7
2015-05-02T02:00:00.000,4,1,3
2015-05-02T03:00:00.000,4,2,2
2015-05-02T04:00:00.000,4,2,2
2015-05-02T05:00:00.000,11,8,3
2015-05-02T06:00:00.000,33,18,15
2015-05-02T07:00:00.000,69,40,29
2015-05-02T08:00:00.000,97,53,44
2015-05-02T09:00:00.000,157,95,62
2015-05-02T10:00:00.000,137,78,59
2015-05-02T11:00:00.000,152,78,74
2015-05-02T12:00:00.000,205,127,78
2015-05-02T13:00:00.000,182,103,79
2015-05-02T14:00:00.000,185,92,93
2015-05-02T15:00:00.000,203,100,103
2015-05-02T16:00:00.000,186,98,88
2015-05-02T17:00:00.000,178,83,95
2015-05-02T18:00:00.000,143,93,50
2015-05-02T19:00:00.000,77,41,36
2015-05-02T20:00:00.000,68,37,31
2015-05-02T21:00:00.000,21,8,13
2015-05-02T22:00:00.000,41,27,14
2015-05-02T23:00:00.000,31,12,19
2015-05-03T00:00:00.000,21,10,11
2015-05-03T01:00:00.000,8,2,6
2015-05-03T02:00:00.000,5,1,4
2015-05-03T03:00:00.000,4,1,3
2015-05-03T04:00:00.000,2,2,0
2015-05-03T05:00:00.000,9,5,4
2015-05-03T06:00:00.000,23,9,14
2015-05-03T07:00:00.000,52,32,20
2015-05-03T08:00:00.000,66,34,32
2015-05-03T09:00:00.000,109,72,37
2015-05-03T10:00:00.000,192,108,84
2015-05-03T11:00:00.000,174,83,91
2015-05-03T12:00:00.000,196,100,96
2015-05-03T13:00:00.000,221,138,83
2015-05-03T14:00:00.000,215,127,88
2015-05-03T15:00:00.000,222,131,91
2015-05-03T16:00:00.000,212,114,98
2015-05-03T17:00:00.000,180,113,67
2015-05-03T18:00:00.000,129,78,51
2015-05-03T19:00:00.000,78,42,36
2015-05-03T20:00:00.000,50,25,25
2015-05-03T21:00:00.000,28,20,8
2015-05-03T22:00:00.000,27,10,17
2015-05-03T23:00:00.000,12,0,12
2015-05-04T00:00:00.000,12,8,4
2015-05-04T01:00:00.000,5,3,2
2015-05-04T02:00:00.000,3,3,0
2015-05-04T03:00:00.000,4,2,2
2015-05-04T04:00:00.000,11,8,3
2015-05-04T05:00:00.000,51,34,17
2015-05-04T06:00:00.000,212,139,73
2015-05-04T07:00:00.000,509,403,106
2015-05-04T08:00:00.000,657,461,196
2015-05-04T09:00:00.000,274,173,101
2015-05-04T10:00:00.000,111,73,38
2015-05-04T11:00:00.000,80,35,45
2015-05-04T12:00:00.000,92,40,52
2015-05-04T13:00:00.000,90,58,32
2015-05-04T14:00:00.000,117,61,56
2015-05-04T15:00:00.000,165,75,90
2015-05-04T16:00:00.000,401,138,263
2015-05-04T17:00:00.000,779,208,571
2015-05-04T18:00:00.000,514,163,351
2015-05-04T19:00:00.000,217,86,131
2015-05-04T20:00:00.000,93,48,45
2015-05-04T21:00:00.000,71,23,48
2015-05-04T22:00:00.000,35,16,19
2015-05-04T23:00:00.000,17,8,9
2015-05-05T00:00:00.000,6,2,4
2015-05-05T01:00:00.000,5,4,1
2015-05-05T02:00:00.000,2,1,1
2015-05-05T03:00:00.000,3,2,1
2015-05-05T04:00:00.000,6,4,2
2015-05-05T05:00:00.000,36,26,10
2015-05-05T06:00:00.000,100,73,27
2015-05-05T07:00:00.000,329,245,84
2015-05-05T08:00:00.000,454,312,142
2015-05-05T09:00:00.000,194,122,72
2015-05-05T10:00:00.000,84,54,30
2015-05-05T11:00:00.000,50,30,20
2015-05-05T12:00:00.000,53,29,24
2015-05-05T13:00:00.000,42,20,22
2015-05-05T14:00:00.000,48,22,26
2015-05-05T15:00:00.000,81,40,41
2015-05-05T16:00:00.000,185,56,129
2015-05-05T17:00:00.000,458,136,322
2015-05-05T18:00:00.000,244,67,177
2015-05-05T19:00:00.000,92,25,67
2015-05-05T20:00:00.000,60,23,37
2015-05-05T21:00:00.000,36,15,21
2015-05-05T22:00:00.000,28,13,15
2015-05-05T23:00:00.000,9,2,7
2015-05-06T00:00:00.000,6,2,4
2015-05-06T01:00:00.000,9,6,3
2015-05-06T02:00:00.000,1,1,0
2015-05-06T03:00:00.000,4,2,2
2015-05-06T04:00:00.000,12,8,4
2015-05-06T05:00:00.000,41,24,17
2015-05-06T06:00:00.000,168,115,53
2015-05-06T07:00:00.000,498,396,102
2015-05-06T08:00:00.000,592,424,168
2015-05-06T09:00:00.000,253,150,103
2015-05-06T10:00:00.000,112,66,46
2015-05-06T11:00:00.000,72,42,30
2015-05-06T12:00:00.000,70,45,25
2015-05-06T13:00:00.000,90,52,38
2015-05-06T14:00:00.000,99,45,54
2015-05-06T15:00:00.000,168,73,95
2015-05-06T16:00:00.000,332,134,198
2015-05-06T17:00:00.000,684,220,464
2015-05-06T18:00:00.000,502,175,327
2015-05-06T19:00:00.000,224,76,148
2015-05-06T20:00:00.000,146,56,90
2015-05-06T21:00:00.000,66,23,43
2015-05-06T22:00:00.000,47,26,21
2015-05-06T23:00:00.000,35,15,20
2015-05-07T00:00:00.000,19,9,10
2015-05-07T01:00:00.000,10,5,5
2015-05-07T02:00:00.000,1,1,0
2015-05-07T03:00:00.000,5,3,2
2015-05-07T04:00:00.000,12,10,2
2015-05-07T05:00:00.000,47,24,23
2015-05-07T06:00:00.000,302,222,80
2015-05-07T07:00:00.000,530,404,126
2015-05-07T08:00:00.000,615,430,185
2015-05-07T09:00:00.000,311,195,116
2015-05-07T10:00:00.000,137,90,47
2015-05-07T11:00:00.000,98,48,50
2015-05-07T12:00:00.000,119,63,56
2015-05-07T13:00:00.000,123,73,50
2015-05-07T14:00:00.000,121,52,69
2015-05-07T15:00:00.000,188,84,104
2015-05-07T16:00:00.000,383,144,239
2015-05-07T17:00:00.000,808,252,556
2015-05-07T18:00:00.000,489,157,332
2015-05-07T19:00:00.000,247,109,138
2015-05-07T20:00:00.000,162,67,95
2015-05-07T21:00:00.000,92,42,50
2015-05-07T22:00:00.000,63,28,35
2015-05-07T23:00:00.000,34,13,21
2015-05-08T00:00:00.000,19,8,11
2015-05-08T01:00:00.000,4,1,3
2015-05-08T02:00:00.000,4,1,3
2015-05-08T03:00:00.000,10,6,4
2015-05-08T04:00:00.000,10,6,4
2015-05-08T05:00:00.000,48,26,22
2015-05-08T06:00:00.000,192,134,58
2015-05-08T07:00:00.000,483,366,117
2015-05-08T08:00:00.000,601,446,155
2015-05-08T09:00:00.000,258,154,104
2015-05-08T10:00:00.000,120,70,50
2015-05-08T11:00:00.000,104,58,46
2015-05-08T12:00:00.000,105,54,51
2015-05-08T13:00:00.000,111,56,55
2015-05-08T14:00:00.000,169,73,96
2015-05-08T15:00:00.000,231,88,143
2015-05-08T16:00:00.000,475,152,323
2015-05-08T17:00:00.000,698,211,487
2015-05-08T18:00:00.000,351,139,212
2015-05-08T19:00:00.000,189,76,113
2015-05-08T20:00:00.000,119,62,57
2015-05-08T21:00:00.000,57,25,32
2015-05-08T22:00:00.000,59,27,32
2015-05-08T23:00:00.000,35,9,26
2015-05-09T00:00:00.000,24,6,18
2015-05-09T01:00:00.000,7,3,4
2015-05-09T02:00:00.000,8,4,4
2015-05-09T03:00:00.000,3,1,2
2015-05-09T04:00:00.000,3,2,1
2015-05-09T05:00:00.000,11,9,2
2015-05-09T06:00:00.000,22,14,8
2015-05-09T07:00:00.000,69,33,36
2015-05-09T08:00:00.000,105,62,43
2015-05-09T09:00:00.000,127,71,56
2015-05-09T10:00:00.000,139,80,59
2015-05-09T11:00:00.000,196,95,101
2015-05-09T12:00:00.000,226,127,99
2015-05-09T13:00:00.000,214,126,88
2015-05-09T14:00:00.000,199,103,96
2015-05-09T15:00:00.000,316,131,185
2015-05-09T16:00:00.000,337,160,177
2015-05-09T17:00:00.000,240,150,90
2015-05-09T18:00:00.000,176,92,84
2015-05-09T19:00:00.000,110,63,47
2015-05-09T20:00:00.000,84,40,44
2015-05-09T21:00:00.000,49,18,31
2015-05-09T22:00:00.000,53,29,24
2015-05-09T23:00:00.000,35,16,19
2015-05-10T00:00:00.000,31,15,16
2015-05-10T01:00:00.000,6,1,5
2015-05-10T02:00:00.000,3,3,0
2015-05-10T03:00:00.000,4,1,3
2015-05-10T04:00:00.000,2,1,1
2015-05-10T05:00:00.000,6,2,4
2015-05-10T06:00:00.000,12,8,4
2015-05-10T07:00:00.000,42,18,24
2015-05-10T08:00:00.000,75,35,40
2015-05-10T09:00:00.000,105,67,38
2015-05-10T10:00:00.000,128,80,48
2015-05-10T11:00:00.000,194,102,92
2015-05-10T12:00:00.000,164,90,74
2015-05-10T13:00:00.000,187,109,78
2015-05-10T14:00:00.000,184,108,76
2015-05-10T15:00:00.000,202,117,85
2015-05-10T16:00:00.000,157,91,66
2015-05-10T17:00:00.000,162,88,74
2015-05-10T18:00:00.000,100,52,48
2015-05-10T19:00:00.000,80,49,31
2015-05-10T20:00:00.000,37,21,16
2015-05-10T21:00:00.000,40,13,27
2015-05-10T22:00:00.000,22,6,16
2015-05-10T23:00:00.000,15,5,10
2015-05-11T00:00:00.000,7,3,4
2015-05-11T01:00:00.000,4,2,2
2015-05-11T02:00:00.000,3,2,1
2015-05-11T03:00:00.000,1,1,0
2015-05-11T04:00:00.000,11,9,2
2015-05-11T05:00:00.000,43,23,20
2015-05-11T06:00:00.000,161,110,51
2015-05-11T07:00:00.000,464,359,105
2015-05-11T08:00:00.000,565,415,150
2015-05-11T09:00:00.000,242,151,91
2015-05-11T10:00:00.000,103,62,41
2015-05-11T11:00:00.000,72,51,21
2015-05-11T12:00:00.000,56,28,28
2015-05-11T13:00:00.000,65,40,25
2015-05-11T14:00:00.000,94,49,45
2015-05-11T15:00:00.000,113,41,72
2015-05-11T16:00:00.000,273,91,182
2015-05-11T17:00:00.000,650,154,496
2015-05-11T18:00:00.000,388,127,261
2015-05-11T19:00:00.000,181,58,123
2015-05-11T20:00:00.000,79,34,45
2015-05-11T21:00:00.000,55,25,30
2015-05-11T22:00:00.000,30,11,19
2015-05-11T23:00:00.000,16,3,13
2015-05-12T00:00:00.000,9,3,6
2015-05-12T01:00:00.000,7,1,6
2015-05-12T02:00:00.000,1,0,1
2015-05-12T03:00:00.000,6,3,3
2015-05-12T04:00:00.000,12,5,7
2015-05-12T05:00:00.000,48,35,13
2015-05-12T06:00:00.000,174,120,54
2015-05-12T07:00:00.000,467,341,126
2015-05-12T08:00:00.000,475,330,145
2015-05-12T09:00:00.000,231,145,86
2015-05-12T10:00:00.000,94,59,35
2015-05-12T11:00:00.000,75,47,28
2015-05-12T12:00:00.000,75,42,33
2015-05-12T13:00:00.000,69,39,30
2015-05-12T14:00:00.000,78,39,39
2015-05-12T15:00:00.000,105,36,69
2015-05-12T16:00:00.000,300,91,209
2015-05-12T17:00:00.000,593,151,442
2015-05-12T18:00:00.000,416,121,295
2015-05-12T19:00:00.000,207,81,126
2015-05-12T20:00:00.000,101,38,63
2015-05-12T21:00:00.000,61,29,32
2015-05-12T22:00:00.000,32,13,19
2015-05-12T23:00:00.000,17,8,9
2015-05-13T00:00:00.000,12,6,6
2015-05-13T01:00:00.000,4,2,2
2015-05-13T02:00:00.000,3,3,0
2015-05-13T03:00:00.000,2,1,1
2015-05-13T04:00:00.000,9,6,3
2015-05-13T05:00:00.000,35,20,15
2015-05-13T06:00:00.000,112,77,35
2015-05-13T07:00:00.000,349,258,91
2015-05-13T08:00:00.000,411,291,120
2015-05-13T09:00:00.000,206,134,72
2015-05-13T10:00:00.000,79,52,27
2015-05-13T11:00:00.000,64,36,28
2015-05-13T12:00:00.000,63,36,27
2015-05-13T13:00:00.000,32,19,13
2015-05-13T14:00:00.000,50,24,26
2015-05-13T15:00:00.000,62,27,35
2015-05-13T16:00:00.000,216,80,136
2015-05-13T17:00:00.000,407,116,291
2015-05-13T18:00:00.000,303,95,208
2015-05-13T19:00:00.000,136,38,98
2015-05-13T20:00:00.000,71,24,47
2015-05-13T21:00:00.000,35,10,25
2015-05-13T22:00:00.000,33,8,25
2015-05-13T23:00:00.000,13,3,10
2015-05-14T00:00:00.000,6,3,3
2015-05-14T01:00:00.000,2,2,0
2015-05-14T02:00:00.000,2,1,1
2015-05-14T03:00:00.000,5,2,3
2015-05-14T04:00:00.000,14,9,5
2015-05-14T05:00:00.000,32,20,12
2015-05-14T06:00:00.000,175,120,55
2015-05-14T07:00:00.000,396,306,90
2015-05-14T08:00:00.000,475,321,154
2015-05-14T09:00:00.000,255,151,104
2015-05-14T10:00:00.000,87,53,34
2015-05-14T11:00:00.000,57,31,26
2015-05-14T12:00:00.000,67,33,34
2015-05-14T13:00:00.000,73,35,38
2015-05-14T14:00:00.000,97,55,42
2015-05-14T15:00:00.000,127,61,66
2015-05-14T16:00:00.000,352,138,214
2015-05-14T17:00:00.000,609,181,428
2015-05-14T18:00:00.000,451,168,283
2015-05-14T19:00:00.000,208,89,119
2015-05-14T20:00:00.000,126,61,65
2015-05-14T21:00:00.000,91,47,44
2015-05-14T22:00:00.000,70,33,37
2015-05-14T23:00:00.000,34,13,21
2015-05-15T00:00:00.000,16,9,7
2015-05-15T01:00:00.000,8,3,5
2015-05-15T02:00:00.000,1,1,0
2015-05-15T03:00:00.000,7,4,3
2015-05-15T04:00:00.000,14,11,3
2015-05-15T05:00:00.000,59,36,23
2015-05-15T06:00:00.000,278,192,86
2015-05-15T07:00:00.000,680,556,124
2015-05-15T08:00:00.000,767,584,183
2015-05-15T09:00:00.000,318,243,75
2015-05-15T10:00:00.000,118,97,21
2015-05-15T11:00:00.000,79,8,71
2015-05-15T12:00:00.000,116,65,51
2015-05-15T13:00:00.000,115,63,52
2015-05-15T14:00:00.000,165,97,68
2015-05-15T15:00:00.000,236,91,145
2015-05-15T16:00:00.000,474,179,295
2015-05-15T17:00:00.000,695,215,480
2015-05-15T18:00:00.000,451,150,301
2015-05-15T19:00:00.000,190,91,99
2015-05-15T20:00:00.000,98,45,53
2015-05-15T21:00:00.000,75,29,46
2015-05-15T22:00:00.000,54,27,27
2015-05-15T23:00:00.000,39,19,20
2015-05-16T00:00:00.000,19,8,11
2015-05-16T01:00:00.000,12,10,2
2015-05-16T02:00:00.000,3,2,1
2015-05-16T03:00:00.000,4,1,3
2015-05-16T04:00:00.000,3,3,0
2015-05-16T05:00:00.000,20,15,5
2015-05-16T06:00:00.000,30,19,11
2015-05-16T07:00:00.000,78,49,29
2015-05-16T08:00:00.000,97,54,43
2015-05-16T09:00:00.000,91,44,47
2015-05-16T10:00:00.000,94,54,40
2015-05-16T11:00:00.000,174,98,76
2015-05-16T12:00:00.000,119,80,39
2015-05-16T13:00:00.000,117,55,62
2015-05-16T14:00:00.000,132,57,75
2015-05-16T15:00:00.000,134,77,57
2015-05-16T16:00:00.000,116,62,54
2015-05-16T17:00:00.000,128,64,64
2015-05-16T18:00:00.000,96,48,48
2015-05-16T19:00:00.000,64,31,33
2015-05-16T20:00:00.000,34,16,18
2015-05-16T21:00:00.000,38,20,18
2015-05-16T22:00:00.000,26,9,17
2015-05-16T23:00:00.000,26,12,14
2015-05-17T00:00:00.000,13,3,10
2015-05-17T01:00:00.000,8,3,5
2015-05-17T02:00:00.000,5,1,4
2015-05-17T03:00:00.000,8,6,2
2015-05-17T04:00:00.000,1,0,1
2015-05-17T05:00:00.000,8,5,3
2015-05-17T06:00:00.000,17,11,6
2015-05-17T07:00:00.000,28,15,13
2015-05-17T08:00:00.000,72,43,29
2015-05-17T09:00:00.000,103,52,51
2015-05-17T10:00:00.000,142,87,55
2015-05-17T11:00:00.000,130,81,49
2015-05-17T12:00:00.000,151,84,67
2015-05-17T13:00:00.000,180,107,73
2015-05-17T14:00:00.000,187,102,85
2015-05-17T15:00:00.000,194,103,91
2015-05-17T16:00:00.000,174,98,76
2015-05-17T17:00:00.000,177,91,86
2015-05-17T18:00:00.000,136,72,64
2015-05-17T19:00:00.000,98,58,40
2015-05-17T20:00:00.000,92,28,64
2015-05-17T21:00:00.000,37,22,15
2015-05-17T22:00:00.000,28,14,14
2015-05-17T23:00:00.000,22,9,13
2015-05-18T00:00:00.000,11,5,6
2015-05-18T01:00:00.000,5,2,3
2015-05-18T02:00:00.000,5,3,2
2015-05-18T03:00:00.000,1,1,0
2015-05-18T04:00:00.000,10,7,3
2015-05-18T05:00:00.000,46,31,15
2015-05-18T06:00:00.000,205,134,71
2015-05-18T07:00:00.000,506,391,115
2015-05-18T08:00:00.000,601,425,176
2015-05-18T09:00:00.000,289,173,116
2015-05-18T10:00:00.000,126,69,57
2015-05-18T11:00:00.000,103,58,45
2015-05-18T12:00:00.000,116,64,52
2015-05-18T13:00:00.000,130,64,66
2015-05-18T14:00:00.000,147,78,69
2015-05-18T15:00:00.000,187,91,96
2015-05-18T16:00:00.000,413,147,266
2015-05-18T17:00:00.000,791,238,553
2015-05-18T18:00:00.000,582,188,394
2015-05-18T19:00:00.000,254,104,150
2015-05-18T20:00:00.000,158,81,77
2015-05-18T21:00:00.000,87,39,48
2015-05-18T22:00:00.000,52,7,45
2015-05-18T23:00:00.000,20,10,10
2015-05-19T00:00:00.000,11,3,8
2015-05-19T01:00:00.000,8,4,4
2015-05-19T02:00:00.000,6,2,4
2015-05-19T03:00:00.000,5,3,2
2015-05-19T04:00:00.000,11,8,3
2015-05-19T05:00:00.000,55,34,21
2015-05-19T06:00:00.000,232,153,79
2015-05-19T07:00:00.000,536,405,131
2015-05-19T08:00:00.000,624,413,211
2015-05-19T09:00:00.000,286,167,119
2015-05-19T10:00:00.000,136,81,55
2015-05-19T11:00:00.000,88,52,36
2015-05-19T12:00:00.000,100,53,47
2015-05-19T13:00:00.000,107,49,58
2015-05-19T14:00:00.000,115,56,59
2015-05-19T15:00:00.000,181,68,113
2015-05-19T16:00:00.000,425,167,258
2015-05-19T17:00:00.000,800,239,561
2015-05-19T18:00:00.000,537,194,343
2015-05-19T19:00:00.000,258,107,151
2015-05-19T20:00:00.000,165,89,76
2015-05-19T21:00:00.000,91,43,48
2015-05-19T22:00:00.000,66,27,39
2015-05-19T23:00:00.000,29,11,18
2015-05-20T00:00:00.000,14,8,6
2015-05-20T01:00:00.000,8,2,6
2015-05-20T02:00:00.000,0,0,0
2015-05-20T03:00:00.000,9,7,2
2015-05-20T04:00:00.000,12,7,5
2015-05-20T05:00:00.000,44,27,17
2015-05-20T06:00:00.000,214,144,70
2015-05-20T07:00:00.000,503,368,135
2015-05-20T08:00:00.000,605,419,186
2015-05-20T09:00:00.000,239,135,104
2015-05-20T10:00:00.000,124,77,47
2015-05-20T11:00:00.000,91,64,27
2015-05-20T12:00:00.000,99,51,48
2015-05-20T13:00:00.000,97,55,42
2015-05-20T14:00:00.000,110,58,52
2015-05-20T15:00:00.000,171,76,95
2015-05-20T16:00:00.000,351,123,228
2015-05-20T17:00:00.000,772,226,546
2015-05-20T18:00:00.000,524,199,325
2015-05-20T19:00:00.000,264,107,157
2015-05-20T20:00:00.000,148,79,69
2015-05-20T21:00:00.000,86,32,54
2015-05-20T22:00:00.000,61,23,38
2015-05-20T23:00:00.000,34,6,28
2015-05-21T00:00:00.000,23,18,5
2015-05-21T01:00:00.000,5,4,1
2015-05-21T02:00:00.000,9,4,5
2015-05-21T03:00:00.000,4,2,2
2015-05-21T04:00:00.000,14,6,8
2015-05-21T05:00:00.000,55,31,24
2015-05-21T06:00:00.000,190,131,59
2015-05-21T07:00:00.000,486,351,135
2015-05-21T08:00:00.000,639,433,206
2015-05-21T09:00:00.000,309,203,106
2015-05-21T10:00:00.000,118,68,50
2015-05-21T11:00:00.000,109,67,42
2015-05-21T12:00:00.000,114,70,44
2015-05-21T13:00:00.000,120,59,61
2015-05-21T14:00:00.000,145,77,68
2015-05-21T15:00:00.000,167,69,98
2015-05-21T16:00:00.000,409,131,278
2015-05-21T17:00:00.000,717,210,507
2015-05-21T18:00:00.000,497,186,311
2015-05-21T19:00:00.000,271,127,144
2015-05-21T20:00:00.000,170,72,98
2015-05-21T21:00:00.000,87,44,43
2015-05-21T22:00:00.000,57,32,25
2015-05-21T23:00:00.000,53,20,33
2015-05-22T00:00:00.000,19,6,13
2015-05-22T01:00:00.000,8,4,4
2015-05-22T02:00:00.000,4,1,3
2015-05-22T03:00:00.000,6,3,3
2015-05-22T04:00:00.000,9,7,2
2015-05-22T05:00:00.000,40,23,17
2015-05-22T06:00:00.000,144,99,45
2015-05-22T07:00:00.000,367,276,91
2015-05-22T08:00:00.000,494,350,144
2015-05-22T09:00:00.000,228,145,83
2015-05-22T10:00:00.000,115,68,47
2015-05-22T11:00:00.000,98,57,41
2015-05-22T12:00:00.000,105,49,56
2015-05-22T13:00:00.000,121,65,56
2015-05-22T14:00:00.000,160,56,104
2015-05-22T15:00:00.000,229,74,155
2015-05-22T16:00:00.000,366,135,231
2015-05-22T17:00:00.000,521,173,348
2015-05-22T18:00:00.000,262,90,172
2015-05-22T19:00:00.000,157,80,77
2015-05-22T20:00:00.000,90,30,60
2015-05-22T21:00:00.000,57,20,37
2015-05-22T22:00:00.000,47,18,29
2015-05-22T23:00:00.000,21,6,15
2015-05-23T00:00:00.000,15,6,9
2015-05-23T01:00:00.000,9,0,9
2015-05-23T02:00:00.000,3,3,0
2015-05-23T03:00:00.000,4,2,2
2015-05-23T04:00:00.000,3,2,1
2015-05-23T05:00:00.000,10,5,5
2015-05-23T06:00:00.000,20,9,11
2015-05-23T07:00:00.000,33,13,20
2015-05-23T08:00:00.000,69,35,34
2015-05-23T09:00:00.000,62,39,23
2015-05-23T10:00:00.000,107,63,44
2015-05-23T11:00:00.000,121,72,49
2015-05-23T12:00:00.000,139,87,52
2015-05-23T13:00:00.000,122,61,61
2015-05-23T14:00:00.000,147,88,59
2015-05-23T15:00:00.000,101,57,44
2015-05-23T16:00:00.000,122,60,62
2015-05-23T17:00:00.000,142,71,71
2015-05-23T18:00:00.000,100,57,43
2015-05-23T19:00:00.000,62,26,36
2015-05-23T20:00:00.000,57,17,40
2015-05-23T21:00:00.000,60,12,48
2015-05-23T22:00:00.000,47,12,35
2015-05-23T23:00:00.000,25,7,18
2015-05-24T00:00:00.000,13,1,12
2015-05-24T01:00:00.000,7,3,4
2015-05-24T02:00:00.000,9,5,4
2015-05-24T03:00:00.000,3,2,1
2015-05-24T04:00:00.000,3,1,2
2015-05-24T05:00:00.000,3,1,2
2015-05-24T06:00:00.000,17,6,11
2015-05-24T07:00:00.000,17,10,7
2015-05-24T08:00:00.000,64,40,24
2015-05-24T09:00:00.000,79,41,38
2015-05-24T10:00:00.000,123,65,58
2015-05-24T11:00:00.000,137,69,68
2015-05-24T12:00:00.000,145,86,59
2015-05-24T13:00:00.000,132,79,53
2015-05-24T14:00:00.000,184,113,71
2015-05-24T15:00:00.000,164,85,79
2015-05-24T16:00:00.000,168,104,64
2015-05-24T17:00:00.000,149,92,57
2015-05-24T18:00:00.000,126,59,67
2015-05-24T19:00:00.000,77,34,43
2015-05-24T20:00:00.000,53,21,32
2015-05-24T21:00:00.000,38,14,24
2015-05-24T22:00:00.000,47,10,37
2015-05-24T23:00:00.000,18,8,10
2015-05-25T00:00:00.000,10,5,5
2015-05-25T01:00:00.000,6,3,3
2015-05-25T02:00:00.000,1,0,1
2015-05-25T03:00:00.000,1,1,0
2015-05-25T04:00:00.000,2,1,1
2015-05-25T05:00:00.000,17,11,6
2015-05-25T06:00:00.000,28,17,11
2015-05-25T07:00:00.000,30,19,11
2015-05-25T08:00:00.000,69,38,31
2015-05-25T09:00:00.000,94,55,39
2015-05-25T10:00:00.000,112,58,54
2015-05-25T11:00:00.000,156,93,63
2015-05-25T12:00:00.000,142,73,69
2015-05-25T13:00:00.000,142,85,57
2015-05-25T14:00:00.000,169,89,80
2015-05-25T15:00:00.000,156,102,54
2015-05-25T16:00:00.000,166,76,90
2015-05-25T17:00:00.000,140,61,79
2015-05-25T18:00:00.000,93,52,41
2015-05-25T19:00:00.000,63,29,34
2015-05-25T20:00:00.000,52,30,22
2015-05-25T21:00:00.000,43,14,29
2015-05-25T22:00:00.000,29,14,15
2015-05-25T23:00:00.000,16,4,12
2015-05-26T00:00:00.000,5,2,3
2015-05-26T01:00:00.000,5,2,3
2015-05-26T02:00:00.000,2,0,2
2015-05-26T03:00:00.000,7,5,2
2015-05-26T04:00:00.000,7,4,3
2015-05-26T05:00:00.000,47,22,25
2015-05-26T06:00:00.000,189,131,58
2015-05-26T07:00:00.000,465,343,122
2015-05-26T08:00:00.000,574,397,177
2015-05-26T09:00:00.000,270,156,114
2015-05-26T10:00:00.000,101,59,42
2015-05-26T11:00:00.000,76,48,28
2015-05-26T12:00:00.000,79,47,32
2015-05-26T13:00:00.000,87,45,42
2015-05-26T14:00:00.000,132,74,58
2015-05-26T15:00:00.000,176,79,97
2015-05-26T16:00:00.000,337,136,201
2015-05-26T17:00:00.000,715,199,516
2015-05-26T18:00:00.000,479,158,321
2015-05-26T19:00:00.000,223,79,144
2015-05-26T20:00:00.000,127,42,85
2015-05-26T21:00:00.000,83,33,50
2015-05-26T22:00:00.000,41,21,20
2015-05-26T23:00:00.000,27,8,19
2015-05-27T00:00:00.000,8,3,5
2015-05-27T01:00:00.000,7,3,4
2015-05-27T02:00:00.000,2,2,0
2015-05-27T03:00:00.000,5,5,0
2015-05-27T04:00:00.000,10,7,3
2015-05-27T05:00:00.000,48,28,20
2015-05-27T06:00:00.000,224,155,69
2015-05-27T07:00:00.000,509,380,129
2015-05-27T08:00:00.000,623,429,194
2015-05-27T09:00:00.000,283,182,101
2015-05-27T10:00:00.000,116,71,45
2015-05-27T11:00:00.000,85,44,41
2015-05-27T12:00:00.000,109,52,57
2015-05-27T13:00:00.000,130,85,45
2015-05-27T14:00:00.000,118,63,55
2015-05-27T15:00:00.000,164,63,101
2015-05-27T16:00:00.000,425,156,269
2015-05-27T17:00:00.000,762,235,527
2015-05-27T18:00:00.000,503,195,308
2015-05-27T19:00:00.000,264,110,154
2015-05-27T20:00:00.000,141,67,74
2015-05-27T21:00:00.000,132,48,84
2015-05-27T22:00:00.000,57,20,37
2015-05-27T23:00:00.000,46,22,24
2015-05-28T00:00:00.000,16,5,11
2015-05-28T01:00:00.000,7,4,3
2015-05-28T02:00:00.000,4,1,3
2015-05-28T03:00:00.000,4,3,1
2015-05-28T04:00:00.000,11,7,4
2015-05-28T05:00:00.000,62,33,29
2015-05-28T06:00:00.000,231,162,69
2015-05-28T07:00:00.000,559,409,150
2015-05-28T08:00:00.000,634,423,211
2015-05-28T09:00:00.000,289,182,107
2015-05-28T10:00:00.000,132,78,54
2015-05-28T11:00:00.000,98,48,50
2015-05-28T12:00:00.000,125,64,61
2015-05-28T13:00:00.000,123,60,63
2015-05-28T14:00:00.000,154,76,78
2015-05-28T15:00:00.000,202,94,108
2015-05-28T16:00:00.000,438,165,273
2015-05-28T17:00:00.000,776,226,550
2015-05-28T18:00:00.000,583,221,362
2015-05-28T19:00:00.000,302,135,167
2015-05-28T20:00:00.000,191,98,93
2015-05-28T21:00:00.000,96,50,46
2015-05-28T22:00:00.000,65,28,37
2015-05-28T23:00:00.000,40,10,30
2015-05-29T00:00:00.000,18,6,12
2015-05-29T01:00:00.000,5,0,5
2015-05-29T02:00:00.000,6,4,2
2015-05-29T03:00:00.000,5,2,3
2015-05-29T04:00:00.000,14,10,4
2015-05-29T05:00:00.000,46,24,22
2015-05-29T06:00:00.000,180,136,44
2015-05-29T07:00:00.000,482,348,134
2015-05-29T08:00:00.000,584,395,189
2015-05-29T09:00:00.000,252,161,91
2015-05-29T10:00:00.000,133,71,62
2015-05-29T11:00:00.000,124,65,59
2015-05-29T12:00:00.000,102,48,54
2015-05-29T13:00:00.000,111,56,55
2015-05-29T14:00:00.000,150,68,82
2015-05-29T15:00:00.000,207,89,118
2015-05-29T16:00:00.000,434,147,287
2015-05-29T17:00:00.000,751,234,517
2015-05-29T18:00:00.000,414,165,249
2015-05-29T19:00:00.000,236,94,142
2015-05-29T20:00:00.000,110,54,56
2015-05-29T21:00:00.000,87,50,37
2015-05-29T22:00:00.000,52,29,23
2015-05-29T23:00:00.000,45,17,28
2015-05-30T00:00:00.000,26,8,18
2015-05-30T01:00:00.000,18,10,8
2015-05-30T02:00:00.000,11,5,6
2015-05-30T03:00:00.000,7,2,5
2015-05-30T04:00:00.000,9,6,3
2015-05-30T05:00:00.000,16,9,7
2015-05-30T06:00:00.000,30,15,15
2015-05-30T07:00:00.000,50,23,27
2015-05-30T08:00:00.000,78,50,28
2015-05-30T09:00:00.000,131,86,45
2015-05-30T10:00:00.000,137,62,75
2015-05-30T11:00:00.000,150,80,70
2015-05-30T12:00:00.000,161,95,66
2015-05-30T13:00:00.000,208,102,106
2015-05-30T14:00:00.000,200,100,100
2015-05-30T15:00:00.000,208,117,91
2015-05-30T16:00:00.000,181,108,73
2015-05-30T17:00:00.000,169,91,78
2015-05-30T18:00:00.000,188,111,77
2015-05-30T19:00:00.000,115,66,49
2015-05-30T20:00:00.000,70,31,39
2015-05-30T21:00:00.000,59,22,37
2015-05-30T22:00:00.000,37,14,23
2015-05-30T23:00:00.000,49,25,24
2015-05-31T00:00:00.000,29,12,17
2015-05-31T01:00:00.000,20,11,9
2015-05-31T02:00:00.000,6,4,2
2015-05-31T03:00:00.000,5,0,5
2015-05-31T04:00:00.000,4,1,3
2015-05-31T05:00:00.000,10,7,3
2015-05-31T06:00:00.000,32,16,16
2015-05-31T07:00:00.000,47,27,20
2015-05-31T08:00:00.000,70,36,34
2015-05-31T09:00:00.000,138,64,74
2015-05-31T10:00:00.000,165,87,78
2015-05-31T11:00:00.000,201,120,81
2015-05-31T12:00:00.000,213,114,99
2015-05-31T13:00:00.000,174,102,72
2015-05-31T14:00:00.000,199,117,82
2015-05-31T15:00:00.000,171,90,81
2015-05-31T16:00:00.000,211,94,117
2015-05-31T17:00:00.000,160,94,66
2015-05-31T18:00:00.000,114,53,61
2015-05-31T19:00:00.000,107,68,39
2015-05-31T20:00:00.000,94,28,66
2015-05-31T21:00:00.000,36,18,18
2015-05-31T22:00:00.000,23,7,16
2015-05-31T23:00:00.000,22,10,12
2015-06-01T00:00:00.000,14,7,7
2015-06-01T01:00:00.000,6,2,4
2015-06-01T02:00:00.000,3,3,0
2015-06-01T03:00:00.000,4,2,2
2015-06-01T04:00:00.000,11,7,4
2015-06-01T05:00:00.000,47,32,15
2015-06-01T06:00:00.000,154,106,48
2015-06-01T07:00:00.000,376,271,105
2015-06-01T08:00:00.000,450,318,132
2015-06-01T09:00:00.000,166,106,60
2015-06-01T10:00:00.000,44,29,15
2015-06-01T11:00:00.000,32,20,12
2015-06-01T12:00:00.000,34,16,18
2015-06-01T13:00:00.000,38,23,15
2015-06-01T14:00:00.000,72,26,46
2015-06-01T15:00:00.000,113,41,72
2015-06-01T16:00:00.000,232,83,149
2015-06-01T17:00:00.000,526,139,387
2015-06-01T18:00:00.000,345,155,190
2015-06-01T19:00:00.000,135,52,83
2015-06-01T20:00:00.000,90,34,56
2015-06-01T21:00:00.000,43,21,22
2015-06-01T22:00:00.000,38,11,27
2015-06-01T23:00:00.000,16,11,5
2015-06-02T00:00:00.000,10,3,7
2015-06-02T01:00:00.000,2,1,1
2015-06-02T02:00:00.000,3,2,1
2015-06-02T03:00:00.000,6,2,4
2015-06-02T04:00:00.000,8,7,1
2015-06-02T05:00:00.000,52,26,26
2015-06-02T06:00:00.000,120,83,37
2015-06-02T07:00:00.000,325,234,91
2015-06-02T08:00:00.000,480,313,167
2015-06-02T09:00:00.000,212,133,79
2015-06-02T10:00:00.000,79,50,29
2015-06-02T11:00:00.000,59,26,33
2015-06-02T12:00:00.000,62,35,27
2015-06-02T13:00:00.000,57,26,31
2015-06-02T14:00:00.000,81,34,47
2015-06-02T15:00:00.000,112,47,65
2015-06-02T16:00:00.000,237,103,134
2015-06-02T17:00:00.000,475,127,348
2015-06-02T18:00:00.000,358,113,245
2015-06-02T19:00:00.000,156,45,111
2015-06-02T20:00:00.000,67,34,33
2015-06-02T21:00:00.000,58,24,34
2015-06-02T22:00:00.000,38,13,25
2015-06-02T23:00:00.000,21,6,15
2015-06-03T00:00:00.000,14,4,10
2015-06-03T01:00:00.000,4,3,1
2015-06-03T02:00:00.000,4,2,2
2015-06-03T03:00:00.000,4,2,2
2015-06-03T04:00:00.000,4,3,1
2015-06-03T05:00:00.000,54,35,19
2015-06-03T06:00:00.000,150,98,52
2015-06-03T07:00:00.000,360,262,98
2015-06-03T08:00:00.000,460,322,138
2015-06-03T09:00:00.000,195,111,84
2015-06-03T10:00:00.000,83,49,34
2015-06-03T11:00:00.000,71,41,30
2015-06-03T12:00:00.000,80,45,35
2015-06-03T13:00:00.000,53,27,26
2015-06-03T14:00:00.000,82,45,37
2015-06-03T15:00:00.000,140,55,85
2015-06-03T16:00:00.000,313,134,179
2015-06-03T17:00:00.000,614,181,433
2015-06-03T18:00:00.000,422,170,252
2015-06-03T19:00:00.000,243,103,140
2015-06-03T20:00:00.000,126,60,66
2015-06-03T21:00:00.000,88,36,52
2015-06-03T22:00:00.000,58,28,30
2015-06-03T23:00:00.000,36,11,25
2015-06-04T00:00:00.000,19,12,7
2015-06-04T01:00:00.000,6,3,3
2015-06-04T02:00:00.000,6,4,2
2015-06-04T03:00:00.000,5,4,1
2015-06-04T04:00:00.000,7,4,3
2015-06-04T05:00:00.000,56,30,26
2015-06-04T06:00:00.000,184,141,43
2015-06-04T07:00:00.000,471,340,131
2015-06-04T08:00:00.000,598,405,193
2015-06-04T09:00:00.000,287,179,108
2015-06-04T10:00:00.000,121,67,54
2015-06-04T11:00:00.000,97,56,41
2015-06-04T12:00:00.000,107,63,44
2015-06-04T13:00:00.000,105,52,53
2015-06-04T14:00:00.000,119,60,59
2015-06-04T15:00:00.000,194,76,118
2015-06-04T16:00:00.000,360,128,232
2015-06-04T17:00:00.000,718,246,472
2015-06-04T18:00:00.000,527,174,353
2015-06-04T19:00:00.000,258,104,154
2015-06-04T20:00:00.000,186,77,109
2015-06-04T21:00:00.000,112,52,60
2015-06-04T22:00:00.000,70,38,32
2015-06-04T23:00:00.000,24,9,15
2015-06-05T00:00:00.000,20,8,12
2015-06-05T01:00:00.000,17,9,8
2015-06-05T02:00:00.000,5,2,3
2015-06-05T03:00:00.000,9,6,3
2015-06-05T04:00:00.000,8,6,2
2015-06-05T05:00:00.000,50,32,18
2015-06-05T06:00:00.000,159,106,53
2015-06-05T07:00:00.000,432,298,134
2015-06-05T08:00:00.000,554,385,169
2015-06-05T09:00:00.000,276,169,107
2015-06-05T10:00:00.000,138,67,71
2015-06-05T11:00:00.000,120,56,64
2015-06-05T12:00:00.000,121,55,66
2015-06-05T13:00:00.000,143,78,65
2015-06-05T14:00:00.000,136,78,58
2015-06-05T15:00:00.000,250,99,151
2015-06-05T16:00:00.000,429,159,270
2015-06-05T17:00:00.000,665,191,474
2015-06-05T18:00:00.000,337,118,219
2015-06-05T19:00:00.000,192,76,116
2015-06-05T20:00:00.000,112,48,64
2015-06-05T21:00:00.000,71,31,40
2015-06-05T22:00:00.000,47,19,28
2015-06-05T23:00:00.000,42,19,23
2015-06-06T00:00:00.000,15,7,8
2015-06-06T01:00:00.000,9,2,7
2015-06-06T02:00:00.000,8,3,5
2015-06-06T03:00:00.000,8,5,3
2015-06-06T04:00:00.000,5,4,1
2015-06-06T05:00:00.000,12,6,6
2015-06-06T06:00:00.000,37,12,25
2015-06-06T07:00:00.000,71,36,35
2015-06-06T08:00:00.000,119,64,55
2015-06-06T09:00:00.000,161,91,70
2015-06-06T10:00:00.000,176,94,82
2015-06-06T11:00:00.000,209,95,114
2015-06-06T12:00:00.000,187,80,107
2015-06-06T13:00:00.000,228,115,113
2015-06-06T14:00:00.000,226,117,109
2015-06-06T15:00:00.000,205,117,88
2015-06-06T16:00:00.000,169,89,80
2015-06-06T17:00:00.000,145,74,71
2015-06-06T18:00:00.000,156,77,79
2015-06-06T19:00:00.000,95,44,51
2015-06-06T20:00:00.000,86,46,40
2015-06-06T21:00:00.000,58,32,26
2015-06-06T22:00:00.000,47,30,17
2015-06-06T23:00:00.000,43,28,15
2015-06-07T00:00:00.000,33,15,18
2015-06-07T01:00:00.000,17,9,8
2015-06-07T02:00:00.000,10,6,4
2015-06-07T03:00:00.000,8,6,2
2015-06-07T04:00:00.000,6,2,4
2015-06-07T05:00:00.000,7,5,2
2015-06-07T06:00:00.000,24,12,12
2015-06-07T07:00:00.000,63,33,30
2015-06-07T08:00:00.000,113,61,52
2015-06-07T09:00:00.000,174,95,79
2015-06-07T10:00:00.000,153,74,79
2015-06-07T11:00:00.000,223,123,100
2015-06-07T12:00:00.000,238,145,93
2015-06-07T13:00:00.000,185,85,100
2015-06-07T14:00:00.000,249,135,114
2015-06-07T15:00:00.000,200,110,90
2015-06-07T16:00:00.000,195,112,83
2015-06-07T17:00:00.000,175,97,78
2015-06-07T18:00:00.000,135,68,67
2015-06-07T19:00:00.000,80,42,38
2015-06-07T20:00:00.000,102,53,49
2015-06-07T21:00:00.000,41,20,21
2015-06-07T22:00:00.000,36,20,16
2015-06-07T23:00:00.000,20,9,11
2015-06-08T00:00:00.000,13,3,10
2015-06-08T01:00:00.000,3,1,2
2015-06-08T02:00:00.000,4,1,3
2015-06-08T03:00:00.000,3,3,0
2015-06-08T04:00:00.000,10,7,3
2015-06-08T05:00:00.000,55,31,24
2015-06-08T06:00:00.000,181,127,54
2015-06-08T07:00:00.000,457,332,125
2015-06-08T08:00:00.000,601,406,195
2015-06-08T09:00:00.000,303,188,115
2015-06-08T10:00:00.000,110,57,53
2015-06-08T11:00:00.000,107,65,42
2015-06-08T12:00:00.000,93,46,47
2015-06-08T13:00:00.000,104,55,49
2015-06-08T14:00:00.000,116,50,66
2015-06-08T15:00:00.000,172,70,102
2015-06-08T16:00:00.000,357,138,219
2015-06-08T17:00:00.000,712,188,524
2015-06-08T18:00:00.000,484,175,309
2015-06-08T19:00:00.000,255,101,154
2015-06-08T20:00:00.000,145,54,91
2015-06-08T21:00:00.000,107,58,49
2015-06-08T22:00:00.000,57,28,29
2015-06-08T23:00:00.000,26,11,15
2015-06-09T00:00:00.000,6,1,5
2015-06-09T01:00:00.000,14,5,9
2015-06-09T02:00:00.000,5,1,4
2015-06-09T03:00:00.000,5,5,0
2015-06-09T04:00:00.000,15,7,8
2015-06-09T05:00:00.000,60,35,25
2015-06-09T06:00:00.000,202,144,58
2015-06-09T07:00:00.000,515,385,130
2015-06-09T08:00:00.000,674,449,225
2015-06-09T09:00:00.000,287,171,116
2015-06-09T10:00:00.000,111,64,47
2015-06-09T11:00:00.000,100,54,46
2015-06-09T12:00:00.000,116,65,51
2015-06-09T13:00:00.000,109,57,52
2015-06-09T14:00:00.000,118,55,63
2015-06-09T15:00:00.000,207,97,110
2015-06-09T16:00:00.000,417,142,275
2015-06-09T17:00:00.000,786,251,535
2015-06-09T18:00:00.000,549,172,377
2015-06-09T19:00:00.000,279,119,160
2015-06-09T20:00:00.000,191,85,106
2015-06-09T21:00:00.000,98,44,54
2015-06-09T22:00:00.000,45,22,23
2015-06-09T23:00:00.000,26,9,17
2015-06-10T00:00:00.000,17,7,10
2015-06-10T01:00:00.000,5,2,3
2015-06-10T02:00:00.000,10,6,4
2015-06-10T03:00:00.000,3,1,2
2015-06-10T04:00:00.000,13,5,8
2015-06-10T05:00:00.000,66,42,24
2015-06-10T06:00:00.000,196,138,58
2015-06-10T07:00:00.000,517,367,150
2015-06-10T08:00:00.000,644,439,205
2015-06-10T09:00:00.000,284,164,120
2015-06-10T10:00:00.000,146,81,65
2015-06-10T11:00:00.000,110,49,61
2015-06-10T12:00:00.000,112,54,58
2015-06-10T13:00:00.000,115,72,43
2015-06-10T14:00:00.000,117,63,54
2015-06-10T15:00:00.000,162,70,92
2015-06-10T16:00:00.000,392,149,243
2015-06-10T17:00:00.000,793,232,561
2015-06-10T18:00:00.000,542,210,332
2015-06-10T19:00:00.000,310,137,173
2015-06-10T20:00:00.000,174,82,92
2015-06-10T21:00:00.000,136,59,77
2015-06-10T22:00:00.000,63,33,30
2015-06-10T23:00:00.000,50,15,35
2015-06-11T00:00:00.000,21,4,17
2015-06-11T01:00:00.000,9,2,7
2015-06-11T02:00:00.000,5,4,1
2015-06-11T03:00:00.000,8,5,3
2015-06-11T04:00:00.000,8,4,4
2015-06-11T05:00:00.000,62,41,21
2015-06-11T06:00:00.000,195,132,63
2015-06-11T07:00:00.000,475,330,145
2015-06-11T08:00:00.000,583,389,194
2015-06-11T09:00:00.000,315,196,119
2015-06-11T10:00:00.000,144,90,54
2015-06-11T11:00:00.000,102,56,46
2015-06-11T12:00:00.000,110,51,59
2015-06-11T13:00:00.000,115,58,57
2015-06-11T14:00:00.000,116,62,54
2015-06-11T15:00:00.000,208,90,118
2015-06-11T16:00:00.000,352,115,237
2015-06-11T17:00:00.000,664,184,480
2015-06-11T18:00:00.000,554,211,343
2015-06-11T19:00:00.000,280,115,165
2015-06-11T20:00:00.000,179,81,98
2015-06-11T21:00:00.000,119,58,61
2015-06-11T22:00:00.000,66,33,33
2015-06-11T23:00:00.000,29,7,22
2015-06-12T00:00:00.000,22,11,11
2015-06-12T01:00:00.000,6,1,5
2015-06-12T02:00:00.000,4,2,2
2015-06-12T03:00:00.000,7,2,5
2015-06-12T04:00:00.000,6,2,4
2015-06-12T05:00:00.000,44,25,19
2015-06-12T06:00:00.000,137,96,41
2015-06-12T07:00:00.000,359,262,97
2015-06-12T08:00:00.000,455,326,129
2015-06-12T09:00:00.000,267,169,98
2015-06-12T10:00:00.000,143,73,70
2015-06-12T11:00:00.000,73,42,31
2015-06-12T12:00:00.000,97,49,48
2015-06-12T13:00:00.000,114,56,58
2015-06-12T14:00:00.000,126,64,62
2015-06-12T15:00:00.000,172,75,97
2015-06-12T16:00:00.000,357,139,218
2015-06-12T17:00:00.000,565,177,388
2015-06-12T18:00:00.000,306,121,185
2015-06-12T19:00:00.000,215,96,119
2015-06-12T20:00:00.000,112,49,63
2015-06-12T21:00:00.000,75,38,37
2015-06-12T22:00:00.000,56,25,31
2015-06-12T23:00:00.000,51,21,30
2015-06-13T00:00:00.000,27,13,14
2015-06-13T01:00:00.000,11,6,5
2015-06-13T02:00:00.000,5,4,1
2015-06-13T03:00:00.000,8,2,6
2015-06-13T04:00:00.000,3,2,1
2015-06-13T05:00:00.000,16,8,8
2015-06-13T06:00:00.000,62,29,33
2015-06-13T07:00:00.000,75,45,30
2015-06-13T08:00:00.000,135,80,55
2015-06-13T09:00:00.000,169,96,73
2015-06-13T10:00:00.000,182,99,83
2015-06-13T11:00:00.000,199,99,100
2015-06-13T12:00:00.000,185,89,96
2015-06-13T13:00:00.000,208,115,93
2015-06-13T14:00:00.000,227,119,108
2015-06-13T15:00:00.000,205,112,93
2015-06-13T16:00:00.000,226,109,117
2015-06-13T17:00:00.000,219,134,85
2015-06-13T18:00:00.000,150,86,64
2015-06-13T19:00:00.000,115,49,66
2015-06-13T20:00:00.000,89,46,43
2015-06-13T21:00:00.000,82,35,47
2015-06-13T22:00:00.000,53,27,26
2015-06-13T23:00:00.000,37,20,17
2015-06-14T00:00:00.000,32,14,18
2015-06-14T01:00:00.000,19,12,7
2015-06-14T02:00:00.000,15,10,5
2015-06-14T03:00:00.000,3,0,3
2015-06-14T04:00:00.000,3,1,2
2015-06-14T05:00:00.000,14,8,6
2015-06-14T06:00:00.000,24,9,15
2015-06-14T07:00:00.000,50,30,20
2015-06-14T08:00:00.000,127,94,33
2015-06-14T09:00:00.000,150,84,66
2015-06-14T10:00:00.000,195,118,77
2015-06-14T11:00:00.000,196,122,74
2015-06-14T12:00:00.000,206,113,93
2015-06-14T13:00:00.000,223,119,104
2015-06-14T14:00:00.000,233,129,104
2015-06-14T15:00:00.000,229,125,104
2015-06-14T16:00:00.000,227,123,104
2015-06-14T17:00:00.000,195,105,90
2015-06-14T18:00:00.000,111,57,54
2015-06-14T19:00:00.000,90,44,46
2015-06-14T20:00:00.000,71,32,39
2015-06-14T21:00:00.000,80,55,25
2015-06-14T22:00:00.000,44,18,26
2015-06-14T23:00:00.000,19,8,11
2015-06-15T00:00:00.000,11,3,8
2015-06-15T01:00:00.000,5,2,3
2015-06-15T02:00:00.000,5,0,5
2015-06-15T03:00:00.000,8,6,2
2015-06-15T04:00:00.000,6,5,1
2015-06-15T05:00:00.000,43,26,17
2015-06-15T06:00:00.000,181,126,55
2015-06-15T07:00:00.000,463,335,128
2015-06-15T08:00:00.000,628,434,194
2015-06-15T09:00:00.000,252,149,103
2015-06-15T10:00:00.000,133,77,56
2015-06-15T11:00:00.000,94,57,37
2015-06-15T12:00:00.000,110,61,49
2015-06-15T13:00:00.000,130,65,65
2015-06-15T14:00:00.000,131,59,72
2015-06-15T15:00:00.000,160,69,91
2015-06-15T16:00:00.000,391,153,238
2015-06-15T17:00:00.000,783,231,552
2015-06-15T18:00:00.000,481,161,320
2015-06-15T19:00:00.000,247,113,134
2015-06-15T20:00:00.000,154,58,96
2015-06-15T21:00:00.000,97,45,52
2015-06-15T22:00:00.000,45,18,27
2015-06-15T23:00:00.000,23,13,10
2015-06-16T00:00:00.000,17,6,11
2015-06-16T01:00:00.000,3,2,1
2015-06-16T02:00:00.000,6,1,5
2015-06-16T03:00:00.000,6,3,3
2015-06-16T04:00:00.000,5,3,2
2015-06-16T05:00:00.000,57,35,22
2015-06-16T06:00:00.000,197,133,64
2015-06-16T07:00:00.000,515,380,135
2015-06-16T08:00:00.000,586,392,194
2015-06-16T09:00:00.000,270,149,121
2015-06-16T10:00:00.000,106,58,48
2015-06-16T11:00:00.000,104,64,40
2015-06-16T12:00:00.000,93,40,53
2015-06-16T13:00:00.000,100,46,54
2015-06-16T14:00:00.000,107,48,59
2015-06-16T15:00:00.000,189,76,113
2015-06-16T16:00:00.000,382,124,258
2015-06-16T17:00:00.000,741,215,526
2015-06-16T18:00:00.000,501,165,336
2015-06-16T19:00:00.000,256,111,145
2015-06-16T20:00:00.000,156,59,97
2015-06-16T21:00:00.000,82,34,48
2015-06-16T22:00:00.000,45,15,30
2015-06-16T23:00:00.000,27,11,16
2015-06-17T00:00:00.000,13,7,6
2015-06-17T01:00:00.000,9,4,5
2015-06-17T02:00:00.000,4,2,2
2015-06-17T03:00:00.000,6,3,3
2015-06-17T04:00:00.000,6,4,2
2015-06-17T05:00:00.000,54,29,25
2015-06-17T06:00:00.000,193,126,67
2015-06-17T07:00:00.000,485,341,144
2015-06-17T08:00:00.000,597,399,198
2015-06-17T09:00:00.000,265,168,97
2015-06-17T10:00:00.000,137,74,63
2015-06-17T11:00:00.000,88,47,41
2015-06-17T12:00:00.000,119,74,45
2015-06-17T13:00:00.000,113,57,56
2015-06-17T14:00:00.000,112,56,56
2015-06-17T15:00:00.000,179,79,100
2015-06-17T16:00:00.000,368,139,229
2015-06-17T17:00:00.000,739,210,529
2015-06-17T18:00:00.000,567,189,378
2015-06-17T19:00:00.000,254,98,156
2015-06-17T20:00:00.000,197,89,108
2015-06-17T21:00:00.000,89,44,45
2015-06-17T22:00:00.000,75,35,40
2015-06-17T23:00:00.000,42,21,21
2015-06-18T00:00:00.000,21,9,12
2015-06-18T01:00:00.000,2,0,2
2015-06-18T02:00:00.000,6,2,4
2015-06-18T03:00:00.000,10,4,6
2015-06-18T04:00:00.000,14,6,8
2015-06-18T05:00:00.000,57,36,21
2015-06-18T06:00:00.000,177,122,55
2015-06-18T07:00:00.000,469,341,128
2015-06-18T08:00:00.000,548,354,194
2015-06-18T09:00:00.000,290,188,102
2015-06-18T10:00:00.000,118,61,57
2015-06-18T11:00:00.000,100,51,49
2015-06-18T12:00:00.000,92,48,44
2015-06-18T13:00:00.000,109,55,54
2015-06-18T14:00:00.000,110,59,51
2015-06-18T15:00:00.000,166,70,96
2015-06-18T16:00:00.000,342,127,215
2015-06-18T17:00:00.000,699,226,473
2015-06-18T18:00:00.000,477,173,304
2015-06-18T19:00:00.000,224,89,135
2015-06-18T20:00:00.000,105,61,44
2015-06-18T21:00:00.000,81,40,41
2015-06-18T22:00:00.000,43,17,26
2015-06-18T23:00:00.000,24,9,15
2015-06-19T00:00:00.000,26,8,18
2015-06-19T01:00:00.000,9,7,2
2015-06-19T02:00:00.000,3,2,1
2015-06-19T03:00:00.000,2,1,1
2015-06-19T04:00:00.000,10,6,4
2015-06-19T05:00:00.000,32,19,13
2015-06-19T06:00:00.000,121,85,36
2015-06-19T07:00:00.000,303,221,82
2015-06-19T08:00:00.000,391,277,114
2015-06-19T09:00:00.000,225,127,98
2015-06-19T10:00:00.000,125,66,59
2015-06-19T11:00:00.000,70,37,33
2015-06-19T12:00:00.000,104,55,49
2015-06-19T13:00:00.000,100,55,45
2015-06-19T14:00:00.000,142,62,80
2015-06-19T15:00:00.000,171,83,88
2015-06-19T16:00:00.000,332,119,213
2015-06-19T17:00:00.000,478,136,342
2015-06-19T18:00:00.000,320,104,216
2015-06-19T19:00:00.000,164,65,99
2015-06-19T20:00:00.000,116,50,66
2015-06-19T21:00:00.000,69,38,31
2015-06-19T22:00:00.000,56,32,24
2015-06-19T23:00:00.000,48,28,20
2015-06-20T00:00:00.000,34,17,17
2015-06-20T01:00:00.000,12,4,8
2015-06-20T02:00:00.000,5,3,2
2015-06-20T03:00:00.000,11,4,7
2015-06-20T04:00:00.000,6,3,3
2015-06-20T05:00:00.000,12,6,6
2015-06-20T06:00:00.000,42,21,21
2015-06-20T07:00:00.000,80,51,29
2015-06-20T08:00:00.000,118,57,61
2015-06-20T09:00:00.000,128,74,54
2015-06-20T10:00:00.000,191,95,96
2015-06-20T11:00:00.000,224,96,128
2015-06-20T12:00:00.000,260,117,143
2015-06-20T13:00:00.000,241,92,149
2015-06-20T14:00:00.000,49,28,21
2015-06-20T15:00:00.000,41,21,20
2015-06-20T16:00:00.000,48,20,28
2015-06-20T17:00:00.000,126,53,73
2015-06-20T18:00:00.000,162,80,82
2015-06-20T19:00:00.000,152,88,64
2015-06-20T20:00:00.000,135,80,55
2015-06-20T21:00:00.000,103,67,36
2015-06-20T22:00:00.000,70,43,27
2015-06-20T23:00:00.000,73,45,28
2015-06-21T00:00:00.000,38,25,13
2015-06-21T01:00:00.000,21,13,8
2015-06-21T02:00:00.000,9,6,3
2015-06-21T03:00:00.000,8,8,0
2015-06-21T04:00:00.000,6,4,2
2015-06-21T05:00:00.000,5,2,3
2015-06-21T06:00:00.000,26,15,11
2015-06-21T07:00:00.000,40,24,16
2015-06-21T08:00:00.000,100,57,43
2015-06-21T09:00:00.000,100,50,50
2015-06-21T10:00:00.000,115,56,59
2015-06-21T11:00:00.000,158,101,57
2015-06-21T12:00:00.000,164,86,78
2015-06-21T13:00:00.000,181,91,90
2015-06-21T14:00:00.000,220,109,111
2015-06-21T15:00:00.000,183,85,98
2015-06-21T16:00:00.000,193,100,93
2015-06-21T17:00:00.000,132,64,68
2015-06-21T18:00:00.000,159,91,68
2015-06-21T19:00:00.000,113,67,46
2015-06-21T20:00:00.000,87,47,40
2015-06-21T21:00:00.000,46,27,19
2015-06-21T22:00:00.000,46,30,16
2015-06-21T23:00:00.000,20,11,9
2015-06-22T00:00:00.000,12,4,8
2015-06-22T01:00:00.000,8,2,6
2015-06-22T02:00:00.000,4,2,2
2015-06-22T03:00:00.000,4,3,1
2015-06-22T04:00:00.000,7,5,2
2015-06-22T05:00:00.000,48,29,19
2015-06-22T06:00:00.000,160,107,53
2015-06-22T07:00:00.000,418,312,106
2015-06-22T08:00:00.000,593,392,201
2015-06-22T09:00:00.000,300,177,123
2015-06-22T10:00:00.000,140,91,49
2015-06-22T11:00:00.000,99,63,36
2015-06-22T12:00:00.000,106,53,53
2015-06-22T13:00:00.000,107,62,45
2015-06-22T14:00:00.000,118,54,64
2015-06-22T15:00:00.000,168,79,89
2015-06-22T16:00:00.000,386,142,244
2015-06-22T17:00:00.000,724,205,519
2015-06-22T18:00:00.000,486,202,284
2015-06-22T19:00:00.000,245,103,142
2015-06-22T20:00:00.000,150,62,88
2015-06-22T21:00:00.000,97,53,44
2015-06-22T22:00:00.000,47,18,29
2015-06-22T23:00:00.000,29,14,15
2015-06-23T00:00:00.000,15,7,8
2015-06-23T01:00:00.000,10,7,3
2015-06-23T02:00:00.000,4,1,3
2015-06-23T03:00:00.000,7,2,5
2015-06-23T04:00:00.000,15,6,9
2015-06-23T05:00:00.000,60,40,20
2015-06-23T06:00:00.000,205,139,66
2015-06-23T07:00:00.000,516,383,133
2015-06-23T08:00:00.000,620,401,219
2015-06-23T09:00:00.000,301,192,109
2015-06-23T10:00:00.000,144,78,66
2015-06-23T11:00:00.000,108,61,47
2015-06-23T12:00:00.000,116,59,57
2015-06-23T13:00:00.000,120,69,51
2015-06-23T14:00:00.000,122,62,60
2015-06-23T15:00:00.000,203,91,112
2015-06-23T16:00:00.000,407,161,246
2015-06-23T17:00:00.000,793,244,549
2015-06-23T18:00:00.000,551,211,340
2015-06-23T19:00:00.000,278,119,159
2015-06-23T20:00:00.000,203,80,123
2015-06-23T21:00:00.000,105,43,62
2015-06-23T22:00:00.000,65,29,36
2015-06-23T23:00:00.000,30,16,14
2015-06-24T00:00:00.000,22,10,12
2015-06-24T01:00:00.000,10,6,4
2015-06-24T02:00:00.000,3,2,1
2015-06-24T03:00:00.000,2,1,1
2015-06-24T04:00:00.000,12,6,6
2015-06-24T05:00:00.000,56,33,23
2015-06-24T06:00:00.000,194,143,51
2015-06-24T07:00:00.000,496,345,151
2015-06-24T08:00:00.000,646,445,201
2015-06-24T09:00:00.000,313,193,120
2015-06-24T10:00:00.000,130,78,52
2015-06-24T11:00:00.000,92,46,46
2015-06-24T12:00:00.000,110,72,38
2015-06-24T13:00:00.000,105,59,46
2015-06-24T14:00:00.000,109,52,57
2015-06-24T15:00:00.000,143,67,76
2015-06-24T16:00:00.000,373,119,254
2015-06-24T17:00:00.000,755,241,514
2015-06-24T18:00:00.000,535,182,353
2015-06-24T19:00:00.000,260,112,148
2015-06-24T20:00:00.000,150,84,66
2015-06-24T21:00:00.000,110,53,57
2015-06-24T22:00:00.000,72,29,43
2015-06-24T23:00:00.000,27,15,12
2015-06-25T00:00:00.000,18,6,12
2015-06-25T01:00:00.000,9,3,6
2015-06-25T02:00:00.000,1,1,0
2015-06-25T03:00:00.000,9,4,5
2015-06-25T04:00:00.000,6,4,2
2015-06-25T05:00:00.000,65,43,22
2015-06-25T06:00:00.000,180,121,59
2015-06-25T07:00:00.000,474,354,120
2015-06-25T08:00:00.000,602,408,194
2015-06-25T09:00:00.000,256,148,108
2015-06-25T10:00:00.000,135,77,58
2015-06-25T11:00:00.000,131,84,47
2015-06-25T12:00:00.000,103,47,56
2015-06-25T13:00:00.000,110,63,47
2015-06-25T14:00:00.000,120,53,67
2015-06-25T15:00:00.000,181,89,92
2015-06-25T16:00:00.000,389,147,242
2015-06-25T17:00:00.000,728,212,516
2015-06-25T18:00:00.000,512,175,337
2015-06-25T19:00:00.000,276,109,167
2015-06-25T20:00:00.000,162,74,88
2015-06-25T21:00:00.000,111,54,57
2015-06-25T22:00:00.000,74,44,30
2015-06-25T23:00:00.000,57,26,31
2015-06-26T00:00:00.000,18,8,10
2015-06-26T01:00:00.000,12,6,6
2015-06-26T02:00:00.000,5,2,3
2015-06-26T03:00:00.000,6,3,3
2015-06-26T04:00:00.000,5,3,2
2015-06-26T05:00:00.000,36,19,17
2015-06-26T06:00:00.000,160,113,47
2015-06-26T07:00:00.000,407,303,104
2015-06-26T08:00:00.000,495,327,168
2015-06-26T09:00:00.000,255,154,101
2015-06-26T10:00:00.000,124,74,50
2015-06-26T11:00:00.000,102,58,44
2015-06-26T12:00:00.000,98,52,46
2015-06-26T13:00:00.000,107,57,50
2015-06-26T14:00:00.000,132,62,70
2015-06-26T15:00:00.000,228,97,131
2015-06-26T16:00:00.000,342,121,221
2015-06-26T17:00:00.000,541,149,392
2015-06-26T18:00:00.000,340,116,224
2015-06-26T19:00:00.000,177,83,94
2015-06-26T20:00:00.000,95,39,56
2015-06-26T21:00:00.000,84,45,39
2015-06-26T22:00:00.000,52,17,35
2015-06-26T23:00:00.000,48,21,27
2015-06-27T00:00:00.000,34,17,17
2015-06-27T01:00:00.000,25,13,12
2015-06-27T02:00:00.000,10,5,5
2015-06-27T03:00:00.000,5,3,2
2015-06-27T04:00:00.000,6,0,6
2015-06-27T05:00:00.000,15,7,8
2015-06-27T06:00:00.000,55,23,32
2015-06-27T07:00:00.000,88,47,41
2015-06-27T08:00:00.000,134,92,42
2015-06-27T09:00:00.000,172,98,74
2015-06-27T10:00:00.000,168,78,90
2015-06-27T11:00:00.000,158,86,72
2015-06-27T12:00:00.000,181,92,89
2015-06-27T13:00:00.000,160,94,66
2015-06-27T14:00:00.000,133,73,60
2015-06-27T15:00:00.000,150,73,77
2015-06-27T16:00:00.000,136,64,72
2015-06-27T17:00:00.000,121,52,69
2015-06-27T18:00:00.000,127,61,66
2015-06-27T19:00:00.000,88,45,43
2015-06-27T20:00:00.000,81,45,36
2015-06-27T21:00:00.000,62,46,16
2015-06-27T22:00:00.000,59,27,32
2015-06-27T23:00:00.000,42,22,20
2015-06-28T00:00:00.000,20,9,11
2015-06-28T01:00:00.000,13,7,6
2015-06-28T02:00:00.000,6,3,3
2015-06-28T03:00:00.000,7,3,4
2015-06-28T04:00:00.000,5,2,3
2015-06-28T05:00:00.000,9,6,3
2015-06-28T06:00:00.000,37,18,19
2015-06-28T07:00:00.000,68,34,34
2015-06-28T08:00:00.000,86,45,41
2015-06-28T09:00:00.000,128,63,65
2015-06-28T10:00:00.000,182,125,57
2015-06-28T11:00:00.000,175,110,65
2015-06-28T12:00:00.000,138,85,53
2015-06-28T13:00:00.000,148,83,65
2015-06-28T14:00:00.000,182,72,110
2015-06-28T15:00:00.000,167,76,91
2015-06-28T16:00:00.000,187,80,107
2015-06-28T17:00:00.000,150,70,80
2015-06-28T18:00:00.000,105,52,53
2015-06-28T19:00:00.000,93,62,31
2015-06-28T20:00:00.000,92,41,51
2015-06-28T21:00:00.000,50,23,27
2015-06-28T22:00:00.000,26,16,10
2015-06-28T23:00:00.000,27,5,22
2015-06-29T00:00:00.000,18,9,9
2015-06-29T01:00:00.000,8,2,6
2015-06-29T02:00:00.000,2,1,1
2015-06-29T03:00:00.000,2,1,1
2015-06-29T04:00:00.000,8,7,1
2015-06-29T05:00:00.000,49,34,15
2015-06-29T06:00:00.000,174,121,53
2015-06-29T07:00:00.000,422,297,125
2015-06-29T08:00:00.000,572,386,186
2015-06-29T09:00:00.000,250,157,93
2015-06-29T10:00:00.000,92,64,28
2015-06-29T11:00:00.000,105,58,47
2015-06-29T12:00:00.000,85,55,30
2015-06-29T13:00:00.000,92,47,45
2015-06-29T14:00:00.000,88,50,38
2015-06-29T15:00:00.000,144,68,76
2015-06-29T16:00:00.000,347,130,217
2015-06-29T17:00:00.000,671,192,479
2015-06-29T18:00:00.000,445,164,281
2015-06-29T19:00:00.000,265,130,135
2015-06-29T20:00:00.000,153,72,81
2015-06-29T21:00:00.000,109,64,45
2015-06-29T22:00:00.000,52,24,28
2015-06-29T23:00:00.000,28,15,13
2015-06-30T00:00:00.000,17,8,9
2015-06-30T01:00:00.000,10,6,4
2015-06-30T02:00:00.000,6,1,5
2015-06-30T03:00:00.000,9,3,6
2015-06-30T04:00:00.000,5,4,1
2015-06-30T05:00:00.000,50,36,14
2015-06-30T06:00:00.000,216,147,69
2015-06-30T07:00:00.000,460,334,126
2015-06-30T08:00:00.000,563,390,173
2015-06-30T09:00:00.000,315,200,115
2015-06-30T10:00:00.000,130,75,55
2015-06-30T11:00:00.000,110,55,55
2015-06-30T12:00:00.000,123,65,58
2015-06-30T13:00:00.000,90,50,40
2015-06-30T14:00:00.000,117,64,53
2015-06-30T15:00:00.000,182,73,109
2015-06-30T16:00:00.000,388,151,237
2015-06-30T17:00:00.000,650,181,469
2015-06-30T18:00:00.000,563,184,379
2015-06-30T19:00:00.000,282,114,168
2015-06-30T20:00:00.000,162,67,95
2015-06-30T21:00:00.000,104,42,62
2015-06-30T22:00:00.000,69,31,38
2015-06-30T23:00:00.000,34,18,16
2015-07-01T00:00:00.000,14,7,7
2015-07-01T01:00:00.000,9,5,4
2015-07-01T02:00:00.000,9,2,7
2015-07-01T03:00:00.000,11,4,7
2015-07-01T04:00:00.000,13,9,4
2015-07-01T05:00:00.000,52,33,19
2015-07-01T06:00:00.000,201,132,69
2015-07-01T07:00:00.000,519,371,148
2015-07-01T08:00:00.000,591,390,201
2015-07-01T09:00:00.000,261,160,101
2015-07-01T10:00:00.000,133,83,50
2015-07-01T11:00:00.000,102,60,42
2015-07-01T12:00:00.000,115,56,59
2015-07-01T13:00:00.000,105,57,48
2015-07-01T14:00:00.000,137,76,61
2015-07-01T15:00:00.000,160,75,85
2015-07-01T16:00:00.000,336,121,215
2015-07-01T17:00:00.000,720,212,508
2015-07-01T18:00:00.000,492,163,329
2015-07-01T19:00:00.000,282,114,168
2015-07-01T20:00:00.000,175,76,99
2015-07-01T21:00:00.000,109,48,61
2015-07-01T22:00:00.000,59,35,24
2015-07-01T23:00:00.000,46,23,23
2015-07-02T00:00:00.000,14,5,9
2015-07-02T01:00:00.000,9,5,4
2015-07-02T02:00:00.000,7,2,5
2015-07-02T03:00:00.000,5,2,3
2015-07-02T04:00:00.000,10,7,3
2015-07-02T05:00:00.000,53,27,26
2015-07-02T06:00:00.000,163,111,52
2015-07-02T07:00:00.000,396,273,123
2015-07-02T08:00:00.000,550,380,170
2015-07-02T09:00:00.000,251,152,99
2015-07-02T10:00:00.000,126,75,51
2015-07-02T11:00:00.000,89,50,39
2015-07-02T12:00:00.000,104,59,45
2015-07-02T13:00:00.000,95,47,48
2015-07-02T14:00:00.000,129,53,76
2015-07-02T15:00:00.000,191,75,116
2015-07-02T16:00:00.000,356,135,221
2015-07-02T17:00:00.000,524,159,365
2015-07-02T18:00:00.000,361,129,232
2015-07-02T19:00:00.000,179,71,108
2015-07-02T20:00:00.000,112,49,63
2015-07-02T21:00:00.000,107,55,52
2015-07-02T22:00:00.000,73,34,39
2015-07-02T23:00:00.000,33,15,18
2015-07-03T00:00:00.000,36,12,24
2015-07-03T01:00:00.000,19,10,9
2015-07-03T02:00:00.000,6,2,4
2015-07-03T03:00:00.000,6,3,3
2015-07-03T04:00:00.000,7,4,3
2015-07-03T05:00:00.000,19,11,8
2015-07-03T06:00:00.000,44,23,21
2015-07-03T07:00:00.000,90,55,35
2015-07-03T08:00:00.000,138,74,64
2015-07-03T09:00:00.000,157,89,68
2015-07-03T10:00:00.000,153,87,66
2015-07-03T11:00:00.000,176,104,72
2015-07-03T12:00:00.000,186,100,86
2015-07-03T13:00:00.000,198,113,85
2015-07-03T14:00:00.000,133,59,74
2015-07-03T15:00:00.000,133,77,56
2015-07-03T16:00:00.000,177,87,90
2015-07-03T17:00:00.000,146,79,67
2015-07-03T18:00:00.000,140,68,72
2015-07-03T19:00:00.000,107,49,58
2015-07-03T20:00:00.000,84,40,44
2015-07-03T21:00:00.000,49,25,24
2015-07-03T22:00:00.000,69,35,34
2015-07-03T23:00:00.000,40,17,23
2015-07-04T00:00:00.000,22,12,10
2015-07-04T01:00:00.000,14,4,10
2015-07-04T02:00:00.000,4,2,2
2015-07-04T03:00:00.000,5,3,2
2015-07-04T04:00:00.000,3,3,0
2015-07-04T05:00:00.000,12,7,5
2015-07-04T06:00:00.000,39,23,16
2015-07-04T07:00:00.000,73,37,36
2015-07-04T08:00:00.000,136,75,61
2015-07-04T09:00:00.000,149,74,75
2015-07-04T10:00:00.000,142,77,65
2015-07-04T11:00:00.000,135,79,56
2015-07-04T12:00:00.000,194,91,103
2015-07-04T13:00:00.000,154,84,70
2015-07-04T14:00:00.000,158,87,71
2015-07-04T15:00:00.000,165,83,82
2015-07-04T16:00:00.000,152,64,88
2015-07-04T17:00:00.000,128,60,68
2015-07-04T18:00:00.000,126,75,51
2015-07-04T19:00:00.000,114,52,62
2015-07-04T20:00:00.000,120,62,58
2015-07-04T21:00:00.000,132,71,61
2015-07-04T22:00:00.000,91,48,43
2015-07-04T23:00:00.000,175,74,101
2015-07-05T00:00:00.000,92,30,62
2015-07-05T01:00:00.000,30,15,15
2015-07-05T02:00:00.000,13,5,8
2015-07-05T03:00:00.000,1,0,1
2015-07-05T04:00:00.000,6,4,2
2015-07-05T05:00:00.000,10,5,5
2015-07-05T06:00:00.000,22,12,10
2015-07-05T07:00:00.000,70,44,26
2015-07-05T08:00:00.000,75,38,37
2015-07-05T09:00:00.000,103,51,52
2015-07-05T10:00:00.000,133,64,69
2015-07-05T11:00:00.000,163,95,68
2015-07-05T12:00:00.000,134,80,54
2015-07-05T13:00:00.000,153,82,71
2015-07-05T14:00:00.000,134,66,68
2015-07-05T15:00:00.000,157,92,65
2015-07-05T16:00:00.000,137,57,80
2015-07-05T17:00:00.000,87,48,39
2015-07-05T18:00:00.000,119,67,52
2015-07-05T19:00:00.000,107,52,55
2015-07-05T20:00:00.000,73,47,26
2015-07-05T21:00:00.000,53,31,22
2015-07-05T22:00:00.000,31,15,16
2015-07-05T23:00:00.000,16,8,8
2015-07-06T00:00:00.000,16,8,8
2015-07-06T01:00:00.000,7,4,3
2015-07-06T02:00:00.000,7,5,2
2015-07-06T03:00:00.000,6,4,2
2015-07-06T04:00:00.000,9,6,3
2015-07-06T05:00:00.000,34,22,12
2015-07-06T06:00:00.000,177,117,60
2015-07-06T07:00:00.000,404,288,116
2015-07-06T08:00:00.000,535,368,167
2015-07-06T09:00:00.000,252,148,104
2015-07-06T10:00:00.000,110,58,52
2015-07-06T11:00:00.000,99,61,38
2015-07-06T12:00:00.000,106,49,57
2015-07-06T13:00:00.000,101,47,54
2015-07-06T14:00:00.000,122,60,62
2015-07-06T15:00:00.000,138,54,84
2015-07-06T16:00:00.000,281,118,163
2015-07-06T17:00:00.000,651,180,471
2015-07-06T18:00:00.000,485,158,327
2015-07-06T19:00:00.000,218,98,120
2015-07-06T20:00:00.000,155,71,84
2015-07-06T21:00:00.000,88,46,42
2015-07-06T22:00:00.000,46,20,26
2015-07-06T23:00:00.000,19,9,10
2015-07-07T00:00:00.000,19,9,10
2015-07-07T01:00:00.000,5,3,2
2015-07-07T02:00:00.000,10,8,2
2015-07-07T03:00:00.000,7,3,4
2015-07-07T04:00:00.000,9,4,5
2015-07-07T05:00:00.000,57,33,24
2015-07-07T06:00:00.000,179,113,66
2015-07-07T07:00:00.000,502,364,138
2015-07-07T08:00:00.000,607,403,204
2015-07-07T09:00:00.000,274,176,98
2015-07-07T10:00:00.000,152,92,60
2015-07-07T11:00:00.000,110,55,55
2015-07-07T12:00:00.000,128,64,64
2015-07-07T13:00:00.000,107,52,55
2015-07-07T14:00:00.000,127,68,59
2015-07-07T15:00:00.000,165,69,96
2015-07-07T16:00:00.000,357,148,209
2015-07-07T17:00:00.000,720,194,526
2015-07-07T18:00:00.000,498,197,301
2015-07-07T19:00:00.000,263,106,157
2015-07-07T20:00:00.000,154,67,87
2015-07-07T21:00:00.000,94,48,46
2015-07-07T22:00:00.000,61,27,34
2015-07-07T23:00:00.000,30,11,19
2015-07-08T00:00:00.000,20,9,11
2015-07-08T01:00:00.000,15,10,5
2015-07-08T02:00:00.000,8,7,1
2015-07-08T03:00:00.000,4,3,1
2015-07-08T04:00:00.000,8,5,3
2015-07-08T05:00:00.000,50,32,18
2015-07-08T06:00:00.000,197,145,52
2015-07-08T07:00:00.000,487,334,153
2015-07-08T08:00:00.000,583,373,210
2015-07-08T09:00:00.000,282,174,108
2015-07-08T10:00:00.000,142,83,59
2015-07-08T11:00:00.000,106,58,48
2015-07-08T12:00:00.000,122,71,51
2015-07-08T13:00:00.000,119,73,46
2015-07-08T14:00:00.000,113,64,49
2015-07-08T15:00:00.000,148,71,77
2015-07-08T16:00:00.000,399,143,256
2015-07-08T17:00:00.000,726,218,508
2015-07-08T18:00:00.000,527,201,326
2015-07-08T19:00:00.000,306,132,174
2015-07-08T20:00:00.000,191,100,91
2015-07-08T21:00:00.000,115,55,60
2015-07-08T22:00:00.000,65,29,36
2015-07-08T23:00:00.000,28,13,15
2015-07-09T00:00:00.000,26,13,13
2015-07-09T01:00:00.000,6,3,3
2015-07-09T02:00:00.000,5,3,2
2015-07-09T03:00:00.000,5,2,3
2015-07-09T04:00:00.000,10,2,8
2015-07-09T05:00:00.000,52,20,32
2015-07-09T06:00:00.000,191,140,51
2015-07-09T07:00:00.000,472,334,138
2015-07-09T08:00:00.000,593,376,217
2015-07-09T09:00:00.000,259,157,102
2015-07-09T10:00:00.000,118,78,40
2015-07-09T11:00:00.000,106,51,55
2015-07-09T12:00:00.000,99,58,41
2015-07-09T13:00:00.000,110,62,48
2015-07-09T14:00:00.000,113,51,62
2015-07-09T15:00:00.000,153,75,78
2015-07-09T16:00:00.000,350,129,221
2015-07-09T17:00:00.000,676,204,472
2015-07-09T18:00:00.000,479,173,306
2015-07-09T19:00:00.000,280,112,168
2015-07-09T20:00:00.000,173,85,88
2015-07-09T21:00:00.000,99,51,48
2015-07-09T22:00:00.000,65,25,40
2015-07-09T23:00:00.000,39,17,22
2015-07-10T00:00:00.000,11,6,5
2015-07-10T01:00:00.000,13,5,8
2015-07-10T02:00:00.000,8,2,6
2015-07-10T03:00:00.000,5,2,3
2015-07-10T04:00:00.000,12,6,6
2015-07-10T05:00:00.000,49,32,17
2015-07-10T06:00:00.000,139,89,50
2015-07-10T07:00:00.000,357,249,108
2015-07-10T08:00:00.000,509,343,166
2015-07-10T09:00:00.000,260,154,106
2015-07-10T10:00:00.000,121,72,49
2015-07-10T11:00:00.000,98,48,50
2015-07-10T12:00:00.000,95,50,45
2015-07-10T13:00:00.000,120,62,58
2015-07-10T14:00:00.000,132,59,73
2015-07-10T15:00:00.000,188,103,85
2015-07-10T16:00:00.000,367,144,223
2015-07-10T17:00:00.000,536,154,382
2015-07-10T18:00:00.000,340,119,221
2015-07-10T19:00:00.000,184,66,118
2015-07-10T20:00:00.000,83,43,40
2015-07-10T21:00:00.000,59,32,27
2015-07-10T22:00:00.000,47,24,23
2015-07-10T23:00:00.000,39,12,27
2015-07-11T00:00:00.000,27,12,15
2015-07-11T01:00:00.000,13,7,6
2015-07-11T02:00:00.000,13,7,6
2015-07-11T03:00:00.000,8,2,6
2015-07-11T04:00:00.000,51,15,36
2015-07-11T05:00:00.000,67,13,54
2015-07-11T06:00:00.000,56,22,34
2015-07-11T07:00:00.000,65,33,32
2015-07-11T08:00:00.000,87,50,37
2015-07-11T09:00:00.000,118,77,41
2015-07-11T10:00:00.000,126,62,64
2015-07-11T11:00:00.000,135,66,69
2015-07-11T12:00:00.000,160,90,70
2015-07-11T13:00:00.000,150,84,66
2015-07-11T14:00:00.000,131,68,63
2015-07-11T15:00:00.000,168,94,74
2015-07-11T16:00:00.000,147,91,56
2015-07-11T17:00:00.000,144,81,63
2015-07-11T18:00:00.000,103,62,41
2015-07-11T19:00:00.000,75,39,36
2015-07-11T20:00:00.000,65,29,36
2015-07-11T21:00:00.000,64,37,27
2015-07-11T22:00:00.000,50,16,34
2015-07-11T23:00:00.000,30,11,19
2015-07-12T00:00:00.000,25,14,11
2015-07-12T01:00:00.000,17,8,9
2015-07-12T02:00:00.000,14,4,10
2015-07-12T03:00:00.000,3,1,2
2015-07-12T04:00:00.000,7,2,5
2015-07-12T05:00:00.000,9,5,4
2015-07-12T06:00:00.000,13,6,7
2015-07-12T07:00:00.000,37,21,16
2015-07-12T08:00:00.000,66,45,21
2015-07-12T09:00:00.000,87,46,41
2015-07-12T10:00:00.000,104,59,45
2015-07-12T11:00:00.000,158,79,79
2015-07-12T12:00:00.000,175,91,84
2015-07-12T13:00:00.000,169,97,72
2015-07-12T14:00:00.000,212,108,104
2015-07-12T15:00:00.000,192,116,76
2015-07-12T16:00:00.000,186,102,84
2015-07-12T17:00:00.000,177,94,83
2015-07-12T18:00:00.000,125,66,59
2015-07-12T19:00:00.000,94,49,45
2015-07-12T20:00:00.000,69,33,36
2015-07-12T21:00:00.000,52,30,22
2015-07-12T22:00:00.000,23,8,15
2015-07-12T23:00:00.000,23,12,11
2015-07-13T00:00:00.000,11,4,7
2015-07-13T01:00:00.000,2,1,1
2015-07-13T02:00:00.000,5,0,5
2015-07-13T03:00:00.000,5,1,4
2015-07-13T04:00:00.000,6,5,1
2015-07-13T05:00:00.000,43,32,11
2015-07-13T06:00:00.000,157,102,55
2015-07-13T07:00:00.000,398,284,114
2015-07-13T08:00:00.000,526,362,164
2015-07-13T09:00:00.000,245,139,106
2015-07-13T10:00:00.000,92,50,42
2015-07-13T11:00:00.000,98,47,51
2015-07-13T12:00:00.000,90,49,41
2015-07-13T13:00:00.000,90,49,41
2015-07-13T14:00:00.000,99,56,43
2015-07-13T15:00:00.000,172,73,99
2015-07-13T16:00:00.000,334,136,198
2015-07-13T17:00:00.000,634,182,452
2015-07-13T18:00:00.000,518,171,347
2015-07-13T19:00:00.000,216,81,135
2015-07-13T20:00:00.000,154,62,92
2015-07-13T21:00:00.000,96,42,54
2015-07-13T22:00:00.000,60,35,25
2015-07-13T23:00:00.000,18,10,8
2015-07-14T00:00:00.000,16,3,13
2015-07-14T01:00:00.000,9,5,4
2015-07-14T02:00:00.000,5,1,4
2015-07-14T03:00:00.000,4,3,1
2015-07-14T04:00:00.000,11,7,4
2015-07-14T05:00:00.000,45,28,17
2015-07-14T06:00:00.000,209,146,63
2015-07-14T07:00:00.000,536,390,146
2015-07-14T08:00:00.000,638,448,190
2015-07-14T09:00:00.000,292,160,132
2015-07-14T10:00:00.000,73,0,73
2015-07-14T11:00:00.000,86,23,63
2015-07-14T12:00:00.000,105,55,50
2015-07-14T13:00:00.000,122,73,49
2015-07-14T14:00:00.000,119,62,57
2015-07-14T15:00:00.000,167,85,82
2015-07-14T16:00:00.000,388,160,228
2015-07-14T17:00:00.000,760,233,527
2015-07-14T18:00:00.000,512,172,340
2015-07-14T19:00:00.000,307,121,186
2015-07-14T20:00:00.000,188,73,115
2015-07-14T21:00:00.000,113,56,57
2015-07-14T22:00:00.000,56,25,31
2015-07-14T23:00:00.000,34,20,14
2015-07-15T00:00:00.000,8,3,5
2015-07-15T01:00:00.000,10,5,5
2015-07-15T02:00:00.000,8,2,6
2015-07-15T03:00:00.000,6,4,2
2015-07-15T04:00:00.000,12,6,6
2015-07-15T05:00:00.000,50,27,23
2015-07-15T06:00:00.000,200,147,53
2015-07-15T07:00:00.000,508,354,154
2015-07-15T08:00:00.000,617,397,220
2015-07-15T09:00:00.000,288,175,113
2015-07-15T10:00:00.000,129,63,66
2015-07-15T11:00:00.000,111,64,47
2015-07-15T12:00:00.000,84,44,40
2015-07-15T13:00:00.000,97,44,53
2015-07-15T14:00:00.000,123,48,75
2015-07-15T15:00:00.000,175,87,88
2015-07-15T16:00:00.000,355,149,206
2015-07-15T17:00:00.000,773,220,553
2015-07-15T18:00:00.000,506,170,336
2015-07-15T19:00:00.000,269,104,165
2015-07-15T20:00:00.000,176,72,104
2015-07-15T21:00:00.000,81,31,50
2015-07-15T22:00:00.000,69,35,34
2015-07-15T23:00:00.000,31,9,22
2015-07-16T00:00:00.000,19,11,8
2015-07-16T01:00:00.000,14,5,9
2015-07-16T02:00:00.000,9,5,4
2015-07-16T03:00:00.000,7,5,2
2015-07-16T04:00:00.000,11,7,4
2015-07-16T05:00:00.000,39,26,13
2015-07-16T06:00:00.000,197,139,58
2015-07-16T07:00:00.000,429,310,119
2015-07-16T08:00:00.000,571,394,177
2015-07-16T09:00:00.000,275,172,103
2015-07-16T10:00:00.000,120,71,49
2015-07-16T11:00:00.000,111,64,47
2015-07-16T12:00:00.000,91,41,50
2015-07-16T13:00:00.000,111,42,69
2015-07-16T14:00:00.000,111,51,60
2015-07-16T15:00:00.000,144,59,85
2015-07-16T16:00:00.000,377,136,241
2015-07-16T17:00:00.000,705,190,515
2015-07-16T18:00:00.000,446,147,299
2015-07-16T19:00:00.000,255,107,148
2015-07-16T20:00:00.000,173,88,85
2015-07-16T21:00:00.000,107,49,58
2015-07-16T22:00:00.000,57,30,27
2015-07-16T23:00:00.000,45,13,32
2015-07-17T00:00:00.000,26,13,13
2015-07-17T01:00:00.000,13,7,6
2015-07-17T02:00:00.000,2,2,0
2015-07-17T03:00:00.000,11,4,7
2015-07-17T04:00:00.000,9,5,4
2015-07-17T05:00:00.000,40,27,13
2015-07-17T06:00:00.000,155,106,49
2015-07-17T07:00:00.000,352,248,104
2015-07-17T08:00:00.000,470,322,148
2015-07-17T09:00:00.000,279,157,122
2015-07-17T10:00:00.000,141,83,58
2015-07-17T11:00:00.000,93,47,46
2015-07-17T12:00:00.000,99,47,52
2015-07-17T13:00:00.000,117,60,57
2015-07-17T14:00:00.000,132,65,67
2015-07-17T15:00:00.000,169,72,97
2015-07-17T16:00:00.000,376,145,231
2015-07-17T17:00:00.000,548,172,376
2015-07-17T18:00:00.000,343,113,230
2015-07-17T19:00:00.000,173,75,98
2015-07-17T20:00:00.000,98,32,66
2015-07-17T21:00:00.000,67,30,37
2015-07-17T22:00:00.000,56,28,28
2015-07-17T23:00:00.000,44,17,27
2015-07-18T00:00:00.000,21,9,12
2015-07-18T01:00:00.000,9,1,8
2015-07-18T02:00:00.000,10,5,5
2015-07-18T03:00:00.000,8,3,5
2015-07-18T04:00:00.000,11,1,10
2015-07-18T05:00:00.000,10,5,5
2015-07-18T06:00:00.000,29,12,17
2015-07-18T07:00:00.000,55,21,34
2015-07-18T08:00:00.000,102,52,50
2015-07-18T09:00:00.000,135,81,54
2015-07-18T10:00:00.000,163,80,83
2015-07-18T11:00:00.000,135,67,68
2015-07-18T12:00:00.000,186,107,79
2015-07-18T13:00:00.000,193,94,99
2015-07-18T14:00:00.000,176,89,87
2015-07-18T15:00:00.000,188,104,84
2015-07-18T16:00:00.000,160,83,77
2015-07-18T17:00:00.000,137,67,70
2015-07-18T18:00:00.000,137,64,73
2015-07-18T19:00:00.000,88,44,44
2015-07-18T20:00:00.000,75,35,40
2015-07-18T21:00:00.000,77,36,41
2015-07-18T22:00:00.000,56,34,22
2015-07-18T23:00:00.000,34,13,21
2015-07-19T00:00:00.000,30,8,22
2015-07-19T01:00:00.000,10,5,5
2015-07-19T02:00:00.000,5,1,4
2015-07-19T03:00:00.000,6,6,0
2015-07-19T04:00:00.000,4,3,1
2015-07-19T05:00:00.000,15,9,6
2015-07-19T06:00:00.000,21,6,15
2015-07-19T07:00:00.000,52,28,24
2015-07-19T08:00:00.000,117,63,54
2015-07-19T09:00:00.000,146,81,65
2015-07-19T10:00:00.000,136,69,67
2015-07-19T11:00:00.000,192,112,80
2015-07-19T12:00:00.000,154,74,80
2015-07-19T13:00:00.000,184,94,90
2015-07-19T14:00:00.000,160,91,69
2015-07-19T15:00:00.000,140,80,60
2015-07-19T16:00:00.000,114,59,55
2015-07-19T17:00:00.000,104,52,52
2015-07-19T18:00:00.000,94,44,50
2015-07-19T19:00:00.000,103,46,57
2015-07-19T20:00:00.000,64,38,26
2015-07-19T21:00:00.000,49,26,23
2015-07-19T22:00:00.000,37,12,25
2015-07-19T23:00:00.000,26,10,16
2015-07-20T00:00:00.000,9,1,8
2015-07-20T01:00:00.000,10,3,7
2015-07-20T02:00:00.000,7,4,3
2015-07-20T03:00:00.000,5,3,2
2015-07-20T04:00:00.000,9,6,3
2015-07-20T05:00:00.000,42,24,18
2015-07-20T06:00:00.000,162,103,59
2015-07-20T07:00:00.000,423,302,121
2015-07-20T08:00:00.000,563,383,180
2015-07-20T09:00:00.000,277,159,118
2015-07-20T10:00:00.000,125,74,51
2015-07-20T11:00:00.000,77,40,37
2015-07-20T12:00:00.000,88,39,49
2015-07-20T13:00:00.000,103,52,51
2015-07-20T14:00:00.000,122,61,61
2015-07-20T15:00:00.000,144,57,87
2015-07-20T16:00:00.000,335,129,206
2015-07-20T17:00:00.000,654,181,473
2015-07-20T18:00:00.000,497,161,336
2015-07-20T19:00:00.000,256,93,163
2015-07-20T20:00:00.000,157,68,89
2015-07-20T21:00:00.000,82,43,39
2015-07-20T22:00:00.000,39,23,16
2015-07-20T23:00:00.000,27,8,19
2015-07-21T00:00:00.000,17,7,10
2015-07-21T01:00:00.000,12,3,9
2015-07-21T02:00:00.000,3,1,2
2015-07-21T03:00:00.000,5,1,4
2015-07-21T04:00:00.000,9,4,5
2015-07-21T05:00:00.000,61,38,23
2015-07-21T06:00:00.000,171,118,53
2015-07-21T07:00:00.000,492,367,125
2015-07-21T08:00:00.000,555,366,189
2015-07-21T09:00:00.000,297,174,123
2015-07-21T10:00:00.000,98,45,53
2015-07-21T11:00:00.000,94,46,48
2015-07-21T12:00:00.000,86,42,44
2015-07-21T13:00:00.000,101,60,41
2015-07-21T14:00:00.000,98,44,54
2015-07-21T15:00:00.000,161,71,90
2015-07-21T16:00:00.000,335,123,212
2015-07-21T17:00:00.000,655,168,487
2015-07-21T18:00:00.000,470,168,302
2015-07-21T19:00:00.000,254,110,144
2015-07-21T20:00:00.000,124,66,58
2015-07-21T21:00:00.000,100,43,57
2015-07-21T22:00:00.000,41,23,18
2015-07-21T23:00:00.000,29,14,15
2015-07-22T00:00:00.000,13,7,6
2015-07-22T01:00:00.000,6,2,4
2015-07-22T02:00:00.000,3,2,1
2015-07-22T03:00:00.000,1,1,0
2015-07-22T04:00:00.000,15,9,6
2015-07-22T05:00:00.000,35,19,16
2015-07-22T06:00:00.000,174,117,57
2015-07-22T07:00:00.000,483,331,152
2015-07-22T08:00:00.000,593,383,210
2015-07-22T09:00:00.000,327,189,138
2015-07-22T10:00:00.000,143,83,60
2015-07-22T11:00:00.000,110,48,62
2015-07-22T12:00:00.000,108,53,55
2015-07-22T13:00:00.000,94,43,51
2015-07-22T14:00:00.000,157,62,95
2015-07-22T15:00:00.000,192,81,111
2015-07-22T16:00:00.000,412,143,269
2015-07-22T17:00:00.000,675,213,462
2015-07-22T18:00:00.000,509,174,335
2015-07-22T19:00:00.000,296,126,170
2015-07-22T20:00:00.000,126,49,77
2015-07-22T21:00:00.000,98,38,60
2015-07-22T22:00:00.000,45,22,23
2015-07-22T23:00:00.000,33,10,23
2015-07-23T00:00:00.000,22,10,12
2015-07-23T01:00:00.000,6,2,4
2015-07-23T02:00:00.000,3,0,3
2015-07-23T03:00:00.000,3,2,1
2015-07-23T04:00:00.000,13,6,7
2015-07-23T05:00:00.000,38,24,14
2015-07-23T06:00:00.000,175,117,58
2015-07-23T07:00:00.000,429,290,139
2015-07-23T08:00:00.000,548,362,186
2015-07-23T09:00:00.000,287,167,120
2015-07-23T10:00:00.000,127,77,50
2015-07-23T11:00:00.000,111,52,59
2015-07-23T12:00:00.000,100,44,56
2015-07-23T13:00:00.000,122,61,61
2015-07-23T14:00:00.000,116,43,73
2015-07-23T15:00:00.000,198,95,103
2015-07-23T16:00:00.000,337,143,194
2015-07-23T17:00:00.000,687,218,469
2015-07-23T18:00:00.000,470,179,291
2015-07-23T19:00:00.000,248,99,149
2015-07-23T20:00:00.000,146,69,77
2015-07-23T21:00:00.000,88,37,51
2015-07-23T22:00:00.000,47,27,20
2015-07-23T23:00:00.000,38,10,28
2015-07-24T00:00:00.000,22,7,15
2015-07-24T01:00:00.000,8,4,4
2015-07-24T02:00:00.000,3,1,2
2015-07-24T03:00:00.000,3,1,2
2015-07-24T04:00:00.000,11,6,5
2015-07-24T05:00:00.000,36,22,14
2015-07-24T06:00:00.000,125,76,49
2015-07-24T07:00:00.000,342,243,99
2015-07-24T08:00:00.000,441,295,146
2015-07-24T09:00:00.000,224,127,97
2015-07-24T10:00:00.000,109,66,43
2015-07-24T11:00:00.000,57,29,28
2015-07-24T12:00:00.000,75,41,34
2015-07-24T13:00:00.000,89,40,49
2015-07-24T14:00:00.000,114,56,58
2015-07-24T15:00:00.000,162,68,94
2015-07-24T16:00:00.000,317,127,190
2015-07-24T17:00:00.000,504,126,378
2015-07-24T18:00:00.000,280,95,185
2015-07-24T19:00:00.000,142,43,99
2015-07-24T20:00:00.000,118,56,62
2015-07-24T21:00:00.000,64,29,35
2015-07-24T22:00:00.000,322,76,246
2015-07-24T23:00:00.000,60,30,30
2015-07-25T00:00:00.000,23,8,15
2015-07-25T01:00:00.000,15,11,4
2015-07-25T02:00:00.000,10,9,1
2015-07-25T03:00:00.000,3,3,0
2015-07-25T04:00:00.000,4,0,4
2015-07-25T05:00:00.000,9,3,6
2015-07-25T06:00:00.000,23,13,10
2015-07-25T07:00:00.000,47,34,13
2015-07-25T08:00:00.000,48,25,23
2015-07-25T09:00:00.000,54,29,25
2015-07-25T10:00:00.000,52,27,25
2015-07-25T11:00:00.000,70,35,35
2015-07-25T12:00:00.000,131,64,67
2015-07-25T13:00:00.000,115,68,47
2015-07-25T14:00:00.000,126,71,55
2015-07-25T15:00:00.000,124,68,56
2015-07-25T16:00:00.000,111,51,60
2015-07-25T17:00:00.000,110,54,56
2015-07-25T18:00:00.000,88,54,34
2015-07-25T19:00:00.000,79,39,40
2015-07-25T20:00:00.000,62,31,31
2015-07-25T21:00:00.000,27,11,16
2015-07-25T22:00:00.000,27,12,15
2015-07-25T23:00:00.000,26,11,15
2015-07-26T00:00:00.000,19,6,13
2015-07-26T01:00:00.000,9,3,6
2015-07-26T02:00:00.000,10,5,5
2015-07-26T03:00:00.000,4,2,2
2015-07-26T04:00:00.000,3,2,1
2015-07-26T05:00:00.000,9,4,5
2015-07-26T06:00:00.000,25,12,13
2015-07-26T07:00:00.000,38,20,18
2015-07-26T08:00:00.000,45,23,22
2015-07-26T09:00:00.000,82,47,35
2015-07-26T10:00:00.000,104,55,49
2015-07-26T11:00:00.000,147,71,76
2015-07-26T12:00:00.000,129,62,67
2015-07-26T13:00:00.000,121,78,43
2015-07-26T14:00:00.000,172,109,63
2015-07-26T15:00:00.000,169,92,77
2015-07-26T16:00:00.000,102,58,44
2015-07-26T17:00:00.000,54,28,26
2015-07-26T18:00:00.000,81,35,46
2015-07-26T19:00:00.000,43,24,19
2015-07-26T20:00:00.000,31,12,19
2015-07-26T21:00:00.000,17,11,6
2015-07-26T22:00:00.000,23,6,17
2015-07-26T23:00:00.000,15,5,10
2015-07-27T00:00:00.000,10,4,6
2015-07-27T01:00:00.000,4,0,4
2015-07-27T02:00:00.000,3,2,1
2015-07-27T03:00:00.000,4,4,0
2015-07-27T04:00:00.000,4,3,1
2015-07-27T05:00:00.000,35,22,13
2015-07-27T06:00:00.000,143,98,45
2015-07-27T07:00:00.000,425,296,129
2015-07-27T08:00:00.000,520,351,169
2015-07-27T09:00:00.000,264,155,109
2015-07-27T10:00:00.000,106,61,45
2015-07-27T11:00:00.000,88,52,36
2015-07-27T12:00:00.000,89,51,38
2015-07-27T13:00:00.000,95,52,43
2015-07-27T14:00:00.000,116,52,64
2015-07-27T15:00:00.000,175,74,101
2015-07-27T16:00:00.000,349,122,227
2015-07-27T17:00:00.000,705,199,506
2015-07-27T18:00:00.000,470,143,327
2015-07-27T19:00:00.000,219,93,126
2015-07-27T20:00:00.000,132,56,76
2015-07-27T21:00:00.000,81,35,46
2015-07-27T22:00:00.000,33,11,22
2015-07-27T23:00:00.000,32,17,15
2015-07-28T00:00:00.000,13,6,7
2015-07-28T01:00:00.000,10,3,7
2015-07-28T02:00:00.000,3,2,1
2015-07-28T03:00:00.000,8,3,5
2015-07-28T04:00:00.000,11,8,3
2015-07-28T05:00:00.000,50,31,19
2015-07-28T06:00:00.000,183,123,60
2015-07-28T07:00:00.000,480,335,145
2015-07-28T08:00:00.000,616,392,224
2015-07-28T09:00:00.000,306,184,122
2015-07-28T10:00:00.000,140,74,66
2015-07-28T11:00:00.000,93,50,43
2015-07-28T12:00:00.000,99,45,54
2015-07-28T13:00:00.000,122,57,65
2015-07-28T14:00:00.000,145,73,72
2015-07-28T15:00:00.000,181,72,109
2015-07-28T16:00:00.000,354,122,232
2015-07-28T17:00:00.000,736,219,517
2015-07-28T18:00:00.000,492,174,318
2015-07-28T19:00:00.000,306,139,167
2015-07-28T20:00:00.000,168,79,89
2015-07-28T21:00:00.000,89,39,50
2015-07-28T22:00:00.000,75,31,44
2015-07-28T23:00:00.000,35,13,22
2015-07-29T00:00:00.000,11,5,6
2015-07-29T01:00:00.000,5,2,3
2015-07-29T02:00:00.000,5,1,4
2015-07-29T03:00:00.000,3,2,1
2015-07-29T04:00:00.000,10,8,2
2015-07-29T05:00:00.000,47,31,16
2015-07-29T06:00:00.000,197,127,70
2015-07-29T07:00:00.000,482,338,144
2015-07-29T08:00:00.000,623,392,231
2015-07-29T09:00:00.000,304,191,113
2015-07-29T10:00:00.000,143,69,74
2015-07-29T11:00:00.000,115,63,52
2015-07-29T12:00:00.000,102,48,54
2015-07-29T13:00:00.000,120,58,62
2015-07-29T14:00:00.000,117,70,47
2015-07-29T15:00:00.000,152,76,76
2015-07-29T16:00:00.000,407,143,264
2015-07-29T17:00:00.000,686,196,490
2015-07-29T18:00:00.000,531,183,348
2015-07-29T19:00:00.000,277,96,181
2015-07-29T20:00:00.000,162,64,98
2015-07-29T21:00:00.000,118,63,55
2015-07-29T22:00:00.000,72,36,36
2015-07-29T23:00:00.000,45,15,30
2015-07-30T00:00:00.000,18,8,10
2015-07-30T01:00:00.000,10,5,5
2015-07-30T02:00:00.000,7,5,2
2015-07-30T03:00:00.000,3,0,3
2015-07-30T04:00:00.000,10,5,5
2015-07-30T05:00:00.000,42,20,22
2015-07-30T06:00:00.000,166,107,59
2015-07-30T07:00:00.000,416,271,145
2015-07-30T08:00:00.000,605,397,208
2015-07-30T09:00:00.000,305,193,112
2015-07-30T10:00:00.000,130,72,58
2015-07-30T11:00:00.000,110,59,51
2015-07-30T12:00:00.000,82,43,39
2015-07-30T13:00:00.000,101,55,46
2015-07-30T14:00:00.000,111,46,65
2015-07-30T15:00:00.000,142,72,70
2015-07-30T16:00:00.000,331,127,204
2015-07-30T17:00:00.000,642,184,458
2015-07-30T18:00:00.000,476,165,311
2015-07-30T19:00:00.000,278,120,158
2015-07-30T20:00:00.000,156,57,99
2015-07-30T21:00:00.000,118,54,64
2015-07-30T22:00:00.000,75,44,31
2015-07-30T23:00:00.000,45,22,23
2015-07-31T00:00:00.000,24,11,13
2015-07-31T01:00:00.000,15,5,10
2015-07-31T02:00:00.000,7,1,6
2015-07-31T03:00:00.000,2,2,0
2015-07-31T04:00:00.000,9,4,5
2015-07-31T05:00:00.000,41,25,16
2015-07-31T06:00:00.000,139,95,44
2015-07-31T07:00:00.000,363,244,119
2015-07-31T08:00:00.000,504,315,189
2015-07-31T09:00:00.000,259,166,93
2015-07-31T10:00:00.000,124,62,62
2015-07-31T11:00:00.000,121,67,54
2015-07-31T12:00:00.000,107,54,53
2015-07-31T13:00:00.000,104,57,47
2015-07-31T14:00:00.000,118,49,69
2015-07-31T15:00:00.000,182,84,98
2015-07-31T16:00:00.000,350,132,218
2015-07-31T17:00:00.000,533,171,362
2015-07-31T18:00:00.000,322,115,207
2015-07-31T19:00:00.000,191,88,103
2015-07-31T20:00:00.000,130,43,87
2015-07-31T21:00:00.000,109,45,64
2015-07-31T22:00:00.000,73,32,41
2015-07-31T23:00:00.000,60,38,22
2015-08-01T00:00:00.000,40,21,19
2015-08-01T01:00:00.000,14,8,6
2015-08-01T02:00:00.000,10,5,5
2015-08-01T03:00:00.000,7,0,7
2015-08-01T04:00:00.000,4,2,2
2015-08-01T05:00:00.000,12,7,5
2015-08-01T06:00:00.000,25,11,14
2015-08-01T07:00:00.000,81,42,39
2015-08-01T08:00:00.000,112,64,48
2015-08-01T09:00:00.000,146,77,69
2015-08-01T10:00:00.000,163,94,69
2015-08-01T11:00:00.000,194,104,90
2015-08-01T12:00:00.000,161,76,85
2015-08-01T13:00:00.000,164,79,85
2015-08-01T14:00:00.000,167,85,82
2015-08-01T15:00:00.000,177,101,76
2015-08-01T16:00:00.000,154,81,73
2015-08-01T17:00:00.000,134,77,57
2015-08-01T18:00:00.000,129,68,61
2015-08-01T19:00:00.000,90,39,51
2015-08-01T20:00:00.000,53,28,25
2015-08-01T21:00:00.000,74,33,41
2015-08-01T22:00:00.000,59,28,31
2015-08-01T23:00:00.000,49,23,26
2015-08-02T00:00:00.000,26,6,20
2015-08-02T01:00:00.000,17,8,9
2015-08-02T02:00:00.000,9,3,6
2015-08-02T03:00:00.000,3,2,1
2015-08-02T04:00:00.000,6,1,5
2015-08-02T05:00:00.000,6,1,5
2015-08-02T06:00:00.000,29,14,15
2015-08-02T07:00:00.000,57,28,29
2015-08-02T08:00:00.000,79,41,38
2015-08-02T09:00:00.000,125,70,55
2015-08-02T10:00:00.000,109,67,42
2015-08-02T11:00:00.000,149,89,60
2015-08-02T12:00:00.000,171,88,83
2015-08-02T13:00:00.000,158,84,74
2015-08-02T14:00:00.000,125,66,59
2015-08-02T15:00:00.000,183,83,100
2015-08-02T16:00:00.000,157,82,75
2015-08-02T17:00:00.000,128,58,70
2015-08-02T18:00:00.000,106,51,55
2015-08-02T19:00:00.000,76,41,35
2015-08-02T20:00:00.000,72,35,37
2015-08-02T21:00:00.000,38,16,22
2015-08-02T22:00:00.000,34,14,20
2015-08-02T23:00:00.000,20,5,15
2015-08-03T00:00:00.000,6,3,3
2015-08-03T01:00:00.000,5,2,3
2015-08-03T02:00:00.000,2,2,0
2015-08-03T03:00:00.000,4,2,2
2015-08-03T04:00:00.000,10,9,1
2015-08-03T05:00:00.000,49,36,13
2015-08-03T06:00:00.000,172,114,58
2015-08-03T07:00:00.000,408,289,119
2015-08-03T08:00:00.000,606,403,203
2015-08-03T09:00:00.000,293,188,105
2015-08-03T10:00:00.000,98,52,46
2015-08-03T11:00:00.000,88,55,33
2015-08-03T12:00:00.000,81,39,42
2015-08-03T13:00:00.000,99,45,54
2015-08-03T14:00:00.000,113,57,56
2015-08-03T15:00:00.000,141,65,76
2015-08-03T16:00:00.000,350,122,228
2015-08-03T17:00:00.000,692,174,518
2015-08-03T18:00:00.000,492,189,303
2015-08-03T19:00:00.000,225,84,141
2015-08-03T20:00:00.000,148,61,87
2015-08-03T21:00:00.000,81,40,41
2015-08-03T22:00:00.000,56,26,30
2015-08-03T23:00:00.000,24,11,13
2015-08-04T00:00:00.000,14,7,7
2015-08-04T01:00:00.000,12,6,6
2015-08-04T02:00:00.000,4,1,3
2015-08-04T03:00:00.000,2,1,1
2015-08-04T04:00:00.000,11,4,7
2015-08-04T05:00:00.000,56,33,23
2015-08-04T06:00:00.000,177,126,51
2015-08-04T07:00:00.000,473,333,140
2015-08-04T08:00:00.000,623,404,219
2015-08-04T09:00:00.000,311,200,111
2015-08-04T10:00:00.000,132,72,60
2015-08-04T11:00:00.000,91,46,45
2015-08-04T12:00:00.000,100,59,41
2015-08-04T13:00:00.000,89,46,43
2015-08-04T14:00:00.000,121,52,69
2015-08-04T15:00:00.000,168,79,89
2015-08-04T16:00:00.000,397,126,271
2015-08-04T17:00:00.000,791,227,564
2015-08-04T18:00:00.000,488,191,297
2015-08-04T19:00:00.000,253,111,142
2015-08-04T20:00:00.000,179,86,93
2015-08-04T21:00:00.000,80,43,37
2015-08-04T22:00:00.000,51,17,34
2015-08-04T23:00:00.000,32,13,19
2015-08-05T00:00:00.000,10,6,4
2015-08-05T01:00:00.000,3,2,1
2015-08-05T02:00:00.000,5,2,3
2015-08-05T03:00:00.000,8,3,5
2015-08-05T04:00:00.000,8,7,1
2015-08-05T05:00:00.000,58,32,26
2015-08-05T06:00:00.000,179,117,62
2015-08-05T07:00:00.000,450,322,128
2015-08-05T08:00:00.000,535,336,199
2015-08-05T09:00:00.000,270,158,112
2015-08-05T10:00:00.000,102,55,47
2015-08-05T11:00:00.000,93,49,44
2015-08-05T12:00:00.000,89,47,42
2015-08-05T13:00:00.000,77,38,39
2015-08-05T14:00:00.000,104,44,60
2015-08-05T15:00:00.000,154,67,87
2015-08-05T16:00:00.000,376,134,242
2015-08-05T17:00:00.000,676,175,501
2015-08-05T18:00:00.000,462,177,285
2015-08-05T19:00:00.000,193,80,113
2015-08-05T20:00:00.000,125,54,71
2015-08-05T21:00:00.000,60,30,30
2015-08-05T22:00:00.000,40,22,18
2015-08-05T23:00:00.000,31,14,17
2015-08-06T00:00:00.000,23,5,18
2015-08-06T01:00:00.000,4,3,1
2015-08-06T02:00:00.000,3,1,2
2015-08-06T03:00:00.000,5,2,3
2015-08-06T04:00:00.000,8,4,4
2015-08-06T05:00:00.000,35,22,13
2015-08-06T06:00:00.000,154,96,58
2015-08-06T07:00:00.000,488,269,219
2015-08-06T08:00:00.000,553,363,190
2015-08-06T09:00:00.000,272,163,109
2015-08-06T10:00:00.000,122,59,63
2015-08-06T11:00:00.000,89,46,43
2015-08-06T12:00:00.000,96,56,40
2015-08-06T13:00:00.000,119,69,50
2015-08-06T14:00:00.000,105,52,53
2015-08-06T15:00:00.000,167,75,92
2015-08-06T16:00:00.000,336,121,215
2015-08-06T17:00:00.000,630,200,430
2015-08-06T18:00:00.000,490,181,309
2015-08-06T19:00:00.000,243,108,135
2015-08-06T20:00:00.000,163,88,75
2015-08-06T21:00:00.000,96,57,39
2015-08-06T22:00:00.000,64,32,32
2015-08-06T23:00:00.000,30,18,12
2015-08-07T00:00:00.000,25,7,18
2015-08-07T01:00:00.000,11,5,6
2015-08-07T02:00:00.000,4,0,4
2015-08-07T03:00:00.000,4,3,1
2015-08-07T04:00:00.000,7,5,2
2015-08-07T05:00:00.000,34,17,17
2015-08-07T06:00:00.000,154,105,49
2015-08-07T07:00:00.000,364,253,111
2015-08-07T08:00:00.000,453,298,155
2015-08-07T09:00:00.000,247,140,107
2015-08-07T10:00:00.000,143,67,76
2015-08-07T11:00:00.000,113,61,52
2015-08-07T12:00:00.000,118,57,61
2015-08-07T13:00:00.000,138,75,63
2015-08-07T14:00:00.000,143,68,75
2015-08-07T15:00:00.000,219,99,120
2015-08-07T16:00:00.000,405,142,263
2015-08-07T17:00:00.000,582,207,375
2015-08-07T18:00:00.000,390,165,225
2015-08-07T19:00:00.000,212,91,121
2015-08-07T20:00:00.000,145,53,92
2015-08-07T21:00:00.000,74,38,36
2015-08-07T22:00:00.000,69,30,39
2015-08-07T23:00:00.000,46,14,32
2015-08-08T00:00:00.000,35,8,27
2015-08-08T01:00:00.000,29,11,18
2015-08-08T02:00:00.000,17,3,14
2015-08-08T03:00:00.000,7,2,5
2015-08-08T04:00:00.000,6,1,5
2015-08-08T05:00:00.000,12,8,4
2015-08-08T06:00:00.000,30,14,16
2015-08-08T07:00:00.000,67,30,37
2015-08-08T08:00:00.000,85,50,35
2015-08-08T09:00:00.000,127,64,63
2015-08-08T10:00:00.000,142,74,68
2015-08-08T11:00:00.000,138,84,54
2015-08-08T12:00:00.000,156,81,75
2015-08-08T13:00:00.000,157,89,68
2015-08-08T14:00:00.000,193,98,95
2015-08-08T15:00:00.000,163,75,88
2015-08-08T16:00:00.000,146,75,71
2015-08-08T17:00:00.000,148,69,79
2015-08-08T18:00:00.000,109,46,63
2015-08-08T19:00:00.000,66,40,26
2015-08-08T20:00:00.000,59,31,28
2015-08-08T21:00:00.000,54,39,15
2015-08-08T22:00:00.000,31,16,15
2015-08-08T23:00:00.000,37,18,19
2015-08-09T00:00:00.000,24,9,15
2015-08-09T01:00:00.000,18,9,9
2015-08-09T02:00:00.000,5,1,4
2015-08-09T03:00:00.000,3,2,1
2015-08-09T04:00:00.000,3,2,1
2015-08-09T05:00:00.000,12,11,1
2015-08-09T06:00:00.000,33,18,15
2015-08-09T07:00:00.000,60,40,20
2015-08-09T08:00:00.000,88,54,34
2015-08-09T09:00:00.000,116,56,60
2015-08-09T10:00:00.000,136,79,57
2015-08-09T11:00:00.000,289,83,206
2015-08-09T12:00:00.000,476,95,381
2015-08-09T13:00:00.000,450,122,328
2015-08-09T14:00:00.000,278,104,174
2015-08-09T15:00:00.000,211,101,110
2015-08-09T16:00:00.000,210,127,83
2015-08-09T17:00:00.000,174,97,77
2015-08-09T18:00:00.000,117,54,63
2015-08-09T19:00:00.000,86,52,34
2015-08-09T20:00:00.000,57,29,28
2015-08-09T21:00:00.000,55,32,23
2015-08-09T22:00:00.000,29,11,18
2015-08-09T23:00:00.000,15,7,8
2015-08-10T00:00:00.000,11,1,10
2015-08-10T01:00:00.000,7,2,5
2015-08-10T02:00:00.000,5,2,3
2015-08-10T03:00:00.000,3,2,1
2015-08-10T04:00:00.000,13,5,8
2015-08-10T05:00:00.000,43,24,19
2015-08-10T06:00:00.000,172,114,58
2015-08-10T07:00:00.000,396,272,124
2015-08-10T08:00:00.000,452,304,148
2015-08-10T09:00:00.000,260,146,114
2015-08-10T10:00:00.000,117,62,55
2015-08-10T11:00:00.000,78,37,41
2015-08-10T12:00:00.000,103,60,43
2015-08-10T13:00:00.000,105,52,53
2015-08-10T14:00:00.000,95,47,48
2015-08-10T15:00:00.000,137,54,83
2015-08-10T16:00:00.000,318,121,197
2015-08-10T17:00:00.000,621,179,442
2015-08-10T18:00:00.000,446,167,279
2015-08-10T19:00:00.000,212,91,121
2015-08-10T20:00:00.000,156,73,83
2015-08-10T21:00:00.000,81,35,46
2015-08-10T22:00:00.000,43,26,17
2015-08-10T23:00:00.000,24,15,9
2015-08-11T00:00:00.000,15,6,9
2015-08-11T01:00:00.000,7,2,5
2015-08-11T02:00:00.000,1,1,0
2015-08-11T03:00:00.000,3,1,2
2015-08-11T04:00:00.000,13,6,7
2015-08-11T05:00:00.000,54,30,24
2015-08-11T06:00:00.000,145,95,50
2015-08-11T07:00:00.000,455,322,133
2015-08-11T08:00:00.000,628,422,206
2015-08-11T09:00:00.000,282,171,111
2015-08-11T10:00:00.000,123,79,44
2015-08-11T11:00:00.000,111,53,58
2015-08-11T12:00:00.000,108,57,51
2015-08-11T13:00:00.000,126,68,58
2015-08-11T14:00:00.000,117,65,52
2015-08-11T15:00:00.000,157,61,96
2015-08-11T16:00:00.000,318,110,208
2015-08-11T17:00:00.000,742,227,515
2015-08-11T18:00:00.000,533,178,355
2015-08-11T19:00:00.000,256,101,155
2015-08-11T20:00:00.000,151,71,80
2015-08-11T21:00:00.000,91,41,50
2015-08-11T22:00:00.000,52,25,27
2015-08-11T23:00:00.000,42,19,23
2015-08-12T00:00:00.000,13,5,8
2015-08-12T01:00:00.000,10,5,5
2015-08-12T02:00:00.000,5,5,0
2015-08-12T03:00:00.000,2,1,1
2015-08-12T04:00:00.000,12,9,3
2015-08-12T05:00:00.000,58,39,19
2015-08-12T06:00:00.000,161,113,48
2015-08-12T07:00:00.000,477,322,155
2015-08-12T08:00:00.000,581,382,199
2015-08-12T09:00:00.000,319,205,114
2015-08-12T10:00:00.000,118,63,55
2015-08-12T11:00:00.000,111,63,48
2015-08-12T12:00:00.000,80,43,37
2015-08-12T13:00:00.000,88,42,46
2015-08-12T14:00:00.000,102,48,54
2015-08-12T15:00:00.000,127,56,71
2015-08-12T16:00:00.000,398,134,264
2015-08-12T17:00:00.000,710,216,494
2015-08-12T18:00:00.000,455,151,304
2015-08-12T19:00:00.000,246,93,153
2015-08-12T20:00:00.000,157,64,93
2015-08-12T21:00:00.000,94,44,50
2015-08-12T22:00:00.000,46,19,27
2015-08-12T23:00:00.000,33,21,12
2015-08-13T00:00:00.000,17,9,8
2015-08-13T01:00:00.000,7,5,2
2015-08-13T02:00:00.000,5,5,0
2015-08-13T03:00:00.000,3,1,2
2015-08-13T04:00:00.000,10,5,5
2015-08-13T05:00:00.000,37,21,16
2015-08-13T06:00:00.000,162,108,54
2015-08-13T07:00:00.000,434,300,134
2015-08-13T08:00:00.000,613,392,221
2015-08-13T09:00:00.000,262,155,107
2015-08-13T10:00:00.000,143,77,66
2015-08-13T11:00:00.000,89,47,42
2015-08-13T12:00:00.000,103,58,45
2015-08-13T13:00:00.000,133,75,58
2015-08-13T14:00:00.000,131,59,72
2015-08-13T15:00:00.000,175,89,86
2015-08-13T16:00:00.000,357,115,242
2015-08-13T17:00:00.000,675,180,495
2015-08-13T18:00:00.000,474,175,299
2015-08-13T19:00:00.000,231,93,138
2015-08-13T20:00:00.000,173,69,104
2015-08-13T21:00:00.000,86,49,37
2015-08-13T22:00:00.000,76,34,42
2015-08-13T23:00:00.000,32,12,20
2015-08-14T00:00:00.000,17,9,8
2015-08-14T01:00:00.000,9,3,6
2015-08-14T02:00:00.000,3,3,0
2015-08-14T03:00:00.000,2,0,2
2015-08-14T04:00:00.000,12,5,7
2015-08-14T05:00:00.000,38,19,19
2015-08-14T06:00:00.000,105,68,37
2015-08-14T07:00:00.000,240,159,81
2015-08-14T08:00:00.000,344,241,103
2015-08-14T09:00:00.000,205,127,78
2015-08-14T10:00:00.000,98,43,55
2015-08-14T11:00:00.000,59,30,29
2015-08-14T12:00:00.000,65,26,39
2015-08-14T13:00:00.000,39,22,17
2015-08-14T14:00:00.000,38,19,19
2015-08-14T15:00:00.000,72,19,53
2015-08-14T16:00:00.000,133,43,90
2015-08-14T17:00:00.000,283,84,199
2015-08-14T18:00:00.000,144,45,99
2015-08-14T19:00:00.000,63,23,40
2015-08-14T20:00:00.000,33,13,20
2015-08-14T21:00:00.000,26,12,14
2015-08-14T22:00:00.000,20,8,12
2015-08-14T23:00:00.000,14,4,10
2015-08-15T00:00:00.000,17,4,13
2015-08-15T01:00:00.000,6,1,5
2015-08-15T02:00:00.000,6,2,4
2015-08-15T03:00:00.000,4,4,0
2015-08-15T04:00:00.000,5,2,3
2015-08-15T05:00:00.000,17,11,6
2015-08-15T06:00:00.000,34,9,25
2015-08-15T07:00:00.000,31,16,15
2015-08-15T08:00:00.000,79,41,38
2015-08-15T09:00:00.000,67,32,35
2015-08-15T10:00:00.000,112,51,61
2015-08-15T11:00:00.000,114,60,54
2015-08-15T12:00:00.000,113,63,50
2015-08-15T13:00:00.000,148,74,74
2015-08-15T14:00:00.000,163,78,85
2015-08-15T15:00:00.000,153,90,63
2015-08-15T16:00:00.000,135,65,70
2015-08-15T17:00:00.000,166,84,82
2015-08-15T18:00:00.000,105,54,51
2015-08-15T19:00:00.000,70,28,42
2015-08-15T20:00:00.000,50,22,28
2015-08-15T21:00:00.000,49,14,35
2015-08-15T22:00:00.000,34,15,19
2015-08-15T23:00:00.000,24,10,14
2015-08-16T00:00:00.000,20,11,9
2015-08-16T01:00:00.000,14,5,9
2015-08-16T02:00:00.000,8,3,5
2015-08-16T03:00:00.000,3,0,3
2015-08-16T04:00:00.000,8,7,1
2015-08-16T05:00:00.000,6,3,3
2015-08-16T06:00:00.000,12,6,6
2015-08-16T07:00:00.000,23,8,15
2015-08-16T08:00:00.000,71,36,35
2015-08-16T09:00:00.000,114,49,65
2015-08-16T10:00:00.000,150,85,65
2015-08-16T11:00:00.000,183,105,78
2015-08-16T12:00:00.000,202,110,92
2015-08-16T13:00:00.000,253,153,100
2015-08-16T14:00:00.000,204,115,89
2015-08-16T15:00:00.000,225,114,111
2015-08-16T16:00:00.000,245,105,140
2015-08-16T17:00:00.000,176,82,94
2015-08-16T18:00:00.000,139,74,65
2015-08-16T19:00:00.000,114,62,52
2015-08-16T20:00:00.000,63,31,32
2015-08-16T21:00:00.000,56,30,26
2015-08-16T22:00:00.000,30,13,17
2015-08-16T23:00:00.000,14,6,8
2015-08-17T00:00:00.000,18,6,12
2015-08-17T01:00:00.000,4,0,4
2015-08-17T02:00:00.000,4,1,3
2015-08-17T03:00:00.000,6,6,0
2015-08-17T04:00:00.000,11,6,5
2015-08-17T05:00:00.000,48,34,14
2015-08-17T06:00:00.000,162,118,44
2015-08-17T07:00:00.000,452,320,132
2015-08-17T08:00:00.000,530,369,161
2015-08-17T09:00:00.000,275,161,114
2015-08-17T10:00:00.000,131,82,49
2015-08-17T11:00:00.000,111,56,55
2015-08-17T12:00:00.000,105,59,46
2015-08-17T13:00:00.000,102,52,50
2015-08-17T14:00:00.000,122,53,69
2015-08-17T15:00:00.000,145,59,86
2015-08-17T16:00:00.000,343,127,216
2015-08-17T17:00:00.000,733,209,524
2015-08-17T18:00:00.000,480,164,316
2015-08-17T19:00:00.000,238,102,136
2015-08-17T20:00:00.000,145,74,71
2015-08-17T21:00:00.000,76,40,36
2015-08-17T22:00:00.000,41,23,18
2015-08-17T23:00:00.000,37,25,12
2015-08-18T00:00:00.000,17,5,12
2015-08-18T01:00:00.000,3,2,1
2015-08-18T02:00:00.000,7,3,4
2015-08-18T03:00:00.000,3,3,0
2015-08-18T04:00:00.000,15,8,7
2015-08-18T05:00:00.000,46,28,18
2015-08-18T06:00:00.000,152,100,52
2015-08-18T07:00:00.000,457,323,134
2015-08-18T08:00:00.000,614,406,208
2015-08-18T09:00:00.000,292,165,127
2015-08-18T10:00:00.000,126,70,56
2015-08-18T11:00:00.000,105,59,46
2015-08-18T12:00:00.000,86,44,42
2015-08-18T13:00:00.000,98,53,45
2015-08-18T14:00:00.000,111,49,62
2015-08-18T15:00:00.000,166,66,100
2015-08-18T16:00:00.000,359,130,229
2015-08-18T17:00:00.000,704,218,486
2015-08-18T18:00:00.000,527,174,353
2015-08-18T19:00:00.000,269,119,150
2015-08-18T20:00:00.000,161,64,97
2015-08-18T21:00:00.000,101,52,49
2015-08-18T22:00:00.000,64,30,34
2015-08-18T23:00:00.000,25,12,13
2015-08-19T00:00:00.000,19,9,10
2015-08-19T01:00:00.000,12,7,5
2015-08-19T02:00:00.000,4,1,3
2015-08-19T03:00:00.000,2,1,1
2015-08-19T04:00:00.000,9,6,3
2015-08-19T05:00:00.000,49,29,20
2015-08-19T06:00:00.000,180,118,62
2015-08-19T07:00:00.000,485,337,148
2015-08-19T08:00:00.000,566,377,189
2015-08-19T09:00:00.000,296,186,110
2015-08-19T10:00:00.000,141,82,59
2015-08-19T11:00:00.000,104,53,51
2015-08-19T12:00:00.000,109,46,63
2015-08-19T13:00:00.000,117,58,59
2015-08-19T14:00:00.000,106,61,45
2015-08-19T15:00:00.000,205,82,123
2015-08-19T16:00:00.000,345,124,221
2015-08-19T17:00:00.000,660,192,468
2015-08-19T18:00:00.000,497,165,332
2015-08-19T19:00:00.000,279,96,183
2015-08-19T20:00:00.000,141,53,88
2015-08-19T21:00:00.000,117,50,67
2015-08-19T22:00:00.000,62,31,31
2015-08-19T23:00:00.000,43,21,22
2015-08-20T00:00:00.000,11,4,7
2015-08-20T01:00:00.000,5,1,4
2015-08-20T02:00:00.000,6,5,1
2015-08-20T03:00:00.000,0,0,0
2015-08-20T04:00:00.000,9,7,2
2015-08-20T05:00:00.000,36,24,12
2015-08-20T06:00:00.000,155,101,54
2015-08-20T07:00:00.000,390,254,136
2015-08-20T08:00:00.000,501,313,188
2015-08-20T09:00:00.000,267,161,106
2015-08-20T10:00:00.000,110,62,48
2015-08-20T11:00:00.000,76,46,30
2015-08-20T12:00:00.000,76,38,38
2015-08-20T13:00:00.000,110,57,53
2015-08-20T14:00:00.000,92,39,53
2015-08-20T15:00:00.000,129,52,77
2015-08-20T16:00:00.000,301,107,194
2015-08-20T17:00:00.000,584,166,418
2015-08-20T18:00:00.000,446,169,277
2015-08-20T19:00:00.000,254,99,155
2015-08-20T20:00:00.000,131,57,74
2015-08-20T21:00:00.000,82,38,44
2015-08-20T22:00:00.000,49,23,26
2015-08-20T23:00:00.000,26,10,16
2015-08-21T00:00:00.000,16,4,12
2015-08-21T01:00:00.000,5,1,4
2015-08-21T02:00:00.000,5,4,1
2015-08-21T03:00:00.000,1,1,0
2015-08-21T04:00:00.000,9,5,4
2015-08-21T05:00:00.000,27,18,9
2015-08-21T06:00:00.000,118,81,37
2015-08-21T07:00:00.000,341,235,106
2015-08-21T08:00:00.000,446,297,149
2015-08-21T09:00:00.000,264,173,91
2015-08-21T10:00:00.000,91,55,36
2015-08-21T11:00:00.000,106,50,56
2015-08-21T12:00:00.000,99,43,56
2015-08-21T13:00:00.000,120,61,59
2015-08-21T14:00:00.000,130,61,69
2015-08-21T15:00:00.000,200,88,112
2015-08-21T16:00:00.000,337,122,215
2015-08-21T17:00:00.000,533,171,362
2015-08-21T18:00:00.000,312,120,192
2015-08-21T19:00:00.000,166,73,93
2015-08-21T20:00:00.000,104,52,52
2015-08-21T21:00:00.000,60,30,30
2015-08-21T22:00:00.000,65,33,32
2015-08-21T23:00:00.000,51,19,32
2015-08-22T00:00:00.000,18,5,13
2015-08-22T01:00:00.000,24,14,10
2015-08-22T02:00:00.000,10,5,5
2015-08-22T03:00:00.000,7,5,2
2015-08-22T04:00:00.000,4,2,2
2015-08-22T05:00:00.000,9,7,2
2015-08-22T06:00:00.000,29,16,13
2015-08-22T07:00:00.000,65,35,30
2015-08-22T08:00:00.000,70,38,32
2015-08-22T09:00:00.000,147,87,60
2015-08-22T10:00:00.000,190,148,42
2015-08-22T11:00:00.000,156,89,67
2015-08-22T12:00:00.000,148,79,69
2015-08-22T13:00:00.000,177,78,99
2015-08-22T14:00:00.000,172,83,89
2015-08-22T15:00:00.000,170,86,84
2015-08-22T16:00:00.000,160,83,77
2015-08-22T17:00:00.000,148,63,85
2015-08-22T18:00:00.000,117,63,54
2015-08-22T19:00:00.000,85,43,42
2015-08-22T20:00:00.000,64,27,37
2015-08-22T21:00:00.000,54,32,22
2015-08-22T22:00:00.000,39,20,19
2015-08-22T23:00:00.000,27,8,19
2015-08-23T00:00:00.000,27,12,15
2015-08-23T01:00:00.000,8,3,5
2015-08-23T02:00:00.000,13,8,5
2015-08-23T03:00:00.000,6,4,2
2015-08-23T04:00:00.000,5,3,2
2015-08-23T05:00:00.000,6,5,1
2015-08-23T06:00:00.000,18,7,11
2015-08-23T07:00:00.000,40,24,16
2015-08-23T08:00:00.000,77,45,32
2015-08-23T09:00:00.000,109,63,46
2015-08-23T10:00:00.000,123,60,63
2015-08-23T11:00:00.000,163,103,60
2015-08-23T12:00:00.000,197,85,112
2015-08-23T13:00:00.000,191,106,85
2015-08-23T14:00:00.000,159,90,69
2015-08-23T15:00:00.000,155,98,57
2015-08-23T16:00:00.000,155,80,75
2015-08-23T17:00:00.000,173,92,81
2015-08-23T18:00:00.000,132,63,69
2015-08-23T19:00:00.000,71,34,37
2015-08-23T20:00:00.000,85,35,50
2015-08-23T21:00:00.000,39,23,16
2015-08-23T22:00:00.000,44,19,25
2015-08-23T23:00:00.000,20,11,9
2015-08-24T00:00:00.000,13,2,11
2015-08-24T01:00:00.000,10,3,7
2015-08-24T02:00:00.000,4,2,2
2015-08-24T03:00:00.000,2,2,0
2015-08-24T04:00:00.000,10,7,3
2015-08-24T05:00:00.000,44,29,15
2015-08-24T06:00:00.000,142,95,47
2015-08-24T07:00:00.000,447,318,129
2015-08-24T08:00:00.000,534,354,180
2015-08-24T09:00:00.000,266,153,113
2015-08-24T10:00:00.000,105,52,53
2015-08-24T11:00:00.000,98,52,46
2015-08-24T12:00:00.000,102,49,53
2015-08-24T13:00:00.000,106,42,64
2015-08-24T14:00:00.000,112,66,46
2015-08-24T15:00:00.000,167,71,96
2015-08-24T16:00:00.000,339,134,205
2015-08-24T17:00:00.000,629,169,460
2015-08-24T18:00:00.000,463,167,296
2015-08-24T19:00:00.000,216,96,120
2015-08-24T20:00:00.000,131,59,72
2015-08-24T21:00:00.000,60,24,36
2015-08-24T22:00:00.000,38,18,20
2015-08-24T23:00:00.000,34,15,19
2015-08-25T00:00:00.000,17,6,11
2015-08-25T01:00:00.000,5,3,2
2015-08-25T02:00:00.000,8,2,6
2015-08-25T03:00:00.000,5,0,5
2015-08-25T04:00:00.000,8,8,0
2015-08-25T05:00:00.000,53,32,21
2015-08-25T06:00:00.000,155,108,47
2015-08-25T07:00:00.000,459,331,128
2015-08-25T08:00:00.000,615,403,212
2015-08-25T09:00:00.000,279,161,118
2015-08-25T10:00:00.000,174,112,62
2015-08-25T11:00:00.000,98,50,48
2015-08-25T12:00:00.000,91,42,49
2015-08-25T13:00:00.000,109,55,54
2015-08-25T14:00:00.000,123,57,66
2015-08-25T15:00:00.000,160,71,89
2015-08-25T16:00:00.000,373,144,229
2015-08-25T17:00:00.000,714,215,499
2015-08-25T18:00:00.000,497,195,302
2015-08-25T19:00:00.000,262,116,146
2015-08-25T20:00:00.000,130,55,75
2015-08-25T21:00:00.000,65,35,30
2015-08-25T22:00:00.000,42,15,27
2015-08-25T23:00:00.000,31,12,19
2015-08-26T00:00:00.000,18,7,11
2015-08-26T01:00:00.000,7,5,2
2015-08-26T02:00:00.000,9,5,4
2015-08-26T03:00:00.000,2,1,1
2015-08-26T04:00:00.000,15,11,4
2015-08-26T05:00:00.000,49,30,19
2015-08-26T06:00:00.000,167,110,57
2015-08-26T07:00:00.000,436,306,130
2015-08-26T08:00:00.000,555,354,201
2015-08-26T09:00:00.000,283,174,109
2015-08-26T10:00:00.000,120,60,60
2015-08-26T11:00:00.000,101,58,43
2015-08-26T12:00:00.000,88,44,44
2015-08-26T13:00:00.000,103,46,57
2015-08-26T14:00:00.000,118,47,71
2015-08-26T15:00:00.000,139,58,81
2015-08-26T16:00:00.000,375,148,227
2015-08-26T17:00:00.000,719,206,513
2015-08-26T18:00:00.000,509,181,328
2015-08-26T19:00:00.000,211,90,121
2015-08-26T20:00:00.000,138,65,73
2015-08-26T21:00:00.000,97,48,49
2015-08-26T22:00:00.000,41,25,16
2015-08-26T23:00:00.000,31,17,14
2015-08-27T00:00:00.000,18,9,9
2015-08-27T01:00:00.000,4,2,2
2015-08-27T02:00:00.000,4,2,2
2015-08-27T03:00:00.000,3,1,2
2015-08-27T04:00:00.000,4,2,2
2015-08-27T05:00:00.000,49,35,14
2015-08-27T06:00:00.000,143,104,39
2015-08-27T07:00:00.000,416,287,129
2015-08-27T08:00:00.000,587,383,204
2015-08-27T09:00:00.000,278,174,104
2015-08-27T10:00:00.000,131,78,53
2015-08-27T11:00:00.000,95,56,39
2015-08-27T12:00:00.000,107,49,58
2015-08-27T13:00:00.000,137,75,62
2015-08-27T14:00:00.000,123,46,77
2015-08-27T15:00:00.000,150,64,86
2015-08-27T16:00:00.000,353,123,230
2015-08-27T17:00:00.000,671,222,449
2015-08-27T18:00:00.000,490,173,317
2015-08-27T19:00:00.000,220,86,134
2015-08-27T20:00:00.000,161,72,89
2015-08-27T21:00:00.000,93,48,45
2015-08-27T22:00:00.000,49,30,19
2015-08-27T23:00:00.000,50,28,22
2015-08-28T00:00:00.000,18,8,10
2015-08-28T01:00:00.000,4,3,1
2015-08-28T02:00:00.000,2,1,1
2015-08-28T03:00:00.000,4,2,2
2015-08-28T04:00:00.000,11,7,4
2015-08-28T05:00:00.000,29,19,10
2015-08-28T06:00:00.000,85,63,22
2015-08-28T07:00:00.000,221,151,70
2015-08-28T08:00:00.000,351,239,112
2015-08-28T09:00:00.000,184,101,83
2015-08-28T10:00:00.000,94,46,48
2015-08-28T11:00:00.000,75,47,28
2015-08-28T12:00:00.000,90,33,57
2015-08-28T13:00:00.000,73,38,35
2015-08-28T14:00:00.000,93,48,45
2015-08-28T15:00:00.000,142,59,83
2015-08-28T16:00:00.000,256,98,158
2015-08-28T17:00:00.000,409,133,276
2015-08-28T18:00:00.000,224,84,140
2015-08-28T19:00:00.000,105,33,72
2015-08-28T20:00:00.000,81,37,44
2015-08-28T21:00:00.000,46,24,22
2015-08-28T22:00:00.000,25,9,16
2015-08-28T23:00:00.000,31,17,14
2015-08-29T00:00:00.000,21,6,15
2015-08-29T01:00:00.000,15,6,9
2015-08-29T02:00:00.000,12,9,3
2015-08-29T03:00:00.000,3,2,1
2015-08-29T04:00:00.000,6,2,4
2015-08-29T05:00:00.000,2,2,0
2015-08-29T06:00:00.000,8,4,4
2015-08-29T07:00:00.000,13,7,6
2015-08-29T08:00:00.000,27,14,13
2015-08-29T09:00:00.000,35,22,13
2015-08-29T10:00:00.000,52,31,21
2015-08-29T11:00:00.000,45,23,22
2015-08-29T12:00:00.000,36,19,17
2015-08-29T13:00:00.000,53,25,28
2015-08-29T14:00:00.000,63,38,25
2015-08-29T15:00:00.000,60,32,28
2015-08-29T16:00:00.000,72,34,38
2015-08-29T17:00:00.000,54,25,29
2015-08-29T18:00:00.000,46,20,26
2015-08-29T19:00:00.000,28,20,8
2015-08-29T20:00:00.000,20,8,12
2015-08-29T21:00:00.000,11,8,3
2015-08-29T22:00:00.000,5,1,4
2015-08-29T23:00:00.000,12,7,5
2015-08-30T00:00:00.000,4,1,3
2015-08-30T01:00:00.000,4,3,1
2015-08-30T02:00:00.000,0,0,0
2015-08-30T03:00:00.000,3,2,1
2015-08-30T04:00:00.000,4,2,2
2015-08-30T05:00:00.000,4,1,3
2015-08-30T06:00:00.000,5,3,2
2015-08-30T07:00:00.000,6,4,2
2015-08-30T08:00:00.000,24,16,8
2015-08-30T09:00:00.000,32,19,13
2015-08-30T10:00:00.000,43,27,16
2015-08-30T11:00:00.000,98,57,41
2015-08-30T12:00:00.000,123,80,43
2015-08-30T13:00:00.000,128,84,44
2015-08-30T14:00:00.000,120,63,57
2015-08-30T15:00:00.000,109,65,44
2015-08-30T16:00:00.000,129,57,72
2015-08-30T17:00:00.000,103,51,52
2015-08-30T18:00:00.000,88,41,47
2015-08-30T19:00:00.000,70,40,30
2015-08-30T20:00:00.000,62,23,39
2015-08-30T21:00:00.000,20,15,5
2015-08-30T22:00:00.000,18,11,7
2015-08-30T23:00:00.000,16,7,9
2015-08-31T00:00:00.000,10,3,7
2015-08-31T01:00:00.000,5,2,3
2015-08-31T02:00:00.000,3,1,2
2015-08-31T03:00:00.000,4,3,1
2015-08-31T04:00:00.000,7,2,5
2015-08-31T05:00:00.000,26,15,11
2015-08-31T06:00:00.000,122,71,51
2015-08-31T07:00:00.000,309,200,109
2015-08-31T08:00:00.000,420,270,150
2015-08-31T09:00:00.000,193,109,84
2015-08-31T10:00:00.000,79,53,26
2015-08-31T11:00:00.000,48,28,20
2015-08-31T12:00:00.000,54,28,26
2015-08-31T13:00:00.000,57,25,32
2015-08-31T14:00:00.000,76,33,43
2015-08-31T15:00:00.000,80,29,51
2015-08-31T16:00:00.000,216,77,139
2015-08-31T17:00:00.000,480,130,350
2015-08-31T18:00:00.000,311,101,210
2015-08-31T19:00:00.000,171,59,112
2015-08-31T20:00:00.000,57,33,24
2015-08-31T21:00:00.000,46,22,24
2015-08-31T22:00:00.000,31,9,22
2015-08-31T23:00:00.000,18,7,11
2015-09-01T00:00:00.000,8,6,2
2015-09-01T01:00:00.000,2,1,1
2015-09-01T02:00:00.000,4,1,3
2015-09-01T03:00:00.000,4,1,3
2015-09-01T04:00:00.000,5,3,2
2015-09-01T05:00:00.000,40,23,17
2015-09-01T06:00:00.000,127,88,39
2015-09-01T07:00:00.000,330,227,103
2015-09-01T08:00:00.000,415,273,142
2015-09-01T09:00:00.000,175,115,60
2015-09-01T10:00:00.000,64,36,28
2015-09-01T11:00:00.000,43,25,18
2015-09-01T12:00:00.000,75,45,30
2015-09-01T13:00:00.000,64,22,42
2015-09-01T14:00:00.000,76,43,33
2015-09-01T15:00:00.000,85,35,50
2015-09-01T16:00:00.000,218,85,133
2015-09-01T17:00:00.000,520,142,378
2015-09-01T18:00:00.000,320,106,214
2015-09-01T19:00:00.000,148,46,102
2015-09-01T20:00:00.000,63,27,36
2015-09-01T21:00:00.000,37,17,20
2015-09-01T22:00:00.000,35,17,18
2015-09-01T23:00:00.000,18,9,9
2015-09-02T00:00:00.000,13,7,6
2015-09-02T01:00:00.000,3,0,3
2015-09-02T02:00:00.000,5,3,2
2015-09-02T03:00:00.000,4,3,1
2015-09-02T04:00:00.000,12,9,3
2015-09-02T05:00:00.000,40,25,15
2015-09-02T06:00:00.000,155,104,51
2015-09-02T07:00:00.000,369,242,127
2015-09-02T08:00:00.000,476,303,173
2015-09-02T09:00:00.000,249,155,94
2015-09-02T10:00:00.000,92,51,41
2015-09-02T11:00:00.000,63,30,33
2015-09-02T12:00:00.000,83,48,35
2015-09-02T13:00:00.000,88,42,46
2015-09-02T14:00:00.000,91,53,38
2015-09-02T15:00:00.000,136,56,80
2015-09-02T16:00:00.000,322,129,193
2015-09-02T17:00:00.000,607,191,416
2015-09-02T18:00:00.000,399,133,266
2015-09-02T19:00:00.000,193,76,117
2015-09-02T20:00:00.000,108,39,69
2015-09-02T21:00:00.000,48,23,25
2015-09-02T22:00:00.000,30,12,18
2015-09-02T23:00:00.000,26,11,15
2015-09-03T00:00:00.000,8,4,4
2015-09-03T01:00:00.000,9,6,3
2015-09-03T02:00:00.000,2,0,2
2015-09-03T03:00:00.000,3,2,1
2015-09-03T04:00:00.000,7,2,5
2015-09-03T05:00:00.000,34,18,16
2015-09-03T06:00:00.000,129,89,40
2015-09-03T07:00:00.000,327,218,109
2015-09-03T08:00:00.000,391,253,138
2015-09-03T09:00:00.000,217,136,81
2015-09-03T10:00:00.000,92,53,39
2015-09-03T11:00:00.000,86,48,38
2015-09-03T12:00:00.000,74,35,39
2015-09-03T13:00:00.000,72,31,41
2015-09-03T14:00:00.000,91,44,47
2015-09-03T15:00:00.000,142,48,94
2015-09-03T16:00:00.000,286,118,168
2015-09-03T17:00:00.000,460,151,309
2015-09-03T18:00:00.000,330,120,210
2015-09-03T19:00:00.000,167,69,98
2015-09-03T20:00:00.000,112,38,74
2015-09-03T21:00:00.000,45,19,26
2015-09-03T22:00:00.000,45,18,27
2015-09-03T23:00:00.000,30,12,18
2015-09-04T00:00:00.000,11,8,3
2015-09-04T01:00:00.000,4,2,2
2015-09-04T02:00:00.000,3,1,2
2015-09-04T03:00:00.000,5,3,2
2015-09-04T04:00:00.000,5,3,2
2015-09-04T05:00:00.000,37,24,13
2015-09-04T06:00:00.000,108,80,28
2015-09-04T07:00:00.000,301,219,82
2015-09-04T08:00:00.000,369,235,134
2015-09-04T09:00:00.000,211,121,90
2015-09-04T10:00:00.000,79,50,29
2015-09-04T11:00:00.000,68,30,38
2015-09-04T12:00:00.000,66,30,36
2015-09-04T13:00:00.000,71,37,34
2015-09-04T14:00:00.000,126,58,68
2015-09-04T15:00:00.000,196,60,136
2015-09-04T16:00:00.000,282,101,181
2015-09-04T17:00:00.000,413,138,275
2015-09-04T18:00:00.000,292,105,187
2015-09-04T19:00:00.000,130,56,74
2015-09-04T20:00:00.000,78,27,51
2015-09-04T21:00:00.000,35,18,17
2015-09-04T22:00:00.000,27,14,13
2015-09-04T23:00:00.000,20,5,15
2015-09-05T00:00:00.000,20,8,12
2015-09-05T01:00:00.000,11,5,6
2015-09-05T02:00:00.000,6,3,3
2015-09-05T03:00:00.000,3,3,0
2015-09-05T04:00:00.000,3,1,2
2015-09-05T05:00:00.000,11,9,2
2015-09-05T06:00:00.000,23,15,8
2015-09-05T07:00:00.000,36,17,19
2015-09-05T08:00:00.000,69,33,36
2015-09-05T09:00:00.000,117,62,55
2015-09-05T10:00:00.000,102,61,41
2015-09-05T11:00:00.000,149,74,75
2015-09-05T12:00:00.000,157,88,69
2015-09-05T13:00:00.000,172,101,71
2015-09-05T14:00:00.000,147,81,66
2015-09-05T15:00:00.000,197,99,98
2015-09-05T16:00:00.000,141,80,61
2015-09-05T17:00:00.000,51,22,29
2015-09-05T18:00:00.000,48,20,28
2015-09-05T19:00:00.000,38,20,18
2015-09-05T20:00:00.000,25,8,17
2015-09-05T21:00:00.000,29,8,21
2015-09-05T22:00:00.000,16,5,11
2015-09-05T23:00:00.000,25,3,22
2015-09-06T00:00:00.000,12,2,10
2015-09-06T01:00:00.000,11,6,5
2015-09-06T02:00:00.000,4,1,3
2015-09-06T03:00:00.000,2,0,2
2015-09-06T04:00:00.000,3,2,1
2015-09-06T05:00:00.000,3,3,0
2015-09-06T06:00:00.000,9,5,4
2015-09-06T07:00:00.000,10,6,4
2015-09-06T08:00:00.000,23,11,12
2015-09-06T09:00:00.000,37,19,18
2015-09-06T10:00:00.000,61,34,27
2015-09-06T11:00:00.000,54,29,25
2015-09-06T12:00:00.000,93,50,43
2015-09-06T13:00:00.000,65,40,25
2015-09-06T14:00:00.000,74,47,27
2015-09-06T15:00:00.000,81,33,48
2015-09-06T16:00:00.000,87,48,39
2015-09-06T17:00:00.000,59,28,31
2015-09-06T18:00:00.000,66,38,28
2015-09-06T19:00:00.000,46,26,20
2015-09-06T20:00:00.000,24,8,16
2015-09-06T21:00:00.000,26,13,13
2015-09-06T22:00:00.000,25,11,14
2015-09-06T23:00:00.000,16,6,10
2015-09-07T00:00:00.000,6,2,4
2015-09-07T01:00:00.000,5,2,3
2015-09-07T02:00:00.000,4,0,4
2015-09-07T03:00:00.000,2,1,1
2015-09-07T04:00:00.000,3,2,1
2015-09-07T05:00:00.000,11,9,2
2015-09-07T06:00:00.000,23,9,14
2015-09-07T07:00:00.000,32,20,12
2015-09-07T08:00:00.000,58,32,26
2015-09-07T09:00:00.000,79,37,42
2015-09-07T10:00:00.000,92,44,48
2015-09-07T11:00:00.000,151,92,59
2015-09-07T12:00:00.000,153,93,60
2015-09-07T13:00:00.000,181,99,82
2015-09-07T14:00:00.000,198,104,94
2015-09-07T15:00:00.000,219,123,96
2015-09-07T16:00:00.000,235,134,101
2015-09-07T17:00:00.000,170,101,69
2015-09-07T18:00:00.000,124,69,55
2015-09-07T19:00:00.000,99,59,40
2015-09-07T20:00:00.000,54,32,22
2015-09-07T21:00:00.000,56,23,33
2015-09-07T22:00:00.000,37,14,23
2015-09-07T23:00:00.000,13,6,7
2015-09-08T00:00:00.000,12,2,10
2015-09-08T01:00:00.000,5,3,2
2015-09-08T02:00:00.000,4,1,3
2015-09-08T03:00:00.000,6,4,2
2015-09-08T04:00:00.000,8,4,4
2015-09-08T05:00:00.000,44,29,15
2015-09-08T06:00:00.000,168,113,55
2015-09-08T07:00:00.000,410,271,139
2015-09-08T08:00:00.000,482,304,178
2015-09-08T09:00:00.000,232,144,88
2015-09-08T10:00:00.000,94,48,46
2015-09-08T11:00:00.000,76,35,41
2015-09-08T12:00:00.000,77,49,28
2015-09-08T13:00:00.000,77,44,33
2015-09-08T14:00:00.000,110,52,58
2015-09-08T15:00:00.000,144,68,76
2015-09-08T16:00:00.000,283,105,178
2015-09-08T17:00:00.000,602,151,451
2015-09-08T18:00:00.000,446,144,302
2015-09-08T19:00:00.000,187,75,112
2015-09-08T20:00:00.000,89,39,50
2015-09-08T21:00:00.000,58,29,29
2015-09-08T22:00:00.000,31,11,20
2015-09-08T23:00:00.000,20,8,12
2015-09-09T00:00:00.000,9,4,5
2015-09-09T01:00:00.000,6,2,4
2015-09-09T02:00:00.000,5,1,4
2015-09-09T03:00:00.000,2,2,0
2015-09-09T04:00:00.000,13,7,6
2015-09-09T05:00:00.000,42,26,16
2015-09-09T06:00:00.000,175,119,56
2015-09-09T07:00:00.000,453,313,140
2015-09-09T08:00:00.000,564,376,188
2015-09-09T09:00:00.000,284,160,124
2015-09-09T10:00:00.000,109,61,48
2015-09-09T11:00:00.000,100,56,44
2015-09-09T12:00:00.000,110,50,60
2015-09-09T13:00:00.000,91,41,50
2015-09-09T14:00:00.000,96,44,52
2015-09-09T15:00:00.000,169,72,97
2015-09-09T16:00:00.000,330,120,210
2015-09-09T17:00:00.000,719,218,501
2015-09-09T18:00:00.000,494,178,316
2015-09-09T19:00:00.000,258,100,158
2015-09-09T20:00:00.000,102,41,61
2015-09-09T21:00:00.000,89,37,52
2015-09-09T22:00:00.000,62,28,34
2015-09-09T23:00:00.000,31,14,17
2015-09-10T00:00:00.000,14,6,8
2015-09-10T01:00:00.000,6,5,1
2015-09-10T02:00:00.000,3,1,2
2015-09-10T03:00:00.000,6,4,2
2015-09-10T04:00:00.000,7,5,2
2015-09-10T05:00:00.000,33,21,12
2015-09-10T06:00:00.000,177,123,54
2015-09-10T07:00:00.000,413,280,133
2015-09-10T08:00:00.000,539,348,191
2015-09-10T09:00:00.000,255,146,109
2015-09-10T10:00:00.000,113,69,44
2015-09-10T11:00:00.000,99,46,53
2015-09-10T12:00:00.000,105,51,54
2015-09-10T13:00:00.000,109,59,50
2015-09-10T14:00:00.000,117,53,64
2015-09-10T15:00:00.000,154,78,76
2015-09-10T16:00:00.000,330,121,209
2015-09-10T17:00:00.000,618,191,427
2015-09-10T18:00:00.000,428,151,277
2015-09-10T19:00:00.000,240,91,149
2015-09-10T20:00:00.000,107,44,63
2015-09-10T21:00:00.000,90,41,49
2015-09-10T22:00:00.000,39,19,20
2015-09-10T23:00:00.000,28,8,20
2015-09-11T00:00:00.000,13,8,5
2015-09-11T01:00:00.000,3,1,2
2015-09-11T02:00:00.000,4,0,4
2015-09-11T03:00:00.000,4,3,1
2015-09-11T04:00:00.000,5,3,2
2015-09-11T05:00:00.000,38,27,11
2015-09-11T06:00:00.000,118,79,39
2015-09-11T07:00:00.000,379,262,117
2015-09-11T08:00:00.000,496,347,149
2015-09-11T09:00:00.000,286,168,118
2015-09-11T10:00:00.000,123,72,51
2015-09-11T11:00:00.000,113,52,61
2015-09-11T12:00:00.000,90,43,47
2015-09-11T13:00:00.000,90,47,43
2015-09-11T14:00:00.000,132,58,74
2015-09-11T15:00:00.000,161,74,87
2015-09-11T16:00:00.000,351,128,223
2015-09-11T17:00:00.000,590,186,404
2015-09-11T18:00:00.000,360,134,226
2015-09-11T19:00:00.000,170,68,102
2015-09-11T20:00:00.000,101,48,53
2015-09-11T21:00:00.000,54,23,31
2015-09-11T22:00:00.000,36,15,21
2015-09-11T23:00:00.000,44,17,27
2015-09-12T00:00:00.000,18,7,11
2015-09-12T01:00:00.000,8,3,5
2015-09-12T02:00:00.000,10,5,5
2015-09-12T03:00:00.000,5,2,3
2015-09-12T04:00:00.000,6,3,3
2015-09-12T05:00:00.000,13,6,7
2015-09-12T06:00:00.000,13,5,8
2015-09-12T07:00:00.000,61,28,33
2015-09-12T08:00:00.000,88,37,51
2015-09-12T09:00:00.000,137,73,64
2015-09-12T10:00:00.000,117,71,46
2015-09-12T11:00:00.000,176,99,77
2015-09-12T12:00:00.000,188,102,86
2015-09-12T13:00:00.000,187,120,67
2015-09-12T14:00:00.000,230,131,99
2015-09-12T15:00:00.000,205,117,88
2015-09-12T16:00:00.000,155,73,82
2015-09-12T17:00:00.000,183,84,99
2015-09-12T18:00:00.000,139,83,56
2015-09-12T19:00:00.000,95,61,34
2015-09-12T20:00:00.000,62,30,32
2015-09-12T21:00:00.000,52,22,30
2015-09-12T22:00:00.000,26,11,15
2015-09-12T23:00:00.000,17,5,12
2015-09-13T00:00:00.000,17,8,9
2015-09-13T01:00:00.000,6,2,4
2015-09-13T02:00:00.000,13,3,10
2015-09-13T03:00:00.000,3,2,1
2015-09-13T04:00:00.000,2,2,0
2015-09-13T05:00:00.000,7,4,3
2015-09-13T06:00:00.000,21,13,8
2015-09-13T07:00:00.000,21,8,13
2015-09-13T08:00:00.000,56,27,29
2015-09-13T09:00:00.000,225,41,184
2015-09-13T10:00:00.000,95,33,62
2015-09-13T11:00:00.000,52,24,28
2015-09-13T12:00:00.000,115,92,23
2015-09-13T13:00:00.000,103,80,23
2015-09-13T14:00:00.000,113,60,53
2015-09-13T15:00:00.000,109,63,46
2015-09-13T16:00:00.000,102,49,53
2015-09-13T17:00:00.000,82,50,32
2015-09-13T18:00:00.000,79,43,36
2015-09-13T19:00:00.000,43,21,22
2015-09-13T20:00:00.000,28,8,20
2015-09-13T21:00:00.000,17,6,11
2015-09-13T22:00:00.000,12,6,6
2015-09-13T23:00:00.000,6,3,3
2015-09-14T00:00:00.000,8,6,2
2015-09-14T01:00:00.000,3,0,3
2015-09-14T02:00:00.000,3,2,1
2015-09-14T03:00:00.000,4,2,2
2015-09-14T04:00:00.000,6,6,0
2015-09-14T05:00:00.000,30,21,9
2015-09-14T06:00:00.000,140,102,38
2015-09-14T07:00:00.000,373,250,123
2015-09-14T08:00:00.000,471,317,154
2015-09-14T09:00:00.000,226,141,85
2015-09-14T10:00:00.000,99,53,46
2015-09-14T11:00:00.000,53,27,26
2015-09-14T12:00:00.000,48,25,23
2015-09-14T13:00:00.000,64,37,27
2015-09-14T14:00:00.000,86,41,45
2015-09-14T15:00:00.000,140,54,86
2015-09-14T16:00:00.000,275,111,164
2015-09-14T17:00:00.000,578,164,414
2015-09-14T18:00:00.000,351,122,229
2015-09-14T19:00:00.000,162,61,101
2015-09-14T20:00:00.000,81,34,47
2015-09-14T21:00:00.000,40,19,21
2015-09-14T22:00:00.000,26,12,14
2015-09-14T23:00:00.000,17,8,9
2015-09-15T00:00:00.000,13,4,9
2015-09-15T01:00:00.000,5,4,1
2015-09-15T02:00:00.000,3,1,2
2015-09-15T03:00:00.000,5,2,3
2015-09-15T04:00:00.000,9,7,2
2015-09-15T05:00:00.000,39,18,21
2015-09-15T06:00:00.000,148,100,48
2015-09-15T07:00:00.000,387,272,115
2015-09-15T08:00:00.000,511,341,170
2015-09-15T09:00:00.000,243,144,99
2015-09-15T10:00:00.000,95,60,35
2015-09-15T11:00:00.000,87,46,41
2015-09-15T12:00:00.000,70,37,33
2015-09-15T13:00:00.000,100,59,41
2015-09-15T14:00:00.000,106,55,51
2015-09-15T15:00:00.000,136,55,81
2015-09-15T16:00:00.000,328,130,198
2015-09-15T17:00:00.000,575,162,413
2015-09-15T18:00:00.000,383,130,253
2015-09-15T19:00:00.000,182,71,111
2015-09-15T20:00:00.000,89,37,52
2015-09-15T21:00:00.000,76,33,43
2015-09-15T22:00:00.000,42,13,29
2015-09-15T23:00:00.000,25,14,11
2015-09-16T00:00:00.000,11,6,5
2015-09-16T01:00:00.000,1,1,0
2015-09-16T02:00:00.000,3,2,1
2015-09-16T03:00:00.000,2,2,0
2015-09-16T04:00:00.000,8,3,5
2015-09-16T05:00:00.000,35,22,13
2015-09-16T06:00:00.000,135,92,43
2015-09-16T07:00:00.000,375,252,123
2015-09-16T08:00:00.000,522,344,178
2015-09-16T09:00:00.000,247,155,92
2015-09-16T10:00:00.000,98,54,44
2015-09-16T11:00:00.000,100,62,38
2015-09-16T12:00:00.000,104,50,54
2015-09-16T13:00:00.000,115,59,56
2015-09-16T14:00:00.000,106,45,61
2015-09-16T15:00:00.000,136,59,77
2015-09-16T16:00:00.000,339,134,205
2015-09-16T17:00:00.000,583,160,423
2015-09-16T18:00:00.000,407,133,274
2015-09-16T19:00:00.000,167,55,112
2015-09-16T20:00:00.000,117,48,69
2015-09-16T21:00:00.000,56,23,33
2015-09-16T22:00:00.000,39,9,30
2015-09-16T23:00:00.000,25,12,13
2015-09-17T00:00:00.000,11,4,7
2015-09-17T01:00:00.000,9,3,6
2015-09-17T02:00:00.000,2,1,1
2015-09-17T03:00:00.000,3,3,0
2015-09-17T04:00:00.000,10,4,6
2015-09-17T05:00:00.000,34,24,10
2015-09-17T06:00:00.000,106,71,35
2015-09-17T07:00:00.000,307,212,95
2015-09-17T08:00:00.000,369,231,138
2015-09-17T09:00:00.000,190,116,74
2015-09-17T10:00:00.000,96,53,43
2015-09-17T11:00:00.000,41,25,16
2015-09-17T12:00:00.000,40,22,18
2015-09-17T13:00:00.000,64,30,34
2015-09-17T14:00:00.000,59,25,34
2015-09-17T15:00:00.000,90,34,56
2015-09-17T16:00:00.000,161,56,105
2015-09-17T17:00:00.000,398,91,307
2015-09-17T18:00:00.000,228,69,159
2015-09-17T19:00:00.000,120,37,83
2015-09-17T20:00:00.000,47,21,26
2015-09-17T21:00:00.000,35,16,19
2015-09-17T22:00:00.000,20,7,13
2015-09-17T23:00:00.000,13,5,8
2015-09-18T00:00:00.000,20,8,12
2015-09-18T01:00:00.000,1,0,1
2015-09-18T02:00:00.000,2,0,2
2015-09-18T03:00:00.000,4,4,0
2015-09-18T04:00:00.000,9,6,3
2015-09-18T05:00:00.000,34,25,9
2015-09-18T06:00:00.000,110,78,32
2015-09-18T07:00:00.000,308,219,89
2015-09-18T08:00:00.000,370,236,134
2015-09-18T09:00:00.000,224,133,91
2015-09-18T10:00:00.000,87,51,36
2015-09-18T11:00:00.000,82,40,42
2015-09-18T12:00:00.000,95,49,46
2015-09-18T13:00:00.000,76,26,50
2015-09-18T14:00:00.000,115,61,54
2015-09-18T15:00:00.000,138,60,78
2015-09-18T16:00:00.000,282,113,169
2015-09-18T17:00:00.000,500,163,337
2015-09-18T18:00:00.000,252,79,173
2015-09-18T19:00:00.000,135,44,91
2015-09-18T20:00:00.000,45,17,28
2015-09-18T21:00:00.000,36,14,22
2015-09-18T22:00:00.000,41,20,21
2015-09-18T23:00:00.000,34,15,19
2015-09-19T00:00:00.000,18,5,13
2015-09-19T01:00:00.000,7,5,2
2015-09-19T02:00:00.000,18,7,11
2015-09-19T03:00:00.000,1,0,1
2015-09-19T04:00:00.000,4,3,1
2015-09-19T05:00:00.000,14,10,4
2015-09-19T06:00:00.000,24,14,10
2015-09-19T07:00:00.000,46,24,22
2015-09-19T08:00:00.000,66,30,36
2015-09-19T09:00:00.000,92,52,40
2015-09-19T10:00:00.000,117,65,52
2015-09-19T11:00:00.000,134,67,67
2015-09-19T12:00:00.000,137,62,75
2015-09-19T13:00:00.000,135,78,57
2015-09-19T14:00:00.000,146,87,59
2015-09-19T15:00:00.000,175,89,86
2015-09-19T16:00:00.000,181,97,84
2015-09-19T17:00:00.000,156,87,69
2015-09-19T18:00:00.000,139,71,68
2015-09-19T19:00:00.000,80,48,32
2015-09-19T20:00:00.000,48,26,22
2015-09-19T21:00:00.000,42,22,20
2015-09-19T22:00:00.000,27,17,10
2015-09-19T23:00:00.000,27,15,12
2015-09-20T00:00:00.000,20,12,8
2015-09-20T01:00:00.000,14,8,6
2015-09-20T02:00:00.000,10,5,5
2015-09-20T03:00:00.000,4,3,1
2015-09-20T04:00:00.000,4,3,1
2015-09-20T05:00:00.000,6,5,1
2015-09-20T06:00:00.000,16,11,5
2015-09-20T07:00:00.000,14,9,5
2015-09-20T08:00:00.000,50,29,21
2015-09-20T09:00:00.000,75,44,31
2015-09-20T10:00:00.000,96,65,31
2015-09-20T11:00:00.000,113,52,61
2015-09-20T12:00:00.000,92,44,48
2015-09-20T13:00:00.000,132,63,69
2015-09-20T14:00:00.000,145,84,61
2015-09-20T15:00:00.000,131,71,60
2015-09-20T16:00:00.000,112,63,49
2015-09-20T17:00:00.000,96,49,47
2015-09-20T18:00:00.000,72,38,34
2015-09-20T19:00:00.000,38,22,16
2015-09-20T20:00:00.000,19,9,10
2015-09-20T21:00:00.000,17,9,8
2015-09-20T22:00:00.000,16,8,8
2015-09-20T23:00:00.000,11,6,5
2015-09-21T00:00:00.000,3,1,2
2015-09-21T01:00:00.000,3,1,2
2015-09-21T02:00:00.000,0,0,0
2015-09-21T03:00:00.000,4,4,0
2015-09-21T04:00:00.000,9,6,3
2015-09-21T05:00:00.000,45,28,17
2015-09-21T06:00:00.000,137,92,45
2015-09-21T07:00:00.000,387,260,127
2015-09-21T08:00:00.000,533,338,195
2015-09-21T09:00:00.000,248,159,89
2015-09-21T10:00:00.000,92,56,36
2015-09-21T11:00:00.000,91,54,37
2015-09-21T12:00:00.000,104,54,50
2015-09-21T13:00:00.000,96,39,57
2015-09-21T14:00:00.000,113,52,61
2015-09-21T15:00:00.000,166,67,99
2015-09-21T16:00:00.000,309,113,196
2015-09-21T17:00:00.000,655,190,465
2015-09-21T18:00:00.000,447,161,286
2015-09-21T19:00:00.000,170,59,111
2015-09-21T20:00:00.000,90,42,48
2015-09-21T21:00:00.000,51,21,30
2015-09-21T22:00:00.000,33,18,15
2015-09-21T23:00:00.000,19,9,10
2015-09-22T00:00:00.000,10,7,3
2015-09-22T01:00:00.000,9,2,7
2015-09-22T02:00:00.000,2,1,1
2015-09-22T03:00:00.000,8,5,3
2015-09-22T04:00:00.000,6,2,4
2015-09-22T05:00:00.000,51,27,24
2015-09-22T06:00:00.000,157,97,60
2015-09-22T07:00:00.000,499,365,134
2015-09-22T08:00:00.000,630,420,210
2015-09-22T09:00:00.000,334,210,124
2015-09-22T10:00:00.000,128,69,59
2015-09-22T11:00:00.000,88,50,38
2015-09-22T12:00:00.000,115,71,44
2015-09-22T13:00:00.000,100,45,55
2015-09-22T14:00:00.000,141,60,81
2015-09-22T15:00:00.000,163,67,96
2015-09-22T16:00:00.000,370,126,244
2015-09-22T17:00:00.000,780,239,541
2015-09-22T18:00:00.000,481,154,327
2015-09-22T19:00:00.000,243,81,162
2015-09-22T20:00:00.000,107,36,71
2015-09-22T21:00:00.000,58,24,34
2015-09-22T22:00:00.000,43,17,26
2015-09-22T23:00:00.000,28,15,13
2015-09-23T00:00:00.000,14,7,7
2015-09-23T01:00:00.000,6,5,1
2015-09-23T02:00:00.000,3,2,1
2015-09-23T03:00:00.000,3,3,0
2015-09-23T04:00:00.000,17,12,5
2015-09-23T05:00:00.000,40,29,11
2015-09-23T06:00:00.000,157,97,60
2015-09-23T07:00:00.000,486,341,145
2015-09-23T08:00:00.000,625,424,201
2015-09-23T09:00:00.000,320,210,110
2015-09-23T10:00:00.000,116,58,58
2015-09-23T11:00:00.000,94,47,47
2015-09-23T12:00:00.000,121,69,52
2015-09-23T13:00:00.000,113,60,53
2015-09-23T14:00:00.000,143,78,65
2015-09-23T15:00:00.000,175,83,92
2015-09-23T16:00:00.000,398,149,249
2015-09-23T17:00:00.000,781,250,531
2015-09-23T18:00:00.000,460,154,306
2015-09-23T19:00:00.000,206,69,137
2015-09-23T20:00:00.000,109,43,66
2015-09-23T21:00:00.000,92,34,58
2015-09-23T22:00:00.000,57,31,26
2015-09-23T23:00:00.000,26,15,11
2015-09-24T00:00:00.000,15,10,5
2015-09-24T01:00:00.000,8,4,4
2015-09-24T02:00:00.000,3,1,2
2015-09-24T03:00:00.000,2,2,0
2015-09-24T04:00:00.000,14,7,7
2015-09-24T05:00:00.000,39,24,15
2015-09-24T06:00:00.000,162,115,47
2015-09-24T07:00:00.000,370,253,117
2015-09-24T08:00:00.000,566,386,180
2015-09-24T09:00:00.000,309,203,106
2015-09-24T10:00:00.000,122,71,51
2015-09-24T11:00:00.000,94,54,40
2015-09-24T12:00:00.000,126,73,53
2015-09-24T13:00:00.000,134,69,65
2015-09-24T14:00:00.000,145,60,85
2015-09-24T15:00:00.000,169,69,100
2015-09-24T16:00:00.000,368,134,234
2015-09-24T17:00:00.000,670,207,463
2015-09-24T18:00:00.000,528,167,361
2015-09-24T19:00:00.000,218,76,142
2015-09-24T20:00:00.000,99,36,63
2015-09-24T21:00:00.000,76,31,45
2015-09-24T22:00:00.000,58,24,34
2015-09-24T23:00:00.000,26,10,16
2015-09-25T00:00:00.000,18,10,8
2015-09-25T01:00:00.000,7,2,5
2015-09-25T02:00:00.000,1,0,1
2015-09-25T03:00:00.000,3,3,0
2015-09-25T04:00:00.000,9,5,4
2015-09-25T05:00:00.000,39,26,13
2015-09-25T06:00:00.000,108,80,28
2015-09-25T07:00:00.000,287,204,83
2015-09-25T08:00:00.000,348,236,112
2015-09-25T09:00:00.000,208,119,89
2015-09-25T10:00:00.000,80,45,35
2015-09-25T11:00:00.000,61,28,33
2015-09-25T12:00:00.000,70,35,35
2015-09-25T13:00:00.000,64,29,35
2015-09-25T14:00:00.000,94,38,56
2015-09-25T15:00:00.000,119,46,73
2015-09-25T16:00:00.000,212,72,140
2015-09-25T17:00:00.000,432,127,305
2015-09-25T18:00:00.000,257,84,173
2015-09-25T19:00:00.000,110,47,63
2015-09-25T20:00:00.000,61,27,34
2015-09-25T21:00:00.000,46,23,23
2015-09-25T22:00:00.000,30,17,13
2015-09-25T23:00:00.000,20,11,9
2015-09-26T00:00:00.000,17,8,9
2015-09-26T01:00:00.000,6,3,3
2015-09-26T02:00:00.000,9,4,5
2015-09-26T03:00:00.000,4,1,3
2015-09-26T04:00:00.000,5,1,4
2015-09-26T05:00:00.000,12,6,6
2015-09-26T06:00:00.000,16,9,7
2015-09-26T07:00:00.000,46,20,26
2015-09-26T08:00:00.000,70,37,33
2015-09-26T09:00:00.000,107,59,48
2015-09-26T10:00:00.000,129,68,61
2015-09-26T11:00:00.000,145,75,70
2015-09-26T12:00:00.000,168,101,67
2015-09-26T13:00:00.000,125,54,71
2015-09-26T14:00:00.000,152,63,89
2015-09-26T15:00:00.000,165,95,70
2015-09-26T16:00:00.000,127,77,50
2015-09-26T17:00:00.000,145,65,80
2015-09-26T18:00:00.000,136,70,66
2015-09-26T19:00:00.000,79,41,38
2015-09-26T20:00:00.000,35,12,23
2015-09-26T21:00:00.000,33,14,19
2015-09-26T22:00:00.000,18,8,10
2015-09-26T23:00:00.000,19,8,11
2015-09-27T00:00:00.000,8,4,4
2015-09-27T01:00:00.000,12,4,8
2015-09-27T02:00:00.000,3,2,1
2015-09-27T03:00:00.000,6,4,2
2015-09-27T04:00:00.000,7,3,4
2015-09-27T05:00:00.000,14,11,3
2015-09-27T06:00:00.000,24,12,12
2015-09-27T07:00:00.000,33,21,12
2015-09-27T08:00:00.000,67,36,31
2015-09-27T09:00:00.000,81,51,30
2015-09-27T10:00:00.000,87,50,37
2015-09-27T11:00:00.000,133,76,57
2015-09-27T12:00:00.000,138,88,50
2015-09-27T13:00:00.000,177,90,87
2015-09-27T14:00:00.000,161,78,83
2015-09-27T15:00:00.000,133,76,57
2015-09-27T16:00:00.000,128,79,49
2015-09-27T17:00:00.000,137,83,54
2015-09-27T18:00:00.000,93,54,39
2015-09-27T19:00:00.000,46,29,17
2015-09-27T20:00:00.000,28,16,12
2015-09-27T21:00:00.000,22,16,6
2015-09-27T22:00:00.000,14,6,8
2015-09-27T23:00:00.000,19,6,13
2015-09-28T00:00:00.000,6,2,4
2015-09-28T01:00:00.000,4,1,3
2015-09-28T02:00:00.000,1,1,0
2015-09-28T03:00:00.000,3,2,1
2015-09-28T04:00:00.000,12,9,3
2015-09-28T05:00:00.000,39,24,15
2015-09-28T06:00:00.000,134,97,37
2015-09-28T07:00:00.000,414,290,124
2015-09-28T08:00:00.000,535,373,162
2015-09-28T09:00:00.000,284,177,107
2015-09-28T10:00:00.000,101,62,39
2015-09-28T11:00:00.000,76,37,39
2015-09-28T12:00:00.000,76,49,27
2015-09-28T13:00:00.000,109,52,57
2015-09-28T14:00:00.000,109,57,52
2015-09-28T15:00:00.000,144,66,78
2015-09-28T16:00:00.000,305,129,176
2015-09-28T17:00:00.000,681,191,490
2015-09-28T18:00:00.000,480,152,328
2015-09-28T19:00:00.000,150,52,98
2015-09-28T20:00:00.000,104,41,63
2015-09-28T21:00:00.000,47,21,26
2015-09-28T22:00:00.000,28,13,15
2015-09-28T23:00:00.000,20,9,11
2015-09-29T00:00:00.000,16,7,9
2015-09-29T01:00:00.000,4,3,1
2015-09-29T02:00:00.000,6,1,5
2015-09-29T03:00:00.000,1,1,0
2015-09-29T04:00:00.000,12,8,4
2015-09-29T05:00:00.000,45,24,21
2015-09-29T06:00:00.000,158,117,41
2015-09-29T07:00:00.000,447,319,128
2015-09-29T08:00:00.000,617,426,191
2015-09-29T09:00:00.000,295,178,117
2015-09-29T10:00:00.000,116,67,49
2015-09-29T11:00:00.000,93,45,48
2015-09-29T12:00:00.000,113,56,57
2015-09-29T13:00:00.000,121,58,63
2015-09-29T14:00:00.000,147,67,80
2015-09-29T15:00:00.000,157,70,87
2015-09-29T16:00:00.000,382,149,233
2015-09-29T17:00:00.000,688,171,517
2015-09-29T18:00:00.000,501,158,343
2015-09-29T19:00:00.000,190,84,106
2015-09-29T20:00:00.000,92,30,62
2015-09-29T21:00:00.000,73,37,36
2015-09-29T22:00:00.000,44,13,31
2015-09-29T23:00:00.000,18,8,10
2015-09-30T00:00:00.000,14,9,5
2015-09-30T01:00:00.000,9,7,2
2015-09-30T02:00:00.000,6,4,2
2015-09-30T03:00:00.000,4,3,1
2015-09-30T04:00:00.000,12,7,5
2015-09-30T05:00:00.000,45,30,15
2015-09-30T06:00:00.000,149,92,57
2015-09-30T07:00:00.000,417,291,126
2015-09-30T08:00:00.000,604,402,202
2015-09-30T09:00:00.000,267,167,100
2015-09-30T10:00:00.000,111,65,46
2015-09-30T11:00:00.000,63,36,27
2015-09-30T12:00:00.000,98,48,50
2015-09-30T13:00:00.000,96,51,45
2015-09-30T14:00:00.000,103,48,55
2015-09-30T15:00:00.000,150,66,84
2015-09-30T16:00:00.000,363,144,219
2015-09-30T17:00:00.000,665,189,476
2015-09-30T18:00:00.000,409,139,270
2015-09-30T19:00:00.000,216,84,132
2015-09-30T20:00:00.000,102,42,60
2015-09-30T21:00:00.000,85,34,51
2015-09-30T22:00:00.000,44,21,23
2015-09-30T23:00:00.000,23,13,10
2015-10-01T00:00:00.000,15,7,8
2015-10-01T01:00:00.000,3,2,1
2015-10-01T02:00:00.000,4,3,1
2015-10-01T03:00:00.000,2,1,1
2015-10-01T04:00:00.000,10,5,5
2015-10-01T05:00:00.000,42,26,16
2015-10-01T06:00:00.000,142,100,42
2015-10-01T07:00:00.000,378,255,123
2015-10-01T08:00:00.000,538,378,160
2015-10-01T09:00:00.000,297,187,110
2015-10-01T10:00:00.000,136,72,64
2015-10-01T11:00:00.000,102,53,49
2015-10-01T12:00:00.000,107,56,51
2015-10-01T13:00:00.000,110,55,55
2015-10-01T14:00:00.000,129,63,66
2015-10-01T15:00:00.000,176,73,103
2015-10-01T16:00:00.000,345,158,187
2015-10-01T17:00:00.000,680,201,479
2015-10-01T18:00:00.000,438,140,298
2015-10-01T19:00:00.000,196,69,127
2015-10-01T20:00:00.000,99,43,56
2015-10-01T21:00:00.000,74,41,33
2015-10-01T22:00:00.000,43,13,30
2015-10-01T23:00:00.000,35,21,14
2015-10-02T00:00:00.000,13,7,6
2015-10-02T01:00:00.000,9,4,5
2015-10-02T02:00:00.000,2,1,1
2015-10-02T03:00:00.000,2,0,2
2015-10-02T04:00:00.000,10,6,4
2015-10-02T05:00:00.000,29,18,11
2015-10-02T06:00:00.000,92,61,31
2015-10-02T07:00:00.000,300,201,99
2015-10-02T08:00:00.000,414,272,142
2015-10-02T09:00:00.000,240,153,87
2015-10-02T10:00:00.000,97,54,43
2015-10-02T11:00:00.000,85,52,33
2015-10-02T12:00:00.000,82,37,45
2015-10-02T13:00:00.000,97,54,43
2015-10-02T14:00:00.000,91,48,43
2015-10-02T15:00:00.000,152,50,102
2015-10-02T16:00:00.000,255,73,182
2015-10-02T17:00:00.000,486,149,337
2015-10-02T18:00:00.000,276,125,151
2015-10-02T19:00:00.000,125,46,79
2015-10-02T20:00:00.000,56,25,31
2015-10-02T21:00:00.000,32,12,20
2015-10-02T22:00:00.000,40,13,27
2015-10-02T23:00:00.000,32,16,16
2015-10-03T00:00:00.000,25,10,15
2015-10-03T01:00:00.000,14,5,9
2015-10-03T02:00:00.000,5,3,2
2015-10-03T03:00:00.000,5,3,2
2015-10-03T04:00:00.000,5,0,5
2015-10-03T05:00:00.000,9,5,4
2015-10-03T06:00:00.000,20,11,9
2015-10-03T07:00:00.000,37,23,14
2015-10-03T08:00:00.000,56,29,27
2015-10-03T09:00:00.000,78,43,35
2015-10-03T10:00:00.000,90,48,42
2015-10-03T11:00:00.000,132,71,61
2015-10-03T12:00:00.000,147,81,66
2015-10-03T13:00:00.000,162,81,81
2015-10-03T14:00:00.000,158,80,78
2015-10-03T15:00:00.000,190,96,94
2015-10-03T16:00:00.000,145,83,62
2015-10-03T17:00:00.000,125,62,63
2015-10-03T18:00:00.000,145,81,64
2015-10-03T19:00:00.000,77,46,31
2015-10-03T20:00:00.000,39,15,24
2015-10-03T21:00:00.000,23,10,13
2015-10-03T22:00:00.000,33,15,18
2015-10-03T23:00:00.000,19,10,9
2015-10-04T00:00:00.000,18,7,11
2015-10-04T01:00:00.000,14,5,9
2015-10-04T02:00:00.000,7,6,1
2015-10-04T03:00:00.000,4,2,2
2015-10-04T04:00:00.000,4,1,3
2015-10-04T05:00:00.000,6,3,3
2015-10-04T06:00:00.000,12,7,5
2015-10-04T07:00:00.000,30,23,7
2015-10-04T08:00:00.000,76,47,29
2015-10-04T09:00:00.000,125,68,57
2015-10-04T10:00:00.000,147,81,66
2015-10-04T11:00:00.000,154,88,66
2015-10-04T12:00:00.000,170,101,69
2015-10-04T13:00:00.000,195,105,90
2015-10-04T14:00:00.000,198,106,92
2015-10-04T15:00:00.000,205,111,94
2015-10-04T16:00:00.000,179,105,74
2015-10-04T17:00:00.000,170,97,73
2015-10-04T18:00:00.000,92,56,36
2015-10-04T19:00:00.000,43,26,17
2015-10-04T20:00:00.000,29,16,13
2015-10-04T21:00:00.000,58,22,36
2015-10-04T22:00:00.000,26,13,13
2015-10-04T23:00:00.000,13,4,9
2015-10-05T00:00:00.000,12,7,5
2015-10-05T01:00:00.000,3,1,2
2015-10-05T02:00:00.000,2,1,1
2015-10-05T03:00:00.000,3,2,1
2015-10-05T04:00:00.000,10,7,3
2015-10-05T05:00:00.000,38,27,11
2015-10-05T06:00:00.000,135,89,46
2015-10-05T07:00:00.000,420,298,122
2015-10-05T08:00:00.000,588,398,190
2015-10-05T09:00:00.000,285,167,118
2015-10-05T10:00:00.000,109,58,51
2015-10-05T11:00:00.000,103,50,53
2015-10-05T12:00:00.000,92,44,48
2015-10-05T13:00:00.000,93,49,44
2015-10-05T14:00:00.000,120,63,57
2015-10-05T15:00:00.000,210,89,121
2015-10-05T16:00:00.000,351,115,236
2015-10-05T17:00:00.000,714,215,499
2015-10-05T18:00:00.000,388,133,255
2015-10-05T19:00:00.000,151,67,84
2015-10-05T20:00:00.000,107,54,53
2015-10-05T21:00:00.000,66,31,35
2015-10-05T22:00:00.000,32,11,21
2015-10-05T23:00:00.000,21,10,11
2015-10-06T00:00:00.000,14,7,7
2015-10-06T01:00:00.000,10,3,7
2015-10-06T02:00:00.000,2,1,1
2015-10-06T03:00:00.000,4,4,0
2015-10-06T04:00:00.000,10,4,6
2015-10-06T05:00:00.000,50,34,16
2015-10-06T06:00:00.000,141,94,47
2015-10-06T07:00:00.000,457,305,152
2015-10-06T08:00:00.000,572,385,187
2015-10-06T09:00:00.000,269,165,104
2015-10-06T10:00:00.000,125,67,58
2015-10-06T11:00:00.000,88,56,32
2015-10-06T12:00:00.000,90,49,41
2015-10-06T13:00:00.000,85,42,43
2015-10-06T14:00:00.000,99,40,59
2015-10-06T15:00:00.000,141,68,73
2015-10-06T16:00:00.000,340,122,218
2015-10-06T17:00:00.000,612,168,444
2015-10-06T18:00:00.000,415,148,267
2015-10-06T19:00:00.000,159,60,99
2015-10-06T20:00:00.000,86,36,50
2015-10-06T21:00:00.000,61,23,38
2015-10-06T22:00:00.000,33,11,22
2015-10-06T23:00:00.000,22,10,12
2015-10-07T00:00:00.000,11,7,4
2015-10-07T01:00:00.000,3,1,2
2015-10-07T02:00:00.000,4,3,1
2015-10-07T03:00:00.000,5,4,1
2015-10-07T04:00:00.000,7,2,5
2015-10-07T05:00:00.000,34,21,13
2015-10-07T06:00:00.000,106,65,41
2015-10-07T07:00:00.000,267,196,71
2015-10-07T08:00:00.000,356,235,121
2015-10-07T09:00:00.000,177,121,56
2015-10-07T10:00:00.000,57,36,21
2015-10-07T11:00:00.000,37,20,17
2015-10-07T12:00:00.000,33,16,17
2015-10-07T13:00:00.000,47,23,24
2015-10-07T14:00:00.000,56,22,34
2015-10-07T15:00:00.000,78,26,52
2015-10-07T16:00:00.000,166,50,116
2015-10-07T17:00:00.000,409,107,302
2015-10-07T18:00:00.000,253,84,169
2015-10-07T19:00:00.000,107,38,69
2015-10-07T20:00:00.000,69,27,42
2015-10-07T21:00:00.000,31,10,21
2015-10-07T22:00:00.000,30,8,22
2015-10-07T23:00:00.000,16,9,7
2015-10-08T00:00:00.000,14,10,4
2015-10-08T01:00:00.000,5,3,2
2015-10-08T02:00:00.000,5,2,3
2015-10-08T03:00:00.000,4,2,2
2015-10-08T04:00:00.000,12,7,5
2015-10-08T05:00:00.000,38,23,15
2015-10-08T06:00:00.000,130,87,43
2015-10-08T07:00:00.000,364,264,100
2015-10-08T08:00:00.000,507,327,180
2015-10-08T09:00:00.000,268,168,100
2015-10-08T10:00:00.000,112,58,54
2015-10-08T11:00:00.000,93,47,46
2015-10-08T12:00:00.000,88,34,54
2015-10-08T13:00:00.000,79,42,37
2015-10-08T14:00:00.000,99,44,55
2015-10-08T15:00:00.000,167,80,87
2015-10-08T16:00:00.000,264,98,166
2015-10-08T17:00:00.000,577,185,392
2015-10-08T18:00:00.000,395,148,247
2015-10-08T19:00:00.000,144,53,91
2015-10-08T20:00:00.000,98,42,56
2015-10-08T21:00:00.000,63,23,40
2015-10-08T22:00:00.000,31,6,25
2015-10-08T23:00:00.000,31,16,15
2015-10-09T00:00:00.000,24,7,17
2015-10-09T01:00:00.000,11,3,8
2015-10-09T02:00:00.000,4,0,4
2015-10-09T03:00:00.000,5,0,5
2015-10-09T04:00:00.000,4,1,3
2015-10-09T05:00:00.000,38,23,15
2015-10-09T06:00:00.000,110,78,32
2015-10-09T07:00:00.000,299,201,98
2015-10-09T08:00:00.000,427,297,130
2015-10-09T09:00:00.000,221,138,83
2015-10-09T10:00:00.000,106,60,46
2015-10-09T11:00:00.000,80,40,40
2015-10-09T12:00:00.000,80,43,37
2015-10-09T13:00:00.000,93,43,50
2015-10-09T14:00:00.000,94,39,55
2015-10-09T15:00:00.000,162,63,99
2015-10-09T16:00:00.000,265,97,168
2015-10-09T17:00:00.000,529,157,372
2015-10-09T18:00:00.000,275,90,185
2015-10-09T19:00:00.000,118,51,67
2015-10-09T20:00:00.000,60,22,38
2015-10-09T21:00:00.000,46,26,20
2015-10-09T22:00:00.000,35,13,22
2015-10-09T23:00:00.000,33,11,22
2015-10-10T00:00:00.000,20,10,10
2015-10-10T01:00:00.000,15,7,8
2015-10-10T02:00:00.000,7,1,6
2015-10-10T03:00:00.000,5,3,2
2015-10-10T04:00:00.000,3,1,2
2015-10-10T05:00:00.000,11,5,6
2015-10-10T06:00:00.000,11,6,5
2015-10-10T07:00:00.000,13,11,2
2015-10-10T08:00:00.000,37,21,16
2015-10-10T09:00:00.000,39,27,12
2015-10-10T10:00:00.000,30,15,15
2015-10-10T11:00:00.000,24,16,8
2015-10-10T12:00:00.000,27,13,14
2015-10-10T13:00:00.000,32,22,10
2015-10-10T14:00:00.000,23,13,10
2015-10-10T15:00:00.000,35,18,17
2015-10-10T16:00:00.000,39,19,20
2015-10-10T17:00:00.000,42,21,21
2015-10-10T18:00:00.000,33,18,15
2015-10-10T19:00:00.000,17,11,6
2015-10-10T20:00:00.000,12,6,6
2015-10-10T21:00:00.000,25,18,7
2015-10-10T22:00:00.000,14,5,9
2015-10-10T23:00:00.000,25,14,11
2015-10-11T00:00:00.000,15,12,3
2015-10-11T01:00:00.000,8,1,7
2015-10-11T02:00:00.000,1,1,0
2015-10-11T03:00:00.000,1,0,1
2015-10-11T04:00:00.000,4,2,2
2015-10-11T05:00:00.000,6,4,2
2015-10-11T06:00:00.000,15,12,3
2015-10-11T07:00:00.000,20,14,6
2015-10-11T08:00:00.000,38,17,21
2015-10-11T09:00:00.000,71,36,35
2015-10-11T10:00:00.000,64,37,27
2015-10-11T11:00:00.000,125,57,68
2015-10-11T12:00:00.000,118,58,60
2015-10-11T13:00:00.000,130,57,73
2015-10-11T14:00:00.000,183,107,76
2015-10-11T15:00:00.000,186,102,84
2015-10-11T16:00:00.000,130,79,51
2015-10-11T17:00:00.000,114,64,50
2015-10-11T18:00:00.000,87,54,33
2015-10-11T19:00:00.000,46,27,19
2015-10-11T20:00:00.000,32,17,15
2015-10-11T21:00:00.000,16,11,5
2015-10-11T22:00:00.000,22,10,12
2015-10-11T23:00:00.000,16,6,10
2015-10-12T00:00:00.000,9,5,4
2015-10-12T01:00:00.000,6,4,2
2015-10-12T02:00:00.000,4,3,1
2015-10-12T03:00:00.000,3,3,0
2015-10-12T04:00:00.000,6,2,4
2015-10-12T05:00:00.000,43,27,16
2015-10-12T06:00:00.000,140,90,50
2015-10-12T07:00:00.000,377,258,119
2015-10-12T08:00:00.000,504,344,160
2015-10-12T09:00:00.000,269,166,103
2015-10-12T10:00:00.000,113,64,49
2015-10-12T11:00:00.000,74,38,36
2015-10-12T12:00:00.000,61,32,29
2015-10-12T13:00:00.000,89,49,40
2015-10-12T14:00:00.000,99,50,49
2015-10-12T15:00:00.000,142,57,85
2015-10-12T16:00:00.000,249,90,159
2015-10-12T17:00:00.000,581,153,428
2015-10-12T18:00:00.000,391,124,267
2015-10-12T19:00:00.000,125,53,72
2015-10-12T20:00:00.000,64,26,38
2015-10-12T21:00:00.000,36,14,22
2015-10-12T22:00:00.000,18,8,10
2015-10-12T23:00:00.000,15,4,11
2015-10-13T00:00:00.000,9,4,5
2015-10-13T01:00:00.000,3,2,1
2015-10-13T02:00:00.000,3,2,1
2015-10-13T03:00:00.000,3,2,1
2015-10-13T04:00:00.000,5,4,1
2015-10-13T05:00:00.000,42,23,19
2015-10-13T06:00:00.000,129,86,43
2015-10-13T07:00:00.000,363,256,107
2015-10-13T08:00:00.000,522,356,166
2015-10-13T09:00:00.000,229,141,88
2015-10-13T10:00:00.000,94,56,38
2015-10-13T11:00:00.000,61,32,29
2015-10-13T12:00:00.000,74,37,37
2015-10-13T13:00:00.000,75,41,34
2015-10-13T14:00:00.000,101,52,49
2015-10-13T15:00:00.000,147,68,79
2015-10-13T16:00:00.000,308,119,189
2015-10-13T17:00:00.000,569,159,410
2015-10-13T18:00:00.000,375,142,233
2015-10-13T19:00:00.000,154,55,99
2015-10-13T20:00:00.000,85,35,50
2015-10-13T21:00:00.000,56,28,28
2015-10-13T22:00:00.000,39,15,24
2015-10-13T23:00:00.000,14,6,8
2015-10-14T00:00:00.000,13,10,3
2015-10-14T01:00:00.000,5,5,0
2015-10-14T02:00:00.000,3,2,1
2015-10-14T03:00:00.000,5,5,0
2015-10-14T04:00:00.000,14,8,6
2015-10-14T05:00:00.000,48,31,17
2015-10-14T06:00:00.000,145,96,49
2015-10-14T07:00:00.000,397,280,117
2015-10-14T08:00:00.000,496,345,151
2015-10-14T09:00:00.000,244,152,92
2015-10-14T10:00:00.000,111,56,55
2015-10-14T11:00:00.000,82,36,46
2015-10-14T12:00:00.000,71,39,32
2015-10-14T13:00:00.000,71,32,39
2015-10-14T14:00:00.000,91,39,52
2015-10-14T15:00:00.000,150,68,82
2015-10-14T16:00:00.000,294,117,177
2015-10-14T17:00:00.000,634,189,445
2015-10-14T18:00:00.000,394,124,270
2015-10-14T19:00:00.000,138,45,93
2015-10-14T20:00:00.000,88,38,50
2015-10-14T21:00:00.000,52,21,31
2015-10-14T22:00:00.000,44,22,22
2015-10-14T23:00:00.000,16,8,8
2015-10-15T00:00:00.000,15,9,6
2015-10-15T01:00:00.000,5,3,2
2015-10-15T02:00:00.000,1,1,0
2015-10-15T03:00:00.000,9,8,1
2015-10-15T04:00:00.000,11,4,7
2015-10-15T05:00:00.000,40,27,13
2015-10-15T06:00:00.000,150,105,45
2015-10-15T07:00:00.000,356,239,117
2015-10-15T08:00:00.000,522,352,170
2015-10-15T09:00:00.000,287,176,111
2015-10-15T10:00:00.000,131,70,61
2015-10-15T11:00:00.000,87,44,43
2015-10-15T12:00:00.000,90,43,47
2015-10-15T13:00:00.000,100,59,41
2015-10-15T14:00:00.000,126,59,67
2015-10-15T15:00:00.000,177,77,100
2015-10-15T16:00:00.000,313,118,195
2015-10-15T17:00:00.000,612,169,443
2015-10-15T18:00:00.000,378,137,241
2015-10-15T19:00:00.000,144,53,91
2015-10-15T20:00:00.000,93,36,57
2015-10-15T21:00:00.000,58,34,24
2015-10-15T22:00:00.000,39,17,22
2015-10-15T23:00:00.000,29,12,17
2015-10-16T00:00:00.000,17,10,7
2015-10-16T01:00:00.000,2,1,1
2015-10-16T02:00:00.000,3,2,1
2015-10-16T03:00:00.000,3,3,0
2015-10-16T04:00:00.000,6,2,4
2015-10-16T05:00:00.000,37,25,12
2015-10-16T06:00:00.000,113,77,36
2015-10-16T07:00:00.000,303,212,91
2015-10-16T08:00:00.000,488,349,139
2015-10-16T09:00:00.000,245,157,88
2015-10-16T10:00:00.000,124,73,51
2015-10-16T11:00:00.000,97,48,49
2015-10-16T12:00:00.000,111,73,38
2015-10-16T13:00:00.000,113,58,55
2015-10-16T14:00:00.000,134,63,71
2015-10-16T15:00:00.000,214,113,101
2015-10-16T16:00:00.000,326,105,221
2015-10-16T17:00:00.000,572,184,388
2015-10-16T18:00:00.000,292,92,200
2015-10-16T19:00:00.000,107,42,65
2015-10-16T20:00:00.000,52,20,32
2015-10-16T21:00:00.000,54,26,28
2015-10-16T22:00:00.000,29,11,18
2015-10-16T23:00:00.000,23,10,13
2015-10-17T00:00:00.000,39,13,26
2015-10-17T01:00:00.000,10,4,6
2015-10-17T02:00:00.000,9,4,5
2015-10-17T03:00:00.000,2,0,2
2015-10-17T04:00:00.000,4,3,1
2015-10-17T05:00:00.000,5,3,2
2015-10-17T06:00:00.000,11,6,5
2015-10-17T07:00:00.000,49,33,16
2015-10-17T08:00:00.000,57,27,30
2015-10-17T09:00:00.000,67,42,25
2015-10-17T10:00:00.000,85,50,35
2015-10-17T11:00:00.000,98,60,38
2015-10-17T12:00:00.000,114,64,50
2015-10-17T13:00:00.000,135,67,68
2015-10-17T14:00:00.000,115,66,49
2015-10-17T15:00:00.000,100,46,54
2015-10-17T16:00:00.000,134,78,56
2015-10-17T17:00:00.000,86,45,41
2015-10-17T18:00:00.000,67,34,33
2015-10-17T19:00:00.000,28,14,14
2015-10-17T20:00:00.000,27,9,18
2015-10-17T21:00:00.000,21,6,15
2015-10-17T22:00:00.000,42,22,20
2015-10-17T23:00:00.000,40,21,19
2015-10-18T00:00:00.000,21,10,11
2015-10-18T01:00:00.000,9,4,5
2015-10-18T02:00:00.000,6,2,4
2015-10-18T03:00:00.000,5,4,1
2015-10-18T04:00:00.000,4,1,3
2015-10-18T05:00:00.000,6,3,3
2015-10-18T06:00:00.000,11,4,7
2015-10-18T07:00:00.000,22,15,7
2015-10-18T08:00:00.000,23,10,13
2015-10-18T09:00:00.000,52,27,25
2015-10-18T10:00:00.000,62,32,30
2015-10-18T11:00:00.000,73,32,41
2015-10-18T12:00:00.000,80,50,30
2015-10-18T13:00:00.000,57,28,29
2015-10-18T14:00:00.000,66,31,35
2015-10-18T15:00:00.000,55,28,27
2015-10-18T16:00:00.000,64,35,29
2015-10-18T17:00:00.000,70,35,35
2015-10-18T18:00:00.000,45,27,18
2015-10-18T19:00:00.000,34,19,15
2015-10-18T20:00:00.000,20,9,11
2015-10-18T21:00:00.000,17,10,7
2015-10-18T22:00:00.000,23,12,11
2015-10-18T23:00:00.000,12,3,9
2015-10-19T00:00:00.000,7,1,6
2015-10-19T01:00:00.000,5,2,3
2015-10-19T02:00:00.000,3,3,0
2015-10-19T03:00:00.000,4,3,1
2015-10-19T04:00:00.000,6,4,2
2015-10-19T05:00:00.000,39,26,13
2015-10-19T06:00:00.000,106,73,33
2015-10-19T07:00:00.000,325,226,99
2015-10-19T08:00:00.000,451,297,154
2015-10-19T09:00:00.000,228,143,85
2015-10-19T10:00:00.000,86,51,35
2015-10-19T11:00:00.000,72,43,29
2015-10-19T12:00:00.000,56,33,23
2015-10-19T13:00:00.000,74,32,42
2015-10-19T14:00:00.000,79,42,37
2015-10-19T15:00:00.000,125,48,77
2015-10-19T16:00:00.000,222,95,127
2015-10-19T17:00:00.000,520,129,391
2015-10-19T18:00:00.000,311,89,222
2015-10-19T19:00:00.000,131,51,80
2015-10-19T20:00:00.000,70,33,37
2015-10-19T21:00:00.000,55,20,35
2015-10-19T22:00:00.000,25,9,16
2015-10-19T23:00:00.000,21,10,11
2015-10-20T00:00:00.000,9,4,5
2015-10-20T01:00:00.000,7,3,4
2015-10-20T02:00:00.000,4,2,2
2015-10-20T03:00:00.000,6,5,1
2015-10-20T04:00:00.000,4,3,1
2015-10-20T05:00:00.000,46,25,21
2015-10-20T06:00:00.000,148,101,47
2015-10-20T07:00:00.000,427,320,107
2015-10-20T08:00:00.000,518,370,148
2015-10-20T09:00:00.000,257,147,110
2015-10-20T10:00:00.000,107,57,50
2015-10-20T11:00:00.000,79,35,44
2015-10-20T12:00:00.000,89,52,37
2015-10-20T13:00:00.000,80,43,37
2015-10-20T14:00:00.000,122,60,62
2015-10-20T15:00:00.000,143,61,82
2015-10-20T16:00:00.000,299,105,194
2015-10-20T17:00:00.000,679,208,471
2015-10-20T18:00:00.000,408,111,297
2015-10-20T19:00:00.000,159,62,97
2015-10-20T20:00:00.000,76,33,43
2015-10-20T21:00:00.000,64,32,32
2015-10-20T22:00:00.000,36,16,20
2015-10-20T23:00:00.000,28,16,12
2015-10-21T00:00:00.000,11,6,5
2015-10-21T01:00:00.000,2,2,0
2015-10-21T02:00:00.000,3,1,2
2015-10-21T03:00:00.000,3,1,2
2015-10-21T04:00:00.000,8,2,6
2015-10-21T05:00:00.000,39,26,13
2015-10-21T06:00:00.000,132,89,43
2015-10-21T07:00:00.000,381,272,109
2015-10-21T08:00:00.000,501,341,160
2015-10-21T09:00:00.000,264,162,102
2015-10-21T10:00:00.000,101,52,49
2015-10-21T11:00:00.000,81,42,39
2015-10-21T12:00:00.000,72,37,35
2015-10-21T13:00:00.000,111,43,68
2015-10-21T14:00:00.000,117,52,65
2015-10-21T15:00:00.000,131,59,72
2015-10-21T16:00:00.000,275,108,167
2015-10-21T17:00:00.000,576,154,422
2015-10-21T18:00:00.000,335,117,218
2015-10-21T19:00:00.000,136,52,84
2015-10-21T20:00:00.000,86,41,45
2015-10-21T21:00:00.000,66,27,39
2015-10-21T22:00:00.000,38,14,24
2015-10-21T23:00:00.000,23,11,12
2015-10-22T00:00:00.000,22,16,6
2015-10-22T01:00:00.000,5,0,5
2015-10-22T02:00:00.000,4,3,1
2015-10-22T03:00:00.000,5,5,0
2015-10-22T04:00:00.000,12,5,7
2015-10-22T05:00:00.000,42,24,18
2015-10-22T06:00:00.000,120,85,35
2015-10-22T07:00:00.000,396,290,106
2015-10-22T08:00:00.000,507,349,158
2015-10-22T09:00:00.000,275,170,105
2015-10-22T10:00:00.000,110,59,51
2015-10-22T11:00:00.000,93,54,39
2015-10-22T12:00:00.000,73,30,43
2015-10-22T13:00:00.000,112,57,55
2015-10-22T14:00:00.000,108,40,68
2015-10-22T15:00:00.000,140,60,80
2015-10-22T16:00:00.000,317,120,197
2015-10-22T17:00:00.000,609,172,437
2015-10-22T18:00:00.000,337,105,232
2015-10-22T19:00:00.000,123,43,80
2015-10-22T20:00:00.000,80,25,55
2015-10-22T21:00:00.000,54,22,32
2015-10-22T22:00:00.000,39,19,20
2015-10-22T23:00:00.000,23,13,10
2015-10-23T00:00:00.000,9,5,4
2015-10-23T01:00:00.000,7,2,5
2015-10-23T02:00:00.000,8,7,1
2015-10-23T03:00:00.000,2,2,0
2015-10-23T04:00:00.000,5,2,3
2015-10-23T05:00:00.000,30,18,12
2015-10-23T06:00:00.000,108,69,39
2015-10-23T07:00:00.000,321,226,95
2015-10-23T08:00:00.000,427,293,134
2015-10-23T09:00:00.000,242,142,100
2015-10-23T10:00:00.000,96,55,41
2015-10-23T11:00:00.000,84,47,37
2015-10-23T12:00:00.000,83,49,34
2015-10-23T13:00:00.000,81,36,45
2015-10-23T14:00:00.000,110,53,57
2015-10-23T15:00:00.000,132,44,88
2015-10-23T16:00:00.000,293,100,193
2015-10-23T17:00:00.000,497,144,353
2015-10-23T18:00:00.000,281,94,187
2015-10-23T19:00:00.000,116,45,71
2015-10-23T20:00:00.000,50,24,26
2015-10-23T21:00:00.000,32,9,23
2015-10-23T22:00:00.000,34,15,19
2015-10-23T23:00:00.000,39,16,23
2015-10-24T00:00:00.000,15,7,8
2015-10-24T01:00:00.000,14,3,11
2015-10-24T02:00:00.000,6,3,3
2015-10-24T03:00:00.000,1,0,1
2015-10-24T04:00:00.000,6,3,3
2015-10-24T05:00:00.000,12,7,5
2015-10-24T06:00:00.000,19,7,12
2015-10-24T07:00:00.000,33,16,17
2015-10-24T08:00:00.000,64,29,35
2015-10-24T09:00:00.000,88,60,28
2015-10-24T10:00:00.000,81,47,34
2015-10-24T11:00:00.000,94,59,35
2015-10-24T12:00:00.000,92,47,45
2015-10-24T13:00:00.000,73,38,35
2015-10-24T14:00:00.000,82,45,37
2015-10-24T15:00:00.000,100,46,54
2015-10-24T16:00:00.000,125,67,58
2015-10-24T17:00:00.000,82,47,35
2015-10-24T18:00:00.000,67,37,30
2015-10-24T19:00:00.000,37,24,13
2015-10-24T20:00:00.000,29,13,16
2015-10-24T21:00:00.000,21,7,14
2015-10-24T22:00:00.000,25,14,11
2015-10-24T23:00:00.000,22,6,16
2015-10-25T00:00:00.000,10,4,6
2015-10-25T01:00:00.000,9,6,3
2015-10-25T02:00:00.000,4,1,3
2015-10-25T03:00:00.000,1,1,0
2015-10-25T04:00:00.000,3,1,2
2015-10-25T05:00:00.000,6,2,4
2015-10-25T06:00:00.000,13,11,2
2015-10-25T07:00:00.000,18,10,8
2015-10-25T08:00:00.000,42,24,18
2015-10-25T09:00:00.000,50,30,20
2015-10-25T10:00:00.000,61,34,27
2015-10-25T11:00:00.000,78,36,42
2015-10-25T12:00:00.000,95,49,46
2015-10-25T13:00:00.000,96,53,43
2015-10-25T14:00:00.000,124,66,58
2015-10-25T15:00:00.000,99,56,43
2015-10-25T16:00:00.000,55,32,23
2015-10-25T17:00:00.000,37,19,18
2015-10-25T18:00:00.000,41,18,23
2015-10-25T19:00:00.000,27,16,11
2015-10-25T20:00:00.000,14,12,2
2015-10-25T21:00:00.000,3,2,1
2015-10-25T22:00:00.000,10,4,6
2015-10-25T23:00:00.000,6,2,4
2015-10-26T00:00:00.000,5,3,2
2015-10-26T01:00:00.000,2,0,2
2015-10-26T02:00:00.000,1,1,0
2015-10-26T03:00:00.000,2,2,0
2015-10-26T04:00:00.000,3,2,1
2015-10-26T05:00:00.000,31,17,14
2015-10-26T06:00:00.000,110,72,38
2015-10-26T07:00:00.000,261,189,72
2015-10-26T08:00:00.000,349,242,107
2015-10-26T09:00:00.000,208,128,80
2015-10-26T10:00:00.000,49,26,23
2015-10-26T11:00:00.000,44,25,19
2015-10-26T12:00:00.000,35,16,19
2015-10-26T13:00:00.000,43,22,21
2015-10-26T14:00:00.000,59,28,31
2015-10-26T15:00:00.000,79,40,39
2015-10-26T16:00:00.000,188,73,115
2015-10-26T17:00:00.000,438,125,313
2015-10-26T18:00:00.000,242,66,176
2015-10-26T19:00:00.000,91,31,60
2015-10-26T20:00:00.000,48,16,32
2015-10-26T21:00:00.000,34,11,23
2015-10-26T22:00:00.000,25,8,17
2015-10-26T23:00:00.000,18,10,8
2015-10-27T00:00:00.000,10,2,8
2015-10-27T01:00:00.000,2,1,1
2015-10-27T02:00:00.000,4,2,2
2015-10-27T03:00:00.000,0,0,0
2015-10-27T04:00:00.000,8,4,4
2015-10-27T05:00:00.000,46,26,20
2015-10-27T06:00:00.000,143,98,45
2015-10-27T07:00:00.000,395,281,114
2015-10-27T08:00:00.000,548,351,197
2015-10-27T09:00:00.000,280,179,101
2015-10-27T10:00:00.000,97,59,38
2015-10-27T11:00:00.000,99,57,42
2015-10-27T12:00:00.000,81,36,45
2015-10-27T13:00:00.000,106,52,54
2015-10-27T14:00:00.000,118,61,57
2015-10-27T15:00:00.000,146,69,77
2015-10-27T16:00:00.000,313,124,189
2015-10-27T17:00:00.000,626,168,458
2015-10-27T18:00:00.000,372,114,258
2015-10-27T19:00:00.000,155,58,97
2015-10-27T20:00:00.000,73,29,44
2015-10-27T21:00:00.000,66,33,33
2015-10-27T22:00:00.000,39,11,28
2015-10-27T23:00:00.000,28,11,17
2015-10-28T00:00:00.000,12,8,4
2015-10-28T01:00:00.000,5,3,2
2015-10-28T02:00:00.000,3,1,2
2015-10-28T03:00:00.000,2,2,0
2015-10-28T04:00:00.000,7,3,4
2015-10-28T05:00:00.000,39,24,15
2015-10-28T06:00:00.000,126,78,48
2015-10-28T07:00:00.000,291,207,84
2015-10-28T08:00:00.000,367,250,117
2015-10-28T09:00:00.000,198,130,68
2015-10-28T10:00:00.000,72,44,28
2015-10-28T11:00:00.000,35,17,18
2015-10-28T12:00:00.000,60,25,35
2015-10-28T13:00:00.000,47,26,21
2015-10-28T14:00:00.000,46,23,23
2015-10-28T15:00:00.000,87,40,47
2015-10-28T16:00:00.000,193,76,117
2015-10-28T17:00:00.000,441,132,309
2015-10-28T18:00:00.000,278,84,194
2015-10-28T19:00:00.000,110,37,73
2015-10-28T20:00:00.000,47,14,33
2015-10-28T21:00:00.000,52,23,29
2015-10-28T22:00:00.000,43,15,28
2015-10-28T23:00:00.000,13,7,6
2015-10-29T00:00:00.000,5,2,3
2015-10-29T01:00:00.000,6,3,3
2015-10-29T02:00:00.000,0,0,0
2015-10-29T03:00:00.000,2,2,0
2015-10-29T04:00:00.000,6,2,4
2015-10-29T05:00:00.000,30,17,13
2015-10-29T06:00:00.000,123,80,43
2015-10-29T07:00:00.000,336,234,102
2015-10-29T08:00:00.000,443,298,145
2015-10-29T09:00:00.000,220,133,87
2015-10-29T10:00:00.000,98,54,44
2015-10-29T11:00:00.000,72,38,34
2015-10-29T12:00:00.000,66,33,33
2015-10-29T13:00:00.000,73,39,34
2015-10-29T14:00:00.000,80,31,49
2015-10-29T15:00:00.000,114,48,66
2015-10-29T16:00:00.000,252,82,170
2015-10-29T17:00:00.000,496,155,341
2015-10-29T18:00:00.000,305,91,214
2015-10-29T19:00:00.000,119,46,73
2015-10-29T20:00:00.000,68,29,39
2015-10-29T21:00:00.000,40,18,22
2015-10-29T22:00:00.000,30,15,15
2015-10-29T23:00:00.000,23,6,17
2015-10-30T00:00:00.000,4,4,0
2015-10-30T01:00:00.000,6,3,3
2015-10-30T02:00:00.000,8,4,4
2015-10-30T03:00:00.000,1,1,0
2015-10-30T04:00:00.000,6,2,4
2015-10-30T05:00:00.000,29,15,14
2015-10-30T06:00:00.000,83,55,28
2015-10-30T07:00:00.000,193,152,41
2015-10-30T08:00:00.000,265,185,80
2015-10-30T09:00:00.000,153,89,64
2015-10-30T10:00:00.000,78,43,35
2015-10-30T11:00:00.000,62,28,34
2015-10-30T12:00:00.000,47,24,23
2015-10-30T13:00:00.000,65,38,27
2015-10-30T14:00:00.000,63,40,23
2015-10-30T15:00:00.000,97,44,53
2015-10-30T16:00:00.000,174,48,126
2015-10-30T17:00:00.000,322,102,220
2015-10-30T18:00:00.000,158,43,115
2015-10-30T19:00:00.000,63,24,39
2015-10-30T20:00:00.000,47,18,29
2015-10-30T21:00:00.000,32,17,15
2015-10-30T22:00:00.000,21,12,9
2015-10-30T23:00:00.000,13,8,5
2015-10-31T00:00:00.000,11,6,5
2015-10-31T01:00:00.000,6,3,3
2015-10-31T02:00:00.000,11,9,2
2015-10-31T03:00:00.000,1,1,0
2015-10-31T04:00:00.000,1,0,1
2015-10-31T05:00:00.000,9,6,3
2015-10-31T06:00:00.000,9,5,4
2015-10-31T07:00:00.000,12,8,4
2015-10-31T08:00:00.000,27,14,13
2015-10-31T09:00:00.000,23,13,10
2015-10-31T10:00:00.000,32,18,14
2015-10-31T11:00:00.000,22,12,10
2015-10-31T12:00:00.000,41,21,20
2015-10-31T13:00:00.000,35,19,16
2015-10-31T14:00:00.000,40,18,22
2015-10-31T15:00:00.000,43,20,23
2015-10-31T16:00:00.000,42,21,21
2015-10-31T17:00:00.000,32,16,16
2015-10-31T18:00:00.000,27,14,13
2015-10-31T19:00:00.000,19,11,8
2015-10-31T20:00:00.000,14,8,6
2015-10-31T21:00:00.000,14,6,8
2015-10-31T22:00:00.000,17,7,10
2015-10-31T23:00:00.000,6,4,2
2015-11-01T00:00:00.000,8,3,5
2015-11-01T01:00:00.000,11,8,3
2015-11-01T02:00:00.000,1,1,0
2015-11-01T03:00:00.000,4,3,1
2015-11-01T04:00:00.000,3,0,3
2015-11-01T05:00:00.000,4,2,2
2015-11-01T06:00:00.000,7,2,5
2015-11-01T07:00:00.000,15,10,5
2015-11-01T08:00:00.000,47,25,22
2015-11-01T09:00:00.000,43,30,13
2015-11-01T10:00:00.000,38,19,19
2015-11-01T11:00:00.000,35,17,18
2015-11-01T12:00:00.000,36,17,19
2015-11-01T13:00:00.000,37,17,20
2015-11-01T14:00:00.000,39,15,24
2015-11-01T15:00:00.000,29,18,11
2015-11-01T16:00:00.000,43,15,28
2015-11-01T17:00:00.000,49,31,18
2015-11-01T18:00:00.000,24,11,13
2015-11-01T19:00:00.000,9,6,3
2015-11-01T20:00:00.000,12,6,6
2015-11-01T21:00:00.000,11,2,9
2015-11-01T22:00:00.000,8,5,3
2015-11-01T23:00:00.000,9,4,5
2015-11-02T00:00:00.000,7,2,5
2015-11-02T01:00:00.000,1,0,1
2015-11-02T02:00:00.000,1,0,1
2015-11-02T03:00:00.000,4,2,2
2015-11-02T04:00:00.000,4,2,2
2015-11-02T05:00:00.000,40,28,12
2015-11-02T06:00:00.000,129,86,43
2015-11-02T07:00:00.000,359,254,105
2015-11-02T08:00:00.000,475,330,145
2015-11-02T09:00:00.000,206,117,89
2015-11-02T10:00:00.000,74,39,35
2015-11-02T11:00:00.000,38,24,14
2015-11-02T12:00:00.000,61,30,31
2015-11-02T13:00:00.000,57,24,33
2015-11-02T14:00:00.000,66,32,34
2015-11-02T15:00:00.000,113,48,65
2015-11-02T16:00:00.000,269,107,162
2015-11-02T17:00:00.000,548,149,399
2015-11-02T18:00:00.000,333,102,231
2015-11-02T19:00:00.000,99,34,65
2015-11-02T20:00:00.000,56,27,29
2015-11-02T21:00:00.000,47,19,28
2015-11-02T22:00:00.000,28,11,17
2015-11-02T23:00:00.000,9,5,4
2015-11-03T00:00:00.000,10,9,1
2015-11-03T01:00:00.000,2,1,1
2015-11-03T02:00:00.000,3,0,3
2015-11-03T03:00:00.000,4,3,1
2015-11-03T04:00:00.000,5,3,2
2015-11-03T05:00:00.000,49,35,14
2015-11-03T06:00:00.000,148,99,49
2015-11-03T07:00:00.000,411,289,122
2015-11-03T08:00:00.000,492,333,159
2015-11-03T09:00:00.000,216,126,90
2015-11-03T10:00:00.000,83,50,33
2015-11-03T11:00:00.000,62,43,19
2015-11-03T12:00:00.000,57,30,27
2015-11-03T13:00:00.000,70,36,34
2015-11-03T14:00:00.000,80,36,44
2015-11-03T15:00:00.000,133,48,85
2015-11-03T16:00:00.000,296,116,180
2015-11-03T17:00:00.000,562,128,434
2015-11-03T18:00:00.000,318,100,218
2015-11-03T19:00:00.000,131,46,85
2015-11-03T20:00:00.000,69,31,38
2015-11-03T21:00:00.000,58,23,35
2015-11-03T22:00:00.000,23,10,13
2015-11-03T23:00:00.000,22,11,11
2015-11-04T00:00:00.000,4,1,3
2015-11-04T01:00:00.000,4,4,0
2015-11-04T02:00:00.000,3,1,2
2015-11-04T03:00:00.000,4,3,1
2015-11-04T04:00:00.000,6,4,2
2015-11-04T05:00:00.000,40,31,9
2015-11-04T06:00:00.000,152,93,59
2015-11-04T07:00:00.000,420,298,122
2015-11-04T08:00:00.000,478,324,154
2015-11-04T09:00:00.000,241,156,85
2015-11-04T10:00:00.000,102,57,45
2015-11-04T11:00:00.000,65,37,28
2015-11-04T12:00:00.000,79,33,46
2015-11-04T13:00:00.000,83,45,38
2015-11-04T14:00:00.000,95,50,45
2015-11-04T15:00:00.000,133,54,79
2015-11-04T16:00:00.000,279,110,169
2015-11-04T17:00:00.000,563,159,404
2015-11-04T18:00:00.000,343,120,223
2015-11-04T19:00:00.000,128,44,84
2015-11-04T20:00:00.000,100,41,59
2015-11-04T21:00:00.000,51,21,30
2015-11-04T22:00:00.000,41,18,23
2015-11-04T23:00:00.000,18,10,8
2015-11-05T00:00:00.000,8,4,4
2015-11-05T01:00:00.000,6,5,1
2015-11-05T02:00:00.000,1,0,1
2015-11-05T03:00:00.000,3,2,1
2015-11-05T04:00:00.000,4,2,2
2015-11-05T05:00:00.000,36,20,16
2015-11-05T06:00:00.000,111,76,35
2015-11-05T07:00:00.000,335,241,94
2015-11-05T08:00:00.000,456,309,147
2015-11-05T09:00:00.000,199,126,73
2015-11-05T10:00:00.000,94,61,33
2015-11-05T11:00:00.000,57,34,23
2015-11-05T12:00:00.000,49,22,27
2015-11-05T13:00:00.000,58,27,31
2015-11-05T14:00:00.000,72,29,43
2015-11-05T15:00:00.000,125,52,73
2015-11-05T16:00:00.000,259,104,155
2015-11-05T17:00:00.000,484,140,344
2015-11-05T18:00:00.000,272,89,183
2015-11-05T19:00:00.000,117,36,81
2015-11-05T20:00:00.000,73,28,45
2015-11-05T21:00:00.000,54,18,36
2015-11-05T22:00:00.000,40,14,26
2015-11-05T23:00:00.000,14,6,8
2015-11-06T00:00:00.000,7,1,6
2015-11-06T01:00:00.000,8,3,5
2015-11-06T02:00:00.000,2,1,1
2015-11-06T03:00:00.000,3,2,1
2015-11-06T04:00:00.000,7,5,2
2015-11-06T05:00:00.000,30,20,10
2015-11-06T06:00:00.000,101,68,33
2015-11-06T07:00:00.000,270,196,74
2015-11-06T08:00:00.000,340,238,102
2015-11-06T09:00:00.000,180,105,75
2015-11-06T10:00:00.000,76,46,30
2015-11-06T11:00:00.000,68,34,34
2015-11-06T12:00:00.000,61,34,27
2015-11-06T13:00:00.000,73,28,45
2015-11-06T14:00:00.000,104,37,67
2015-11-06T15:00:00.000,121,45,76
2015-11-06T16:00:00.000,242,69,173
2015-11-06T17:00:00.000,354,120,234
2015-11-06T18:00:00.000,207,64,143
2015-11-06T19:00:00.000,120,47,73
2015-11-06T20:00:00.000,41,14,27
2015-11-06T21:00:00.000,31,13,18
2015-11-06T22:00:00.000,32,14,18
2015-11-06T23:00:00.000,21,9,12
2015-11-07T00:00:00.000,13,7,6
2015-11-07T01:00:00.000,18,8,10
2015-11-07T02:00:00.000,3,2,1
2015-11-07T03:00:00.000,3,2,1
2015-11-07T04:00:00.000,3,0,3
2015-11-07T05:00:00.000,5,3,2
2015-11-07T06:00:00.000,9,1,8
2015-11-07T07:00:00.000,22,14,8
2015-11-07T08:00:00.000,31,18,13
2015-11-07T09:00:00.000,27,15,12
2015-11-07T10:00:00.000,36,20,16
2015-11-07T11:00:00.000,31,13,18
2015-11-07T12:00:00.000,42,24,18
2015-11-07T13:00:00.000,40,19,21
2015-11-07T14:00:00.000,32,17,15
2015-11-07T15:00:00.000,30,11,19
2015-11-07T16:00:00.000,44,17,27
2015-11-07T17:00:00.000,30,17,13
2015-11-07T18:00:00.000,24,12,12
2015-11-07T19:00:00.000,17,13,4
2015-11-07T20:00:00.000,19,10,9
2015-11-07T21:00:00.000,15,2,13
2015-11-07T22:00:00.000,18,12,6
2015-11-07T23:00:00.000,13,3,10
2015-11-08T00:00:00.000,6,3,3
2015-11-08T01:00:00.000,10,4,6
2015-11-08T02:00:00.000,0,0,0
2015-11-08T03:00:00.000,8,6,2
2015-11-08T04:00:00.000,0,0,0
2015-11-08T05:00:00.000,4,2,2
2015-11-08T06:00:00.000,5,2,3
2015-11-08T07:00:00.000,19,11,8
2015-11-08T08:00:00.000,39,20,19
2015-11-08T09:00:00.000,40,21,19
2015-11-08T10:00:00.000,45,29,16
2015-11-08T11:00:00.000,35,18,17
2015-11-08T12:00:00.000,38,23,15
2015-11-08T13:00:00.000,44,22,22
2015-11-08T14:00:00.000,64,34,30
2015-11-08T15:00:00.000,78,49,29
2015-11-08T16:00:00.000,110,49,61
2015-11-08T17:00:00.000,49,28,21
2015-11-08T18:00:00.000,23,15,8
2015-11-08T19:00:00.000,21,10,11
2015-11-08T20:00:00.000,13,5,8
2015-11-08T21:00:00.000,12,6,6
2015-11-08T22:00:00.000,6,2,4
2015-11-08T23:00:00.000,12,4,8
2015-11-09T00:00:00.000,3,1,2
2015-11-09T01:00:00.000,4,1,3
2015-11-09T02:00:00.000,2,1,1
2015-11-09T03:00:00.000,4,2,2
2015-11-09T04:00:00.000,5,5,0
2015-11-09T05:00:00.000,29,17,12
2015-11-09T06:00:00.000,109,69,40
2015-11-09T07:00:00.000,260,184,76
2015-11-09T08:00:00.000,320,217,103
2015-11-09T09:00:00.000,137,82,55
2015-11-09T10:00:00.000,67,34,33
2015-11-09T11:00:00.000,34,19,15
2015-11-09T12:00:00.000,45,26,19
2015-11-09T13:00:00.000,50,27,23
2015-11-09T14:00:00.000,46,15,31
2015-11-09T15:00:00.000,97,36,61
2015-11-09T16:00:00.000,222,67,155
2015-11-09T17:00:00.000,394,115,279
2015-11-09T18:00:00.000,257,89,168
2015-11-09T19:00:00.000,97,37,60
2015-11-09T20:00:00.000,55,20,35
2015-11-09T21:00:00.000,37,14,23
2015-11-09T22:00:00.000,18,11,7
2015-11-09T23:00:00.000,7,2,5
2015-11-10T00:00:00.000,7,4,3
2015-11-10T01:00:00.000,0,0,0
2015-11-10T02:00:00.000,2,0,2
2015-11-10T03:00:00.000,4,2,2
2015-11-10T04:00:00.000,6,5,1
2015-11-10T05:00:00.000,35,20,15
2015-11-10T06:00:00.000,129,78,51
2015-11-10T07:00:00.000,413,312,101
2015-11-10T08:00:00.000,501,340,161
2015-11-10T09:00:00.000,241,143,98
2015-11-10T10:00:00.000,88,46,42
2015-11-10T11:00:00.000,76,43,33
2015-11-10T12:00:00.000,89,46,43
2015-11-10T13:00:00.000,79,39,40
2015-11-10T14:00:00.000,78,33,45
2015-11-10T15:00:00.000,118,43,75
2015-11-10T16:00:00.000,298,103,195
2015-11-10T17:00:00.000,568,133,435
2015-11-10T18:00:00.000,318,97,221
2015-11-10T19:00:00.000,132,55,77
2015-11-10T20:00:00.000,76,22,54
2015-11-10T21:00:00.000,52,26,26
2015-11-10T22:00:00.000,33,13,20
2015-11-10T23:00:00.000,14,5,9
2015-11-11T00:00:00.000,6,2,4
2015-11-11T01:00:00.000,3,1,2
2015-11-11T02:00:00.000,3,0,3
2015-11-11T03:00:00.000,3,3,0
2015-11-11T04:00:00.000,6,2,4
2015-11-11T05:00:00.000,17,12,5
2015-11-11T06:00:00.000,84,47,37
2015-11-11T07:00:00.000,245,177,68
2015-11-11T08:00:00.000,343,228,115
2015-11-11T09:00:00.000,190,117,73
2015-11-11T10:00:00.000,81,51,30
2015-11-11T11:00:00.000,80,47,33
2015-11-11T12:00:00.000,95,46,49
2015-11-11T13:00:00.000,93,52,41
2015-11-11T14:00:00.000,103,41,62
2015-11-11T15:00:00.000,134,54,80
2015-11-11T16:00:00.000,211,83,128
2015-11-11T17:00:00.000,398,105,293
2015-11-11T18:00:00.000,258,98,160
2015-11-11T19:00:00.000,100,27,73
2015-11-11T20:00:00.000,67,20,47
2015-11-11T21:00:00.000,58,19,39
2015-11-11T22:00:00.000,36,17,19
2015-11-11T23:00:00.000,15,9,6
2015-11-12T00:00:00.000,4,2,2
2015-11-12T01:00:00.000,5,2,3
2015-11-12T02:00:00.000,1,1,0
2015-11-12T03:00:00.000,4,2,2
2015-11-12T04:00:00.000,5,1,4
2015-11-12T05:00:00.000,42,27,15
2015-11-12T06:00:00.000,115,75,40
2015-11-12T07:00:00.000,318,227,91
2015-11-12T08:00:00.000,427,283,144
2015-11-12T09:00:00.000,186,121,65
2015-11-12T10:00:00.000,86,46,40
2015-11-12T11:00:00.000,60,39,21
2015-11-12T12:00:00.000,45,19,26
2015-11-12T13:00:00.000,48,20,28
2015-11-12T14:00:00.000,54,27,27
2015-11-12T15:00:00.000,108,41,67
2015-11-12T16:00:00.000,189,63,126
2015-11-12T17:00:00.000,403,96,307
2015-11-12T18:00:00.000,241,72,169
2015-11-12T19:00:00.000,114,38,76
2015-11-12T20:00:00.000,37,17,20
2015-11-12T21:00:00.000,53,34,19
2015-11-12T22:00:00.000,19,8,11
2015-11-12T23:00:00.000,11,4,7
2015-11-13T00:00:00.000,6,3,3
2015-11-13T01:00:00.000,2,1,1
2015-11-13T02:00:00.000,2,1,1
2015-11-13T03:00:00.000,1,1,0
2015-11-13T04:00:00.000,4,2,2
2015-11-13T05:00:00.000,21,10,11
2015-11-13T06:00:00.000,46,34,12
2015-11-13T07:00:00.000,171,119,52
2015-11-13T08:00:00.000,234,157,77
2015-11-13T09:00:00.000,133,90,43
2015-11-13T10:00:00.000,57,37,20
2015-11-13T11:00:00.000,40,23,17
2015-11-13T12:00:00.000,31,15,16
2015-11-13T13:00:00.000,35,18,17
2015-11-13T14:00:00.000,36,16,20
2015-11-13T15:00:00.000,78,30,48
2015-11-13T16:00:00.000,135,49,86
2015-11-13T17:00:00.000,271,78,193
2015-11-13T18:00:00.000,171,46,125
2015-11-13T19:00:00.000,58,16,42
2015-11-13T20:00:00.000,32,14,18
2015-11-13T21:00:00.000,18,7,11
2015-11-13T22:00:00.000,24,12,12
2015-11-13T23:00:00.000,6,0,6
2015-11-14T00:00:00.000,6,2,4
2015-11-14T01:00:00.000,6,1,5
2015-11-14T02:00:00.000,2,1,1
2015-11-14T03:00:00.000,1,0,1
2015-11-14T04:00:00.000,2,0,2
2015-11-14T05:00:00.000,5,4,1
2015-11-14T06:00:00.000,8,3,5
2015-11-14T07:00:00.000,19,10,9
2015-11-14T08:00:00.000,26,17,9
2015-11-14T09:00:00.000,23,10,13
2015-11-14T10:00:00.000,20,13,7
2015-11-14T11:00:00.000,45,27,18
2015-11-14T12:00:00.000,45,27,18
2015-11-14T13:00:00.000,31,16,15
2015-11-14T14:00:00.000,26,12,14
2015-11-14T15:00:00.000,26,12,14
2015-11-14T16:00:00.000,24,11,13
2015-11-14T17:00:00.000,19,11,8
2015-11-14T18:00:00.000,19,10,9
2015-11-14T19:00:00.000,17,9,8
2015-11-14T20:00:00.000,8,3,5
2015-11-14T21:00:00.000,8,2,6
2015-11-14T22:00:00.000,5,3,2
2015-11-14T23:00:00.000,14,3,11
2015-11-15T00:00:00.000,5,2,3
2015-11-15T01:00:00.000,6,4,2
2015-11-15T02:00:00.000,0,0,0
2015-11-15T03:00:00.000,1,0,1
2015-11-15T04:00:00.000,1,0,1
2015-11-15T05:00:00.000,3,2,1
2015-11-15T06:00:00.000,9,6,3
2015-11-15T07:00:00.000,8,6,2
2015-11-15T08:00:00.000,19,12,7
2015-11-15T09:00:00.000,29,16,13
2015-11-15T10:00:00.000,38,17,21
2015-11-15T11:00:00.000,62,42,20
2015-11-15T12:00:00.000,84,44,40
2015-11-15T13:00:00.000,108,71,37
2015-11-15T14:00:00.000,99,51,48
2015-11-15T15:00:00.000,111,61,50
2015-11-15T16:00:00.000,92,55,37
2015-11-15T17:00:00.000,53,25,28
2015-11-15T18:00:00.000,33,14,19
2015-11-15T19:00:00.000,14,9,5
2015-11-15T20:00:00.000,14,7,7
2015-11-15T21:00:00.000,9,5,4
2015-11-15T22:00:00.000,21,8,13
2015-11-15T23:00:00.000,14,6,8
2015-11-16T00:00:00.000,8,4,4
2015-11-16T01:00:00.000,1,1,0
2015-11-16T02:00:00.000,3,2,1
2015-11-16T03:00:00.000,1,1,0
2015-11-16T04:00:00.000,4,2,2
2015-11-16T05:00:00.000,25,13,12
2015-11-16T06:00:00.000,103,67,36
2015-11-16T07:00:00.000,307,216,91
2015-11-16T08:00:00.000,394,255,139
2015-11-16T09:00:00.000,212,137,75
2015-11-16T10:00:00.000,56,32,24
2015-11-16T11:00:00.000,55,33,22
2015-11-16T12:00:00.000,26,14,12
2015-11-16T13:00:00.000,40,19,21
2015-11-16T14:00:00.000,41,15,26
2015-11-16T15:00:00.000,75,27,48
2015-11-16T16:00:00.000,191,78,113
2015-11-16T17:00:00.000,409,108,301
2015-11-16T18:00:00.000,254,72,182
2015-11-16T19:00:00.000,90,23,67
2015-11-16T20:00:00.000,45,17,28
2015-11-16T21:00:00.000,36,14,22
2015-11-16T22:00:00.000,19,7,12
2015-11-16T23:00:00.000,8,4,4
2015-11-17T00:00:00.000,3,3,0
2015-11-17T01:00:00.000,6,3,3
2015-11-17T02:00:00.000,4,2,2
2015-11-17T03:00:00.000,3,3,0
2015-11-17T04:00:00.000,6,4,2
2015-11-17T05:00:00.000,26,18,8
2015-11-17T06:00:00.000,64,46,18
2015-11-17T07:00:00.000,234,165,69
2015-11-17T08:00:00.000,303,211,92
2015-11-17T09:00:00.000,131,85,46
2015-11-17T10:00:00.000,45,22,23
2015-11-17T11:00:00.000,18,15,3
2015-11-17T12:00:00.000,27,11,16
2015-11-17T13:00:00.000,32,16,16
2015-11-17T14:00:00.000,34,14,20
2015-11-17T15:00:00.000,48,17,31
2015-11-17T16:00:00.000,161,60,101
2015-11-17T17:00:00.000,308,82,226
2015-11-17T18:00:00.000,189,59,130
2015-11-17T19:00:00.000,70,18,52
2015-11-17T20:00:00.000,33,9,24
2015-11-17T21:00:00.000,21,9,12
2015-11-17T22:00:00.000,13,7,6
2015-11-17T23:00:00.000,9,4,5
2015-11-18T00:00:00.000,7,3,4
2015-11-18T01:00:00.000,4,1,3
2015-11-18T02:00:00.000,1,1,0
2015-11-18T03:00:00.000,3,2,1
2015-11-18T04:00:00.000,8,4,4
2015-11-18T05:00:00.000,35,27,8
2015-11-18T06:00:00.000,113,67,46
2015-11-18T07:00:00.000,322,237,85
2015-11-18T08:00:00.000,450,306,144
2015-11-18T09:00:00.000,212,136,76
2015-11-18T10:00:00.000,93,53,40
2015-11-18T11:00:00.000,53,28,25
2015-11-18T12:00:00.000,64,29,35
2015-11-18T13:00:00.000,84,42,42
2015-11-18T14:00:00.000,73,35,38
2015-11-18T15:00:00.000,114,53,61
2015-11-18T16:00:00.000,240,84,156
2015-11-18T17:00:00.000,467,138,329
2015-11-18T18:00:00.000,313,90,223
2015-11-18T19:00:00.000,116,37,79
2015-11-18T20:00:00.000,81,22,59
2015-11-18T21:00:00.000,41,21,20
2015-11-18T22:00:00.000,22,12,10
2015-11-18T23:00:00.000,11,3,8
2015-11-19T00:00:00.000,9,7,2
2015-11-19T01:00:00.000,4,3,1
2015-11-19T02:00:00.000,1,0,1
2015-11-19T03:00:00.000,2,2,0
2015-11-19T04:00:00.000,7,3,4
2015-11-19T05:00:00.000,34,25,9
2015-11-19T06:00:00.000,103,74,29
2015-11-19T07:00:00.000,307,231,76
2015-11-19T08:00:00.000,437,291,146
2015-11-19T09:00:00.000,218,120,98
2015-11-19T10:00:00.000,100,66,34
2015-11-19T11:00:00.000,71,41,30
2015-11-19T12:00:00.000,61,27,34
2015-11-19T13:00:00.000,67,39,28
2015-11-19T14:00:00.000,83,39,44
2015-11-19T15:00:00.000,123,50,73
2015-11-19T16:00:00.000,237,93,144
2015-11-19T17:00:00.000,421,99,322
2015-11-19T18:00:00.000,313,98,215
2015-11-19T19:00:00.000,144,48,96
2015-11-19T20:00:00.000,75,26,49
2015-11-19T21:00:00.000,63,17,46
2015-11-19T22:00:00.000,32,11,21
2015-11-19T23:00:00.000,25,10,15
2015-11-20T00:00:00.000,10,5,5
2015-11-20T01:00:00.000,7,3,4
2015-11-20T02:00:00.000,1,1,0
2015-11-20T03:00:00.000,1,1,0
2015-11-20T04:00:00.000,9,5,4
2015-11-20T05:00:00.000,34,18,16
2015-11-20T06:00:00.000,86,58,28
2015-11-20T07:00:00.000,238,170,68
2015-11-20T08:00:00.000,368,252,116
2015-11-20T09:00:00.000,225,142,83
2015-11-20T10:00:00.000,73,36,37
2015-11-20T11:00:00.000,57,28,29
2015-11-20T12:00:00.000,74,41,33
2015-11-20T13:00:00.000,75,36,39
2015-11-20T14:00:00.000,88,37,51
2015-11-20T15:00:00.000,113,52,61
2015-11-20T16:00:00.000,233,69,164
2015-11-20T17:00:00.000,373,116,257
2015-11-20T18:00:00.000,223,69,154
2015-11-20T19:00:00.000,102,35,67
2015-11-20T20:00:00.000,45,13,32
2015-11-20T21:00:00.000,33,9,24
2015-11-20T22:00:00.000,26,13,13
2015-11-20T23:00:00.000,26,8,18
2015-11-21T00:00:00.000,10,8,2
2015-11-21T01:00:00.000,5,4,1
2015-11-21T02:00:00.000,0,0,0
2015-11-21T03:00:00.000,1,0,1
2015-11-21T04:00:00.000,4,1,3
2015-11-21T05:00:00.000,6,1,5
2015-11-21T06:00:00.000,13,9,4
2015-11-21T07:00:00.000,25,13,12
2015-11-21T08:00:00.000,49,28,21
2015-11-21T09:00:00.000,49,26,23
2015-11-21T10:00:00.000,82,40,42
2015-11-21T11:00:00.000,113,69,44
2015-11-21T12:00:00.000,144,73,71
2015-11-21T13:00:00.000,119,79,40
2015-11-21T14:00:00.000,117,62,55
2015-11-21T15:00:00.000,111,65,46
2015-11-21T16:00:00.000,78,49,29
2015-11-21T17:00:00.000,49,23,26
2015-11-21T18:00:00.000,37,20,17
2015-11-21T19:00:00.000,32,15,17
2015-11-21T20:00:00.000,17,6,11
2015-11-21T21:00:00.000,23,12,11
2015-11-21T22:00:00.000,24,6,18
2015-11-21T23:00:00.000,11,8,3
2015-11-22T00:00:00.000,11,5,6
2015-11-22T01:00:00.000,3,2,1
2015-11-22T02:00:00.000,5,3,2
2015-11-22T03:00:00.000,2,1,1
2015-11-22T04:00:00.000,1,1,0
2015-11-22T05:00:00.000,2,1,1
2015-11-22T06:00:00.000,5,2,3
2015-11-22T07:00:00.000,15,10,5
2015-11-22T08:00:00.000,39,22,17
2015-11-22T09:00:00.000,64,29,35
2015-11-22T10:00:00.000,64,35,29
2015-11-22T11:00:00.000,85,52,33
2015-11-22T12:00:00.000,92,48,44
2015-11-22T13:00:00.000,97,56,41
2015-11-22T14:00:00.000,130,70,60
2015-11-22T15:00:00.000,123,81,42
2015-11-22T16:00:00.000,67,36,31
2015-11-22T17:00:00.000,57,33,24
2015-11-22T18:00:00.000,38,21,17
2015-11-22T19:00:00.000,20,7,13
2015-11-22T20:00:00.000,13,3,10
2015-11-22T21:00:00.000,5,2,3
2015-11-22T22:00:00.000,9,3,6
2015-11-22T23:00:00.000,11,2,9
2015-11-23T00:00:00.000,3,1,2
2015-11-23T01:00:00.000,1,1,0
2015-11-23T02:00:00.000,1,0,1
2015-11-23T03:00:00.000,4,3,1
2015-11-23T04:00:00.000,5,0,5
2015-11-23T05:00:00.000,28,19,9
2015-11-23T06:00:00.000,99,64,35
2015-11-23T07:00:00.000,294,211,83
2015-11-23T08:00:00.000,333,222,111
2015-11-23T09:00:00.000,199,127,72
2015-11-23T10:00:00.000,61,28,33
2015-11-23T11:00:00.000,63,40,23
2015-11-23T12:00:00.000,57,30,27
2015-11-23T13:00:00.000,42,26,16
2015-11-23T14:00:00.000,48,16,32
2015-11-23T15:00:00.000,82,34,48
2015-11-23T16:00:00.000,190,61,129
2015-11-23T17:00:00.000,375,89,286
2015-11-23T18:00:00.000,221,60,161
2015-11-23T19:00:00.000,93,29,64
2015-11-23T20:00:00.000,39,13,26
2015-11-23T21:00:00.000,17,9,8
2015-11-23T22:00:00.000,18,9,9
2015-11-23T23:00:00.000,5,4,1
2015-11-24T00:00:00.000,4,2,2
2015-11-24T01:00:00.000,4,2,2
2015-11-24T02:00:00.000,2,1,1
2015-11-24T03:00:00.000,2,0,2
2015-11-24T04:00:00.000,5,3,2
2015-11-24T05:00:00.000,23,12,11
2015-11-24T06:00:00.000,74,47,27
2015-11-24T07:00:00.000,191,132,59
2015-11-24T08:00:00.000,275,192,83
2015-11-24T09:00:00.000,153,99,54
2015-11-24T10:00:00.000,68,36,32
2015-11-24T11:00:00.000,44,18,26
2015-11-24T12:00:00.000,48,17,31
2015-11-24T13:00:00.000,45,23,22
2015-11-24T14:00:00.000,51,22,29
2015-11-24T15:00:00.000,93,33,60
2015-11-24T16:00:00.000,166,57,109
2015-11-24T17:00:00.000,323,94,229
2015-11-24T18:00:00.000,218,53,165
2015-11-24T19:00:00.000,77,22,55
2015-11-24T20:00:00.000,35,10,25
2015-11-24T21:00:00.000,24,15,9
2015-11-24T22:00:00.000,20,12,8
2015-11-24T23:00:00.000,7,3,4
2015-11-25T00:00:00.000,6,3,3
2015-11-25T01:00:00.000,1,1,0
2015-11-25T02:00:00.000,5,2,3
2015-11-25T03:00:00.000,2,1,1
2015-11-25T04:00:00.000,6,0,6
2015-11-25T05:00:00.000,22,14,8
2015-11-25T06:00:00.000,78,46,32
2015-11-25T07:00:00.000,210,153,57
2015-11-25T08:00:00.000,271,187,84
2015-11-25T09:00:00.000,152,91,61
2015-11-25T10:00:00.000,61,35,26
2015-11-25T11:00:00.000,60,28,32
2015-11-25T12:00:00.000,57,30,27
2015-11-25T13:00:00.000,76,32,44
2015-11-25T14:00:00.000,107,42,65
2015-11-25T15:00:00.000,184,72,112
2015-11-25T16:00:00.000,226,70,156
2015-11-25T17:00:00.000,246,79,167
2015-11-25T18:00:00.000,127,34,93
2015-11-25T19:00:00.000,46,22,24
2015-11-25T20:00:00.000,31,8,23
2015-11-25T21:00:00.000,21,10,11
2015-11-25T22:00:00.000,9,7,2
2015-11-25T23:00:00.000,12,5,7
2015-11-26T00:00:00.000,7,3,4
2015-11-26T01:00:00.000,7,4,3
2015-11-26T02:00:00.000,3,3,0
2015-11-26T03:00:00.000,2,1,1
2015-11-26T04:00:00.000,1,0,1
2015-11-26T05:00:00.000,4,2,2
2015-11-26T06:00:00.000,7,5,2
2015-11-26T07:00:00.000,10,6,4
2015-11-26T08:00:00.000,13,5,8
2015-11-26T09:00:00.000,24,12,12
2015-11-26T10:00:00.000,38,22,16
2015-11-26T11:00:00.000,53,33,20
2015-11-26T12:00:00.000,80,46,34
2015-11-26T13:00:00.000,61,28,33
2015-11-26T14:00:00.000,65,34,31
2015-11-26T15:00:00.000,26,14,12
2015-11-26T16:00:00.000,21,14,7
2015-11-26T17:00:00.000,7,5,2
2015-11-26T18:00:00.000,9,5,4
2015-11-26T19:00:00.000,9,4,5
2015-11-26T20:00:00.000,8,1,7
2015-11-26T21:00:00.000,65,5,60
2015-11-26T22:00:00.000,4,2,2
2015-11-26T23:00:00.000,8,5,3
2015-11-27T00:00:00.000,9,4,5
2015-11-27T01:00:00.000,4,3,1
2015-11-27T02:00:00.000,3,3,0
2015-11-27T03:00:00.000,1,0,1
2015-11-27T04:00:00.000,4,2,2
2015-11-27T05:00:00.000,9,7,2
2015-11-27T06:00:00.000,16,9,7
2015-11-27T07:00:00.000,20,13,7
2015-11-27T08:00:00.000,27,15,12
2015-11-27T09:00:00.000,58,35,23
2015-11-27T10:00:00.000,65,28,37
2015-11-27T11:00:00.000,97,69,28
2015-11-27T12:00:00.000,66,28,38
2015-11-27T13:00:00.000,63,32,31
2015-11-27T14:00:00.000,99,52,47
2015-11-27T15:00:00.000,92,45,47
2015-11-27T16:00:00.000,78,46,32
2015-11-27T17:00:00.000,42,20,22
2015-11-27T18:00:00.000,49,19,30
2015-11-27T19:00:00.000,23,9,14
2015-11-27T20:00:00.000,25,7,18
2015-11-27T21:00:00.000,7,3,4
2015-11-27T22:00:00.000,18,10,8
2015-11-27T23:00:00.000,7,2,5
2015-11-28T00:00:00.000,5,2,3
2015-11-28T01:00:00.000,5,0,5
2015-11-28T02:00:00.000,1,0,1
2015-11-28T03:00:00.000,4,4,0
2015-11-28T04:00:00.000,5,3,2
2015-11-28T05:00:00.000,5,4,1
2015-11-28T06:00:00.000,4,2,2
2015-11-28T07:00:00.000,15,7,8
2015-11-28T08:00:00.000,26,12,14
2015-11-28T09:00:00.000,34,23,11
2015-11-28T10:00:00.000,53,32,21
2015-11-28T11:00:00.000,64,35,29
2015-11-28T12:00:00.000,76,57,19
2015-11-28T13:00:00.000,93,53,40
2015-11-28T14:00:00.000,99,59,40
2015-11-28T15:00:00.000,106,55,51
2015-11-28T16:00:00.000,74,35,39
2015-11-28T17:00:00.000,37,14,23
2015-11-28T18:00:00.000,26,9,17
2015-11-28T19:00:00.000,21,8,13
2015-11-28T20:00:00.000,12,3,9
2015-11-28T21:00:00.000,13,10,3
2015-11-28T22:00:00.000,11,8,3
2015-11-28T23:00:00.000,9,4,5
2015-11-29T00:00:00.000,4,2,2
2015-11-29T01:00:00.000,4,0,4
2015-11-29T02:00:00.000,2,1,1
2015-11-29T03:00:00.000,2,1,1
2015-11-29T04:00:00.000,0,0,0
2015-11-29T05:00:00.000,3,2,1
2015-11-29T06:00:00.000,2,1,1
2015-11-29T07:00:00.000,11,4,7
2015-11-29T08:00:00.000,14,10,4
2015-11-29T09:00:00.000,25,13,12
2015-11-29T10:00:00.000,41,24,17
2015-11-29T11:00:00.000,68,32,36
2015-11-29T12:00:00.000,64,29,35
2015-11-29T13:00:00.000,74,33,41
2015-11-29T14:00:00.000,63,33,30
2015-11-29T15:00:00.000,63,33,30
2015-11-29T16:00:00.000,41,24,17
2015-11-29T17:00:00.000,44,13,31
2015-11-29T18:00:00.000,25,12,13
2015-11-29T19:00:00.000,14,7,7
2015-11-29T20:00:00.000,14,5,9
2015-11-29T21:00:00.000,13,6,7
2015-11-29T22:00:00.000,8,3,5
2015-11-29T23:00:00.000,6,5,1
2015-11-30T00:00:00.000,2,0,2
2015-11-30T01:00:00.000,3,0,3
2015-11-30T02:00:00.000,1,0,1
2015-11-30T03:00:00.000,5,3,2
2015-11-30T04:00:00.000,3,2,1
2015-11-30T05:00:00.000,32,20,12
2015-11-30T06:00:00.000,79,45,34
2015-11-30T07:00:00.000,264,201,63
2015-11-30T08:00:00.000,372,251,121
2015-11-30T09:00:00.000,184,115,69
2015-11-30T10:00:00.000,52,36,16
2015-11-30T11:00:00.000,57,36,21
2015-11-30T12:00:00.000,48,31,17
2015-11-30T13:00:00.000,65,26,39
2015-11-30T14:00:00.000,70,34,36
2015-11-30T15:00:00.000,83,36,47
2015-11-30T16:00:00.000,185,70,115
2015-11-30T17:00:00.000,379,102,277
2015-11-30T18:00:00.000,279,69,210
2015-11-30T19:00:00.000,82,22,60
2015-11-30T20:00:00.000,47,21,26
2015-11-30T21:00:00.000,19,6,13
2015-11-30T22:00:00.000,13,4,9
2015-11-30T23:00:00.000,5,2,3
2015-12-01T00:00:00.000,8,4,4
2015-12-01T01:00:00.000,2,2,0
2015-12-01T02:00:00.000,2,1,1
2015-12-01T03:00:00.000,3,3,0
2015-12-01T04:00:00.000,5,2,3
2015-12-01T05:00:00.000,36,21,15
2015-12-01T06:00:00.000,96,66,30
2015-12-01T07:00:00.000,310,225,85
2015-12-01T08:00:00.000,405,294,111
2015-12-01T09:00:00.000,208,127,81
2015-12-01T10:00:00.000,76,42,34
2015-12-01T11:00:00.000,61,27,34
2015-12-01T12:00:00.000,48,20,28
2015-12-01T13:00:00.000,63,31,32
2015-12-01T14:00:00.000,64,27,37
2015-12-01T15:00:00.000,110,42,68
2015-12-01T16:00:00.000,231,83,148
2015-12-01T17:00:00.000,419,109,310
2015-12-01T18:00:00.000,254,73,181
2015-12-01T19:00:00.000,103,35,68
2015-12-01T20:00:00.000,50,11,39
2015-12-01T21:00:00.000,25,5,20
2015-12-01T22:00:00.000,13,7,6
2015-12-01T23:00:00.000,6,2,4
2015-12-02T00:00:00.000,5,1,4
2015-12-02T01:00:00.000,1,1,0
2015-12-02T02:00:00.000,3,1,2
2015-12-02T03:00:00.000,6,5,1
2015-12-02T04:00:00.000,8,7,1
2015-12-02T05:00:00.000,29,21,8
2015-12-02T06:00:00.000,116,77,39
2015-12-02T07:00:00.000,274,198,76
2015-12-02T08:00:00.000,358,230,128
2015-12-02T09:00:00.000,176,111,65
2015-12-02T10:00:00.000,80,57,23
2015-12-02T11:00:00.000,51,22,29
2015-12-02T12:00:00.000,50,26,24
2015-12-02T13:00:00.000,47,26,21
2015-12-02T14:00:00.000,70,33,37
2015-12-02T15:00:00.000,91,32,59
2015-12-02T16:00:00.000,196,81,115
2015-12-02T17:00:00.000,419,103,316
2015-12-02T18:00:00.000,272,83,189
2015-12-02T19:00:00.000,98,27,71
2015-12-02T20:00:00.000,72,22,50
2015-12-02T21:00:00.000,50,18,32
2015-12-02T22:00:00.000,23,10,13
2015-12-02T23:00:00.000,20,8,12
2015-12-03T00:00:00.000,5,5,0
2015-12-03T01:00:00.000,4,1,3
2015-12-03T02:00:00.000,0,0,0
2015-12-03T03:00:00.000,1,1,0
2015-12-03T04:00:00.000,2,1,1
2015-12-03T05:00:00.000,24,13,11
2015-12-03T06:00:00.000,85,51,34
2015-12-03T07:00:00.000,178,129,49
2015-12-03T08:00:00.000,288,200,88
2015-12-03T09:00:00.000,158,86,72
2015-12-03T10:00:00.000,81,49,32
2015-12-03T11:00:00.000,45,27,18
2015-12-03T12:00:00.000,33,17,16
2015-12-03T13:00:00.000,49,23,26
2015-12-03T14:00:00.000,50,25,25
2015-12-03T15:00:00.000,82,30,52
2015-12-03T16:00:00.000,152,59,93
2015-12-03T17:00:00.000,270,74,196
2015-12-03T18:00:00.000,190,66,124
2015-12-03T19:00:00.000,86,24,62
2015-12-03T20:00:00.000,47,14,33
2015-12-03T21:00:00.000,32,8,24
2015-12-03T22:00:00.000,7,2,5
2015-12-03T23:00:00.000,15,5,10
2015-12-04T00:00:00.000,7,1,6
2015-12-04T01:00:00.000,2,0,2
2015-12-04T02:00:00.000,2,1,1
2015-12-04T03:00:00.000,3,2,1
2015-12-04T04:00:00.000,5,2,3
2015-12-04T05:00:00.000,22,14,8
2015-12-04T06:00:00.000,76,49,27
2015-12-04T07:00:00.000,221,158,63
2015-12-04T08:00:00.000,319,210,109
2015-12-04T09:00:00.000,205,122,83
2015-12-04T10:00:00.000,70,42,28
2015-12-04T11:00:00.000,55,31,24
2015-12-04T12:00:00.000,60,36,24
2015-12-04T13:00:00.000,62,34,28
2015-12-04T14:00:00.000,85,45,40
2015-12-04T15:00:00.000,119,53,66
2015-12-04T16:00:00.000,216,74,142
2015-12-04T17:00:00.000,337,103,234
2015-12-04T18:00:00.000,191,65,126
2015-12-04T19:00:00.000,83,27,56
2015-12-04T20:00:00.000,42,13,29
2015-12-04T21:00:00.000,38,11,27
2015-12-04T22:00:00.000,23,9,14
2015-12-04T23:00:00.000,25,11,14
2015-12-05T00:00:00.000,19,7,12
2015-12-05T01:00:00.000,10,6,4
2015-12-05T02:00:00.000,3,2,1
2015-12-05T03:00:00.000,3,0,3
2015-12-05T04:00:00.000,5,3,2
2015-12-05T05:00:00.000,5,4,1
2015-12-05T06:00:00.000,15,12,3
2015-12-05T07:00:00.000,18,9,9
2015-12-05T08:00:00.000,48,24,24
2015-12-05T09:00:00.000,28,21,7
2015-12-05T10:00:00.000,25,17,8
2015-12-05T11:00:00.000,29,18,11
2015-12-05T12:00:00.000,23,11,12
2015-12-05T13:00:00.000,24,13,11
2015-12-05T14:00:00.000,22,11,11
2015-12-05T15:00:00.000,15,8,7
2015-12-05T16:00:00.000,21,5,16
2015-12-05T17:00:00.000,25,18,7
2015-12-05T18:00:00.000,23,9,14
2015-12-05T19:00:00.000,10,7,3
2015-12-05T20:00:00.000,11,7,4
2015-12-05T21:00:00.000,12,3,9
2015-12-05T22:00:00.000,8,5,3
2015-12-05T23:00:00.000,6,1,5
2015-12-06T00:00:00.000,1,1,0
2015-12-06T01:00:00.000,4,2,2
2015-12-06T02:00:00.000,1,1,0
2015-12-06T03:00:00.000,1,0,1
2015-12-06T04:00:00.000,0,0,0
2015-12-06T05:00:00.000,2,0,2
2015-12-06T06:00:00.000,6,4,2
2015-12-06T07:00:00.000,4,1,3
2015-12-06T08:00:00.000,16,9,7
2015-12-06T09:00:00.000,34,16,18
2015-12-06T10:00:00.000,22,12,10
2015-12-06T11:00:00.000,28,12,16
2015-12-06T12:00:00.000,55,31,24
2015-12-06T13:00:00.000,61,27,34
2015-12-06T14:00:00.000,73,41,32
2015-12-06T15:00:00.000,64,29,35
2015-12-06T16:00:00.000,25,17,8
2015-12-06T17:00:00.000,22,7,15
2015-12-06T18:00:00.000,19,8,11
2015-12-06T19:00:00.000,13,5,8
2015-12-06T20:00:00.000,14,4,10
2015-12-06T21:00:00.000,5,2,3
2015-12-06T22:00:00.000,5,4,1
2015-12-06T23:00:00.000,5,3,2
2015-12-07T00:00:00.000,3,2,1
2015-12-07T01:00:00.000,2,1,1
2015-12-07T02:00:00.000,3,1,2
2015-12-07T03:00:00.000,2,2,0
2015-12-07T04:00:00.000,5,4,1
2015-12-07T05:00:00.000,35,26,9
2015-12-07T06:00:00.000,88,50,38
2015-12-07T07:00:00.000,252,199,53
2015-12-07T08:00:00.000,342,235,107
2015-12-07T09:00:00.000,177,115,62
2015-12-07T10:00:00.000,46,34,12
2015-12-07T11:00:00.000,17,7,10
2015-12-07T12:00:00.000,22,11,11
2015-12-07T13:00:00.000,18,4,14
2015-12-07T14:00:00.000,29,15,14
2015-12-07T15:00:00.000,70,26,44
2015-12-07T16:00:00.000,142,52,90
2015-12-07T17:00:00.000,370,96,274
2015-12-07T18:00:00.000,245,74,171
2015-12-07T19:00:00.000,78,23,55
2015-12-07T20:00:00.000,39,14,25
2015-12-07T21:00:00.000,24,10,14
2015-12-07T22:00:00.000,28,11,17
2015-12-07T23:00:00.000,4,1,3
2015-12-08T00:00:00.000,3,1,2
2015-12-08T01:00:00.000,3,0,3
2015-12-08T02:00:00.000,3,1,2
2015-12-08T03:00:00.000,4,4,0
2015-12-08T04:00:00.000,4,3,1
2015-12-08T05:00:00.000,21,15,6
2015-12-08T06:00:00.000,73,50,23
2015-12-08T07:00:00.000,194,137,57
2015-12-08T08:00:00.000,307,208,99
2015-12-08T09:00:00.000,161,99,62
2015-12-08T10:00:00.000,43,25,18
2015-12-08T11:00:00.000,29,15,14
2015-12-08T12:00:00.000,23,9,14
2015-12-08T13:00:00.000,20,11,9
2015-12-08T14:00:00.000,32,16,16
2015-12-08T15:00:00.000,67,30,37
2015-12-08T16:00:00.000,110,42,68
2015-12-08T17:00:00.000,298,77,221
2015-12-08T18:00:00.000,196,55,141
2015-12-08T19:00:00.000,85,33,52
2015-12-08T20:00:00.000,35,14,21
2015-12-08T21:00:00.000,21,6,15
2015-12-08T22:00:00.000,13,3,10
2015-12-08T23:00:00.000,11,1,10
2015-12-09T00:00:00.000,4,3,1
2015-12-09T01:00:00.000,0,0,0
2015-12-09T02:00:00.000,1,0,1
2015-12-09T03:00:00.000,4,4,0
2015-12-09T04:00:00.000,4,2,2
2015-12-09T05:00:00.000,25,15,10
2015-12-09T06:00:00.000,66,43,23
2015-12-09T07:00:00.000,200,142,58
2015-12-09T08:00:00.000,302,205,97
2015-12-09T09:00:00.000,190,117,73
2015-12-09T10:00:00.000,80,48,32
2015-12-09T11:00:00.000,51,26,25
2015-12-09T12:00:00.000,45,25,20
2015-12-09T13:00:00.000,54,28,26
2015-12-09T14:00:00.000,82,38,44
2015-12-09T15:00:00.000,104,56,48
2015-12-09T16:00:00.000,167,68,99
2015-12-09T17:00:00.000,364,100,264
2015-12-09T18:00:00.000,238,82,156
2015-12-09T19:00:00.000,96,28,68
2015-12-09T20:00:00.000,50,21,29
2015-12-09T21:00:00.000,41,14,27
2015-12-09T22:00:00.000,26,8,18
2015-12-09T23:00:00.000,26,12,14
2015-12-10T00:00:00.000,3,0,3
2015-12-10T01:00:00.000,5,3,2
2015-12-10T02:00:00.000,2,0,2
2015-12-10T03:00:00.000,3,2,1
2015-12-10T04:00:00.000,5,4,1
2015-12-10T05:00:00.000,23,14,9
2015-12-10T06:00:00.000,81,53,28
2015-12-10T07:00:00.000,239,169,70
2015-12-10T08:00:00.000,317,214,103
2015-12-10T09:00:00.000,131,72,59
2015-12-10T10:00:00.000,53,34,19
2015-12-10T11:00:00.000,19,12,7
2015-12-10T12:00:00.000,13,8,5
2015-12-10T13:00:00.000,21,10,11
2015-12-10T14:00:00.000,35,10,25
2015-12-10T15:00:00.000,62,30,32
2015-12-10T16:00:00.000,155,56,99
2015-12-10T17:00:00.000,287,71,216
2015-12-10T18:00:00.000,194,59,135
2015-12-10T19:00:00.000,77,20,57
2015-12-10T20:00:00.000,49,17,32
2015-12-10T21:00:00.000,32,9,23
2015-12-10T22:00:00.000,20,10,10
2015-12-10T23:00:00.000,15,4,11
2015-12-11T00:00:00.000,7,2,5
2015-12-11T01:00:00.000,2,1,1
2015-12-11T02:00:00.000,3,1,2
2015-12-11T03:00:00.000,1,1,0
2015-12-11T04:00:00.000,7,2,5
2015-12-11T05:00:00.000,22,15,7
2015-12-11T06:00:00.000,66,46,20
2015-12-11T07:00:00.000,207,157,50
2015-12-11T08:00:00.000,294,183,111
2015-12-11T09:00:00.000,174,109,65
2015-12-11T10:00:00.000,73,42,31
2015-12-11T11:00:00.000,61,35,26
2015-12-11T12:00:00.000,63,27,36
2015-12-11T13:00:00.000,47,22,25
2015-12-11T14:00:00.000,75,45,30
2015-12-11T15:00:00.000,106,45,61
2015-12-11T16:00:00.000,189,68,121
2015-12-11T17:00:00.000,321,86,235
2015-12-11T18:00:00.000,159,43,116
2015-12-11T19:00:00.000,68,21,47
2015-12-11T20:00:00.000,41,11,30
2015-12-11T21:00:00.000,30,13,17
2015-12-11T22:00:00.000,25,10,15
2015-12-11T23:00:00.000,16,7,9
2015-12-12T00:00:00.000,13,6,7
2015-12-12T01:00:00.000,10,3,7
2015-12-12T02:00:00.000,8,4,4
2015-12-12T03:00:00.000,1,0,1
2015-12-12T04:00:00.000,5,3,2
2015-12-12T05:00:00.000,12,7,5
2015-12-12T06:00:00.000,15,7,8
2015-12-12T07:00:00.000,18,6,12
2015-12-12T08:00:00.000,32,18,14
2015-12-12T09:00:00.000,27,15,12
2015-12-12T10:00:00.000,41,25,16
2015-12-12T11:00:00.000,30,17,13
2015-12-12T12:00:00.000,26,13,13
2015-12-12T13:00:00.000,19,9,10
2015-12-12T14:00:00.000,25,14,11
2015-12-12T15:00:00.000,30,15,15
2015-12-12T16:00:00.000,36,12,24
2015-12-12T17:00:00.000,24,14,10
2015-12-12T18:00:00.000,27,13,14
2015-12-12T19:00:00.000,13,6,7
2015-12-12T20:00:00.000,12,3,9
2015-12-12T21:00:00.000,7,4,3
2015-12-12T22:00:00.000,10,8,2
2015-12-12T23:00:00.000,6,3,3
2015-12-13T00:00:00.000,9,5,4
2015-12-13T01:00:00.000,1,1,0
2015-12-13T02:00:00.000,4,4,0
2015-12-13T03:00:00.000,4,3,1
2015-12-13T04:00:00.000,1,1,0
2015-12-13T05:00:00.000,9,4,5
2015-12-13T06:00:00.000,6,2,4
2015-12-13T07:00:00.000,13,7,6
2015-12-13T08:00:00.000,22,11,11
2015-12-13T09:00:00.000,38,18,20
2015-12-13T10:00:00.000,34,18,16
2015-12-13T11:00:00.000,28,18,10
2015-12-13T12:00:00.000,52,25,27
2015-12-13T13:00:00.000,42,26,16
2015-12-13T14:00:00.000,55,34,21
2015-12-13T15:00:00.000,62,31,31
2015-12-13T16:00:00.000,23,11,12
2015-12-13T17:00:00.000,25,8,17
2015-12-13T18:00:00.000,19,9,10
2015-12-13T19:00:00.000,14,5,9
2015-12-13T20:00:00.000,8,6,2
2015-12-13T21:00:00.000,4,3,1
2015-12-13T22:00:00.000,9,3,6
2015-12-13T23:00:00.000,8,3,5
2015-12-14T00:00:00.000,5,2,3
2015-12-14T01:00:00.000,2,1,1
2015-12-14T02:00:00.000,3,1,2
2015-12-14T03:00:00.000,2,2,0
2015-12-14T04:00:00.000,11,8,3
2015-12-14T05:00:00.000,32,19,13
2015-12-14T06:00:00.000,88,55,33
2015-12-14T07:00:00.000,288,209,79
2015-12-14T08:00:00.000,406,277,129
2015-12-14T09:00:00.000,172,104,68
2015-12-14T10:00:00.000,72,40,32
2015-12-14T11:00:00.000,52,40,12
2015-12-14T12:00:00.000,58,28,30
2015-12-14T13:00:00.000,58,32,26
2015-12-14T14:00:00.000,54,24,30
2015-12-14T15:00:00.000,105,51,54
2015-12-14T16:00:00.000,191,72,119
2015-12-14T17:00:00.000,403,103,300
2015-12-14T18:00:00.000,290,93,197
2015-12-14T19:00:00.000,102,34,68
2015-12-14T20:00:00.000,48,18,30
2015-12-14T21:00:00.000,42,14,28
2015-12-14T22:00:00.000,23,11,12
2015-12-14T23:00:00.000,14,5,9
2015-12-15T00:00:00.000,9,5,4
2015-12-15T01:00:00.000,2,1,1
2015-12-15T02:00:00.000,3,0,3
2015-12-15T03:00:00.000,5,3,2
2015-12-15T04:00:00.000,6,3,3
2015-12-15T05:00:00.000,31,21,10
2015-12-15T06:00:00.000,102,61,41
2015-12-15T07:00:00.000,279,208,71
2015-12-15T08:00:00.000,357,238,119
2015-12-15T09:00:00.000,199,133,66
2015-12-15T10:00:00.000,68,41,27
2015-12-15T11:00:00.000,51,31,20
2015-12-15T12:00:00.000,55,33,22
2015-12-15T13:00:00.000,53,23,30
2015-12-15T14:00:00.000,55,25,30
2015-12-15T15:00:00.000,98,46,52
2015-12-15T16:00:00.000,195,66,129
2015-12-15T17:00:00.000,384,95,289
2015-12-15T18:00:00.000,265,83,182
2015-12-15T19:00:00.000,94,31,63
2015-12-15T20:00:00.000,55,22,33
2015-12-15T21:00:00.000,29,8,21
2015-12-15T22:00:00.000,21,9,12
2015-12-15T23:00:00.000,14,5,9
2015-12-16T00:00:00.000,10,7,3
2015-12-16T01:00:00.000,1,0,1
2015-12-16T02:00:00.000,2,1,1
2015-12-16T03:00:00.000,2,2,0
2015-12-16T04:00:00.000,7,4,3
2015-12-16T05:00:00.000,29,22,7
2015-12-16T06:00:00.000,101,66,35
2015-12-16T07:00:00.000,244,175,69
2015-12-16T08:00:00.000,349,226,123
2015-12-16T09:00:00.000,193,124,69
2015-12-16T10:00:00.000,85,55,30
2015-12-16T11:00:00.000,52,30,22
2015-12-16T12:00:00.000,54,24,30
2015-12-16T13:00:00.000,60,30,30
2015-12-16T14:00:00.000,66,26,40
2015-12-16T15:00:00.000,105,48,57
2015-12-16T16:00:00.000,167,74,93
2015-12-16T17:00:00.000,407,122,285
2015-12-16T18:00:00.000,257,84,173
2015-12-16T19:00:00.000,103,39,64
2015-12-16T20:00:00.000,56,19,37
2015-12-16T21:00:00.000,41,12,29
2015-12-16T22:00:00.000,23,8,15
2015-12-16T23:00:00.000,22,10,12
2015-12-17T00:00:00.000,8,4,4
2015-12-17T01:00:00.000,4,3,1
2015-12-17T02:00:00.000,3,2,1
2015-12-17T03:00:00.000,2,2,0
2015-12-17T04:00:00.000,4,2,2
2015-12-17T05:00:00.000,22,14,8
2015-12-17T06:00:00.000,80,55,25
2015-12-17T07:00:00.000,202,154,48
2015-12-17T08:00:00.000,243,158,85
2015-12-17T09:00:00.000,150,90,60
2015-12-17T10:00:00.000,49,30,19
2015-12-17T11:00:00.000,20,14,6
2015-12-17T12:00:00.000,22,11,11
2015-12-17T13:00:00.000,27,9,18
2015-12-17T14:00:00.000,31,13,18
2015-12-17T15:00:00.000,59,23,36
2015-12-17T16:00:00.000,118,51,67
2015-12-17T17:00:00.000,257,87,170
2015-12-17T18:00:00.000,168,48,120
2015-12-17T19:00:00.000,78,21,57
2015-12-17T20:00:00.000,68,18,50
2015-12-17T21:00:00.000,17,5,12
2015-12-17T22:00:00.000,17,4,13
2015-12-17T23:00:00.000,9,3,6
2015-12-18T00:00:00.000,3,2,1
2015-12-18T01:00:00.000,4,4,0
2015-12-18T02:00:00.000,1,1,0
2015-12-18T03:00:00.000,0,0,0
2015-12-18T04:00:00.000,3,1,2
2015-12-18T05:00:00.000,16,9,7
2015-12-18T06:00:00.000,59,44,15
2015-12-18T07:00:00.000,169,127,42
2015-12-18T08:00:00.000,246,167,79
2015-12-18T09:00:00.000,144,92,52
2015-12-18T10:00:00.000,65,37,28
2015-12-18T11:00:00.000,45,28,17
2015-12-18T12:00:00.000,50,24,26
2015-12-18T13:00:00.000,43,15,28
2015-12-18T14:00:00.000,59,33,26
2015-12-18T15:00:00.000,97,40,57
2015-12-18T16:00:00.000,159,62,97
2015-12-18T17:00:00.000,276,70,206
2015-12-18T18:00:00.000,133,44,89
2015-12-18T19:00:00.000,60,12,48
2015-12-18T20:00:00.000,25,8,17
2015-12-18T21:00:00.000,24,7,17
2015-12-18T22:00:00.000,17,10,7
2015-12-18T23:00:00.000,10,5,5
2015-12-19T00:00:00.000,7,3,4
2015-12-19T01:00:00.000,7,3,4
2015-12-19T02:00:00.000,1,0,1
2015-12-19T03:00:00.000,0,0,0
2015-12-19T04:00:00.000,0,0,0
2015-12-19T05:00:00.000,10,4,6
2015-12-19T06:00:00.000,10,4,6
2015-12-19T07:00:00.000,21,14,7
2015-12-19T08:00:00.000,35,19,16
2015-12-19T09:00:00.000,52,34,18
2015-12-19T10:00:00.000,56,37,19
2015-12-19T11:00:00.000,85,51,34
2015-12-19T12:00:00.000,86,50,36
2015-12-19T13:00:00.000,80,36,44
2015-12-19T14:00:00.000,95,58,37
2015-12-19T15:00:00.000,73,36,37
2015-12-19T16:00:00.000,46,25,21
2015-12-19T17:00:00.000,38,23,15
2015-12-19T18:00:00.000,31,16,15
2015-12-19T19:00:00.000,9,3,6
2015-12-19T20:00:00.000,16,7,9
2015-12-19T21:00:00.000,15,7,8
2015-12-19T22:00:00.000,17,8,9
2015-12-19T23:00:00.000,18,4,14
2015-12-20T00:00:00.000,4,2,2
2015-12-20T01:00:00.000,6,4,2
2015-12-20T02:00:00.000,0,0,0
2015-12-20T03:00:00.000,2,2,0
2015-12-20T04:00:00.000,4,2,2
2015-12-20T05:00:00.000,4,2,2
2015-12-20T06:00:00.000,6,0,6
2015-12-20T07:00:00.000,6,4,2
2015-12-20T08:00:00.000,27,18,9
2015-12-20T09:00:00.000,19,11,8
2015-12-20T10:00:00.000,42,16,26
2015-12-20T11:00:00.000,59,33,26
2015-12-20T12:00:00.000,46,28,18
2015-12-20T13:00:00.000,48,32,16
2015-12-20T14:00:00.000,52,30,22
2015-12-20T15:00:00.000,41,17,24
2015-12-20T16:00:00.000,40,22,18
2015-12-20T17:00:00.000,32,16,16
2015-12-20T18:00:00.000,21,7,14
2015-12-20T19:00:00.000,8,1,7
2015-12-20T20:00:00.000,22,13,9
2015-12-20T21:00:00.000,11,6,5
2015-12-20T22:00:00.000,5,4,1
2015-12-20T23:00:00.000,7,3,4
2015-12-21T00:00:00.000,5,2,3
2015-12-21T01:00:00.000,0,0,0
2015-12-21T02:00:00.000,1,0,1
2015-12-21T03:00:00.000,4,1,3
2015-12-21T04:00:00.000,4,3,1
2015-12-21T05:00:00.000,16,11,5
2015-12-21T06:00:00.000,74,41,33
2015-12-21T07:00:00.000,167,126,41
2015-12-21T08:00:00.000,201,130,71
2015-12-21T09:00:00.000,89,52,37
2015-12-21T10:00:00.000,30,19,11
2015-12-21T11:00:00.000,12,8,4
2015-12-21T12:00:00.000,19,10,9
2015-12-21T13:00:00.000,19,9,10
2015-12-21T14:00:00.000,25,6,19
2015-12-21T15:00:00.000,38,11,27
2015-12-21T16:00:00.000,97,41,56
2015-12-21T17:00:00.000,227,60,167
2015-12-21T18:00:00.000,145,38,107
2015-12-21T19:00:00.000,52,24,28
2015-12-21T20:00:00.000,19,8,11
2015-12-21T21:00:00.000,13,6,7
2015-12-21T22:00:00.000,14,8,6
2015-12-21T23:00:00.000,4,2,2
2015-12-22T00:00:00.000,1,0,1
2015-12-22T01:00:00.000,4,2,2
2015-12-22T02:00:00.000,2,2,0
2015-12-22T03:00:00.000,3,3,0
2015-12-22T04:00:00.000,2,1,1
2015-12-22T05:00:00.000,21,13,8
2015-12-22T06:00:00.000,74,44,30
2015-12-22T07:00:00.000,177,126,51
2015-12-22T08:00:00.000,219,147,72
2015-12-22T09:00:00.000,135,95,40
2015-12-22T10:00:00.000,62,37,25
2015-12-22T11:00:00.000,39,19,20
2015-12-22T12:00:00.000,51,23,28
2015-12-22T13:00:00.000,39,21,18
2015-12-22T14:00:00.000,54,20,34
2015-12-22T15:00:00.000,80,33,47
2015-12-22T16:00:00.000,158,46,112
2015-12-22T17:00:00.000,249,69,180
2015-12-22T18:00:00.000,148,34,114
2015-12-22T19:00:00.000,54,20,34
2015-12-22T20:00:00.000,24,6,18
2015-12-22T21:00:00.000,18,9,9
2015-12-22T22:00:00.000,12,6,6
2015-12-22T23:00:00.000,9,1,8
2015-12-23T00:00:00.000,3,3,0
2015-12-23T01:00:00.000,4,3,1
2015-12-23T02:00:00.000,0,0,0
2015-12-23T03:00:00.000,1,1,0
2015-12-23T04:00:00.000,3,0,3
2015-12-23T05:00:00.000,27,19,8
2015-12-23T06:00:00.000,59,38,21
2015-12-23T07:00:00.000,121,83,38
2015-12-23T08:00:00.000,149,100,49
2015-12-23T09:00:00.000,100,66,34
2015-12-23T10:00:00.000,37,20,17
2015-12-23T11:00:00.000,37,26,11
2015-12-23T12:00:00.000,46,24,22
2015-12-23T13:00:00.000,41,23,18
2015-12-23T14:00:00.000,58,20,38
2015-12-23T15:00:00.000,77,30,47
2015-12-23T16:00:00.000,131,38,93
2015-12-23T17:00:00.000,159,40,119
2015-12-23T18:00:00.000,69,28,41
2015-12-23T19:00:00.000,41,12,29
2015-12-23T20:00:00.000,23,9,14
2015-12-23T21:00:00.000,13,7,6
2015-12-23T22:00:00.000,8,4,4
2015-12-23T23:00:00.000,12,8,4
2015-12-24T00:00:00.000,6,1,5
2015-12-24T01:00:00.000,3,1,2
2015-12-24T02:00:00.000,1,0,1
2015-12-24T03:00:00.000,1,0,1
2015-12-24T04:00:00.000,2,0,2
2015-12-24T05:00:00.000,6,4,2
2015-12-24T06:00:00.000,22,17,5
2015-12-24T07:00:00.000,52,29,23
2015-12-24T08:00:00.000,54,37,17
2015-12-24T09:00:00.000,46,27,19
2015-12-24T10:00:00.000,28,19,9
2015-12-24T11:00:00.000,36,16,20
2015-12-24T12:00:00.000,48,26,22
2015-12-24T13:00:00.000,62,29,33
2015-12-24T14:00:00.000,65,35,30
2015-12-24T15:00:00.000,60,26,34
2015-12-24T16:00:00.000,30,8,22
2015-12-24T17:00:00.000,25,8,17
2015-12-24T18:00:00.000,18,8,10
2015-12-24T19:00:00.000,10,5,5
2015-12-24T20:00:00.000,6,1,5
2015-12-24T21:00:00.000,4,4,0
2015-12-24T22:00:00.000,5,3,2
2015-12-24T23:00:00.000,2,2,0
2015-12-25T00:00:00.000,1,0,1
2015-12-25T01:00:00.000,3,0,3
2015-12-25T02:00:00.000,4,0,4
2015-12-25T03:00:00.000,0,0,0
2015-12-25T04:00:00.000,1,0,1
2015-12-25T05:00:00.000,1,1,0
2015-12-25T06:00:00.000,1,0,1
2015-12-25T07:00:00.000,6,4,2
2015-12-25T08:00:00.000,4,0,4
2015-12-25T09:00:00.000,4,4,0
2015-12-25T10:00:00.000,11,5,6
2015-12-25T11:00:00.000,23,21,2
2015-12-25T12:00:00.000,26,13,13
2015-12-25T13:00:00.000,24,11,13
2015-12-25T14:00:00.000,45,26,19
2015-12-25T15:00:00.000,43,26,17
2015-12-25T16:00:00.000,20,10,10
2015-12-25T17:00:00.000,11,10,1
2015-12-25T18:00:00.000,8,5,3
2015-12-25T19:00:00.000,10,3,7
2015-12-25T20:00:00.000,6,4,2
2015-12-25T21:00:00.000,6,4,2
2015-12-25T22:00:00.000,4,1,3
2015-12-25T23:00:00.000,2,2,0
2015-12-26T00:00:00.000,2,1,1
2015-12-26T01:00:00.000,0,0,0
2015-12-26T02:00:00.000,0,0,0
2015-12-26T03:00:00.000,0,0,0
2015-12-26T04:00:00.000,1,0,1
2015-12-26T05:00:00.000,10,8,2
2015-12-26T06:00:00.000,6,3,3
2015-12-26T07:00:00.000,9,4,5
2015-12-26T08:00:00.000,11,8,3
2015-12-26T09:00:00.000,19,6,13
2015-12-26T10:00:00.000,42,29,13
2015-12-26T11:00:00.000,46,30,16
2015-12-26T12:00:00.000,43,22,21
2015-12-26T13:00:00.000,50,26,24
2015-12-26T14:00:00.000,55,25,30
2015-12-26T15:00:00.000,53,26,27
2015-12-26T16:00:00.000,37,19,18
2015-12-26T17:00:00.000,33,15,18
2015-12-26T18:00:00.000,21,8,13
2015-12-26T19:00:00.000,7,4,3
2015-12-26T20:00:00.000,16,4,12
2015-12-26T21:00:00.000,14,6,8
2015-12-26T22:00:00.000,7,4,3
2015-12-26T23:00:00.000,6,2,4
2015-12-27T00:00:00.000,5,2,3
2015-12-27T01:00:00.000,5,1,4
2015-12-27T02:00:00.000,2,2,0
2015-12-27T03:00:00.000,2,1,1
2015-12-27T04:00:00.000,1,0,1
2015-12-27T05:00:00.000,3,1,2
2015-12-27T06:00:00.000,9,5,4
2015-12-27T07:00:00.000,5,3,2
2015-12-27T08:00:00.000,14,7,7
2015-12-27T09:00:00.000,16,4,12
2015-12-27T10:00:00.000,20,12,8
2015-12-27T11:00:00.000,18,15,3
2015-12-27T12:00:00.000,12,5,7
2015-12-27T13:00:00.000,14,7,7
2015-12-27T14:00:00.000,16,9,7
2015-12-27T15:00:00.000,11,5,6
2015-12-27T16:00:00.000,14,5,9
2015-12-27T17:00:00.000,5,1,4
2015-12-27T18:00:00.000,5,3,2
2015-12-27T19:00:00.000,6,2,4
2015-12-27T20:00:00.000,2,1,1
2015-12-27T21:00:00.000,5,1,4
2015-12-27T22:00:00.000,7,4,3
2015-12-27T23:00:00.000,5,4,1
2015-12-28T00:00:00.000,4,1,3
2015-12-28T01:00:00.000,0,0,0
2015-12-28T02:00:00.000,1,0,1
2015-12-28T03:00:00.000,1,1,0
2015-12-28T04:00:00.000,3,2,1
2015-12-28T05:00:00.000,12,6,6
2015-12-28T06:00:00.000,47,30,17
2015-12-28T07:00:00.000,118,88,30
2015-12-28T08:00:00.000,158,111,47
2015-12-28T09:00:00.000,85,56,29
2015-12-28T10:00:00.000,43,19,24
2015-12-28T11:00:00.000,32,24,8
2015-12-28T12:00:00.000,29,14,15
2015-12-28T13:00:00.000,43,21,22
2015-12-28T14:00:00.000,41,14,27
2015-12-28T15:00:00.000,82,33,49
2015-12-28T16:00:00.000,115,40,75
2015-12-28T17:00:00.000,208,69,139
2015-12-28T18:00:00.000,93,32,61
2015-12-28T19:00:00.000,30,8,22
2015-12-28T20:00:00.000,24,7,17
2015-12-28T21:00:00.000,5,2,3
2015-12-28T22:00:00.000,13,5,8
2015-12-28T23:00:00.000,19,11,8
2015-12-29T00:00:00.000,3,1,2
2015-12-29T01:00:00.000,0,0,0
2015-12-29T02:00:00.000,1,0,1
2015-12-29T03:00:00.000,0,0,0
2015-12-29T04:00:00.000,6,3,3
2015-12-29T05:00:00.000,12,9,3
2015-12-29T06:00:00.000,52,29,23
2015-12-29T07:00:00.000,134,101,33
2015-12-29T08:00:00.000,199,135,64
2015-12-29T09:00:00.000,108,65,43
2015-12-29T10:00:00.000,72,31,41
2015-12-29T11:00:00.000,42,23,19
2015-12-29T12:00:00.000,45,24,21
2015-12-29T13:00:00.000,74,40,34
2015-12-29T14:00:00.000,63,33,30
2015-12-29T15:00:00.000,81,34,47
2015-12-29T16:00:00.000,149,57,92
2015-12-29T17:00:00.000,204,59,145
2015-12-29T18:00:00.000,141,50,91
2015-12-29T19:00:00.000,49,18,31
2015-12-29T20:00:00.000,29,17,12
2015-12-29T21:00:00.000,18,4,14
2015-12-29T22:00:00.000,16,7,9
2015-12-29T23:00:00.000,10,4,6
2015-12-30T00:00:00.000,7,2,5
2015-12-30T01:00:00.000,2,2,0
2015-12-30T02:00:00.000,0,0,0
2015-12-30T03:00:00.000,0,0,0
2015-12-30T04:00:00.000,5,3,2
2015-12-30T05:00:00.000,21,17,4
2015-12-30T06:00:00.000,42,25,17
2015-12-30T07:00:00.000,134,101,33
2015-12-30T08:00:00.000,166,113,53
2015-12-30T09:00:00.000,98,65,33
2015-12-30T10:00:00.000,64,33,31
2015-12-30T11:00:00.000,46,24,22
2015-12-30T12:00:00.000,53,34,19
2015-12-30T13:00:00.000,66,33,33
2015-12-30T14:00:00.000,84,37,47
2015-12-30T15:00:00.000,92,47,45
2015-12-30T16:00:00.000,150,70,80
2015-12-30T17:00:00.000,212,66,146
2015-12-30T18:00:00.000,107,26,81
2015-12-30T19:00:00.000,41,7,34
2015-12-30T20:00:00.000,29,9,20
2015-12-30T21:00:00.000,14,4,10
2015-12-30T22:00:00.000,9,5,4
2015-12-30T23:00:00.000,18,8,10
2015-12-31T00:00:00.000,5,3,2
2015-12-31T01:00:00.000,3,1,2
2015-12-31T02:00:00.000,2,1,1
2015-12-31T03:00:00.000,0,0,0
2015-12-31T04:00:00.000,5,3,2
2015-12-31T05:00:00.000,16,12,4
2015-12-31T06:00:00.000,33,17,16
2015-12-31T07:00:00.000,74,49,25
2015-12-31T08:00:00.000,100,68,32
2015-12-31T09:00:00.000,65,38,27
2015-12-31T10:00:00.000,43,21,22
2015-12-31T11:00:00.000,46,28,18
2015-12-31T12:00:00.000,68,41,27
2015-12-31T13:00:00.000,80,48,32
2015-12-31T14:00:00.000,105,41,64
2015-12-31T15:00:00.000,110,46,64
2015-12-31T16:00:00.000,109,48,61
2015-12-31T17:00:00.000,81,23,58
2015-12-31T18:00:00.000,44,14,30
2015-12-31T19:00:00.000,23,10,13
2015-12-31T20:00:00.000,12,2,10
2015-12-31T21:00:00.000,16,8,8
2015-12-31T22:00:00.000,12,7,5
2015-12-31T23:00:00.000,13,7,6
2016-01-01T00:00:00.000,18,9,9
2016-01-01T01:00:00.000,15,3,12
2016-01-01T02:00:00.000,11,6,5
2016-01-01T03:00:00.000,7,1,6
2016-01-01T04:00:00.000,2,0,2
2016-01-01T05:00:00.000,6,4,2
2016-01-01T06:00:00.000,3,2,1
2016-01-01T07:00:00.000,3,1,2
2016-01-01T08:00:00.000,11,2,9
2016-01-01T09:00:00.000,19,10,9
2016-01-01T10:00:00.000,24,10,14
2016-01-01T11:00:00.000,23,14,9
2016-01-01T12:00:00.000,51,31,20
2016-01-01T13:00:00.000,78,55,23
2016-01-01T14:00:00.000,84,57,27
2016-01-01T15:00:00.000,65,36,29
2016-01-01T16:00:00.000,57,30,27
2016-01-01T17:00:00.000,26,14,12
2016-01-01T18:00:00.000,11,8,3
2016-01-01T19:00:00.000,12,6,6
2016-01-01T20:00:00.000,12,5,7
2016-01-01T21:00:00.000,9,6,3
2016-01-01T22:00:00.000,11,3,8
2016-01-01T23:00:00.000,4,3,1
2016-01-02T00:00:00.000,3,2,1
2016-01-02T01:00:00.000,0,0,0
2016-01-02T02:00:00.000,1,1,0
2016-01-02T03:00:00.000,0,0,0
2016-01-02T04:00:00.000,3,1,2
2016-01-02T05:00:00.000,2,1,1
2016-01-02T06:00:00.000,6,2,4
2016-01-02T07:00:00.000,11,6,5
2016-01-02T08:00:00.000,22,12,10
2016-01-02T09:00:00.000,33,18,15
2016-01-02T10:00:00.000,45,27,18
2016-01-02T11:00:00.000,64,48,16
2016-01-02T12:00:00.000,63,26,37
2016-01-02T13:00:00.000,100,63,37
2016-01-02T14:00:00.000,101,60,41
2016-01-02T15:00:00.000,96,48,48
2016-01-02T16:00:00.000,59,35,24
2016-01-02T17:00:00.000,33,17,16
2016-01-02T18:00:00.000,30,7,23
2016-01-02T19:00:00.000,20,8,12
2016-01-02T20:00:00.000,11,5,6
2016-01-02T21:00:00.000,9,0,9
2016-01-02T22:00:00.000,14,6,8
2016-01-02T23:00:00.000,7,3,4
2016-01-03T00:00:00.000,2,2,0
2016-01-03T01:00:00.000,4,2,2
2016-01-03T02:00:00.000,4,3,1
2016-01-03T03:00:00.000,1,0,1
2016-01-03T04:00:00.000,0,0,0
2016-01-03T05:00:00.000,6,4,2
2016-01-03T06:00:00.000,6,1,5
2016-01-03T07:00:00.000,11,4,7
2016-01-03T08:00:00.000,20,10,10
2016-01-03T09:00:00.000,38,19,19
2016-01-03T10:00:00.000,47,25,22
2016-01-03T11:00:00.000,60,34,26
2016-01-03T12:00:00.000,43,21,22
2016-01-03T13:00:00.000,51,27,24
2016-01-03T14:00:00.000,29,19,10
2016-01-03T15:00:00.000,34,16,18
2016-01-03T16:00:00.000,28,14,14
2016-01-03T17:00:00.000,16,9,7
2016-01-03T18:00:00.000,12,7,5
2016-01-03T19:00:00.000,10,4,6
2016-01-03T20:00:00.000,11,5,6
2016-01-03T21:00:00.000,5,2,3
2016-01-03T22:00:00.000,3,2,1
2016-01-03T23:00:00.000,3,1,2
2016-01-04T00:00:00.000,0,0,0
2016-01-04T01:00:00.000,1,1,0
2016-01-04T02:00:00.000,0,0,0
2016-01-04T03:00:00.000,3,2,1
2016-01-04T04:00:00.000,5,2,3
2016-01-04T05:00:00.000,20,12,8
2016-01-04T06:00:00.000,71,42,29
2016-01-04T07:00:00.000,195,146,49
2016-01-04T08:00:00.000,295,194,101
2016-01-04T09:00:00.000,147,94,53
2016-01-04T10:00:00.000,54,28,26
2016-01-04T11:00:00.000,24,11,13
2016-01-04T12:00:00.000,21,9,12
2016-01-04T13:00:00.000,33,17,16
2016-01-04T14:00:00.000,41,15,26
2016-01-04T15:00:00.000,58,19,39
2016-01-04T16:00:00.000,148,54,94
2016-01-04T17:00:00.000,321,96,225
2016-01-04T18:00:00.000,224,69,155
2016-01-04T19:00:00.000,65,21,44
2016-01-04T20:00:00.000,37,13,24
2016-01-04T21:00:00.000,16,9,7
2016-01-04T22:00:00.000,13,5,8
2016-01-04T23:00:00.000,9,1,8
2016-01-05T00:00:00.000,4,4,0
2016-01-05T01:00:00.000,1,1,0
2016-01-05T02:00:00.000,1,1,0
2016-01-05T03:00:00.000,0,0,0
2016-01-05T04:00:00.000,6,3,3
2016-01-05T05:00:00.000,26,17,9
2016-01-05T06:00:00.000,85,58,27
2016-01-05T07:00:00.000,248,181,67
2016-01-05T08:00:00.000,300,207,93
2016-01-05T09:00:00.000,160,103,57
2016-01-05T10:00:00.000,72,36,36
2016-01-05T11:00:00.000,33,14,19
2016-01-05T12:00:00.000,30,15,15
2016-01-05T13:00:00.000,36,20,16
2016-01-05T14:00:00.000,45,12,33
2016-01-05T15:00:00.000,82,23,59
2016-01-05T16:00:00.000,179,55,124
2016-01-05T17:00:00.000,366,101,265
2016-01-05T18:00:00.000,229,64,165
2016-01-05T19:00:00.000,87,27,60
2016-01-05T20:00:00.000,37,13,24
2016-01-05T21:00:00.000,28,9,19
2016-01-05T22:00:00.000,16,7,9
2016-01-05T23:00:00.000,7,3,4
2016-01-06T00:00:00.000,5,4,1
2016-01-06T01:00:00.000,2,1,1
2016-01-06T02:00:00.000,2,1,1
2016-01-06T03:00:00.000,4,2,2
2016-01-06T04:00:00.000,7,5,2
2016-01-06T05:00:00.000,31,19,12
2016-01-06T06:00:00.000,99,67,32
2016-01-06T07:00:00.000,300,220,80
2016-01-06T08:00:00.000,374,256,118
2016-01-06T09:00:00.000,233,146,87
2016-01-06T10:00:00.000,71,38,33
2016-01-06T11:00:00.000,62,33,29
2016-01-06T12:00:00.000,71,44,27
2016-01-06T13:00:00.000,66,32,34
2016-01-06T14:00:00.000,70,31,39
2016-01-06T15:00:00.000,97,43,54
2016-01-06T16:00:00.000,240,85,155
2016-01-06T17:00:00.000,428,129,299
2016-01-06T18:00:00.000,270,105,165
2016-01-06T19:00:00.000,120,24,96
2016-01-06T20:00:00.000,54,26,28
2016-01-06T21:00:00.000,35,11,24
2016-01-06T22:00:00.000,35,15,20
2016-01-06T23:00:00.000,8,3,5
2016-01-07T00:00:00.000,10,7,3
2016-01-07T01:00:00.000,3,1,2
2016-01-07T02:00:00.000,0,0,0
2016-01-07T03:00:00.000,1,1,0
2016-01-07T04:00:00.000,5,3,2
2016-01-07T05:00:00.000,29,18,11
2016-01-07T06:00:00.000,113,82,31
2016-01-07T07:00:00.000,271,200,71
2016-01-07T08:00:00.000,373,261,112
2016-01-07T09:00:00.000,208,130,78
2016-01-07T10:00:00.000,69,46,23
2016-01-07T11:00:00.000,35,19,16
2016-01-07T12:00:00.000,54,23,31
2016-01-07T13:00:00.000,40,19,21
2016-01-07T14:00:00.000,60,33,27
2016-01-07T15:00:00.000,112,49,63
2016-01-07T16:00:00.000,178,57,121
2016-01-07T17:00:00.000,420,120,300
2016-01-07T18:00:00.000,278,106,172
2016-01-07T19:00:00.000,170,45,125
2016-01-07T20:00:00.000,61,17,44
2016-01-07T21:00:00.000,35,13,22
2016-01-07T22:00:00.000,29,10,19
2016-01-07T23:00:00.000,28,20,8
2016-01-08T00:00:00.000,12,8,4
2016-01-08T01:00:00.000,9,9,0
2016-01-08T02:00:00.000,2,2,0
2016-01-08T03:00:00.000,0,0,0
2016-01-08T04:00:00.000,5,2,3
2016-01-08T05:00:00.000,33,20,13
2016-01-08T06:00:00.000,79,52,27
2016-01-08T07:00:00.000,264,194,70
2016-01-08T08:00:00.000,329,222,107
2016-01-08T09:00:00.000,184,100,84
2016-01-08T10:00:00.000,64,44,20
2016-01-08T11:00:00.000,57,26,31
2016-01-08T12:00:00.000,61,30,31
2016-01-08T13:00:00.000,67,32,35
2016-01-08T14:00:00.000,84,42,42
2016-01-08T15:00:00.000,123,56,67
2016-01-08T16:00:00.000,227,94,133
2016-01-08T17:00:00.000,354,96,258
2016-01-08T18:00:00.000,227,78,149
2016-01-08T19:00:00.000,79,31,48
2016-01-08T20:00:00.000,49,18,31
2016-01-08T21:00:00.000,28,14,14
2016-01-08T22:00:00.000,24,14,10
2016-01-08T23:00:00.000,23,11,12
2016-01-09T00:00:00.000,8,4,4
2016-01-09T01:00:00.000,7,1,6
2016-01-09T02:00:00.000,6,3,3
2016-01-09T03:00:00.000,1,1,0
2016-01-09T04:00:00.000,1,0,1
2016-01-09T05:00:00.000,13,7,6
2016-01-09T06:00:00.000,9,4,5
2016-01-09T07:00:00.000,18,10,8
2016-01-09T08:00:00.000,41,21,20
2016-01-09T09:00:00.000,48,23,25
2016-01-09T10:00:00.000,74,54,20
2016-01-09T11:00:00.000,66,35,31
2016-01-09T12:00:00.000,113,63,50
2016-01-09T13:00:00.000,104,54,50
2016-01-09T14:00:00.000,97,60,37
2016-01-09T15:00:00.000,107,65,42
2016-01-09T16:00:00.000,70,40,30
2016-01-09T17:00:00.000,55,19,36
2016-01-09T18:00:00.000,27,12,15
2016-01-09T19:00:00.000,35,14,21
2016-01-09T20:00:00.000,16,5,11
2016-01-09T21:00:00.000,17,6,11
2016-01-09T22:00:00.000,17,11,6
2016-01-09T23:00:00.000,10,5,5
2016-01-10T00:00:00.000,6,1,5
2016-01-10T01:00:00.000,4,0,4
2016-01-10T02:00:00.000,3,2,1
2016-01-10T03:00:00.000,2,1,1
2016-01-10T04:00:00.000,0,0,0
2016-01-10T05:00:00.000,6,3,3
2016-01-10T06:00:00.000,6,3,3
2016-01-10T07:00:00.000,18,13,5
2016-01-10T08:00:00.000,23,17,6
2016-01-10T09:00:00.000,58,27,31
2016-01-10T10:00:00.000,60,40,20
2016-01-10T11:00:00.000,63,32,31
2016-01-10T12:00:00.000,77,40,37
2016-01-10T13:00:00.000,125,70,55
2016-01-10T14:00:00.000,166,103,63
2016-01-10T15:00:00.000,135,84,51
2016-01-10T16:00:00.000,110,60,50
2016-01-10T17:00:00.000,46,25,21
2016-01-10T18:00:00.000,24,15,9
2016-01-10T19:00:00.000,19,7,12
2016-01-10T20:00:00.000,14,6,8
2016-01-10T21:00:00.000,11,6,5
2016-01-10T22:00:00.000,12,5,7
2016-01-10T23:00:00.000,5,2,3
2016-01-11T00:00:00.000,3,0,3
2016-01-11T01:00:00.000,4,0,4
2016-01-11T02:00:00.000,0,0,0
2016-01-11T03:00:00.000,2,2,0
2016-01-11T04:00:00.000,9,6,3
2016-01-11T05:00:00.000,27,13,14
2016-01-11T06:00:00.000,90,63,27
2016-01-11T07:00:00.000,284,219,65
2016-01-11T08:00:00.000,339,225,114
2016-01-11T09:00:00.000,151,100,51
2016-01-11T10:00:00.000,60,31,29
2016-01-11T11:00:00.000,31,23,8
2016-01-11T12:00:00.000,27,15,12
2016-01-11T13:00:00.000,30,11,19
2016-01-11T14:00:00.000,44,21,23
2016-01-11T15:00:00.000,69,28,41
2016-01-11T16:00:00.000,177,63,114
2016-01-11T17:00:00.000,369,92,277
2016-01-11T18:00:00.000,247,72,175
2016-01-11T19:00:00.000,93,30,63
2016-01-11T20:00:00.000,46,15,31
2016-01-11T21:00:00.000,25,7,18
2016-01-11T22:00:00.000,17,10,7
2016-01-11T23:00:00.000,10,4,6
2016-01-12T00:00:00.000,2,1,1
2016-01-12T01:00:00.000,1,0,1
2016-01-12T02:00:00.000,1,0,1
2016-01-12T03:00:00.000,1,1,0
2016-01-12T04:00:00.000,5,2,3
2016-01-12T05:00:00.000,26,18,8
2016-01-12T06:00:00.000,90,57,33
2016-01-12T07:00:00.000,254,186,68
2016-01-12T08:00:00.000,313,226,87
2016-01-12T09:00:00.000,169,106,63
2016-01-12T10:00:00.000,56,28,28
2016-01-12T11:00:00.000,36,21,15
2016-01-12T12:00:00.000,34,16,18
2016-01-12T13:00:00.000,25,15,10
2016-01-12T14:00:00.000,45,12,33
2016-01-12T15:00:00.000,73,29,44
2016-01-12T16:00:00.000,157,56,101
2016-01-12T17:00:00.000,338,88,250
2016-01-12T18:00:00.000,206,46,160
2016-01-12T19:00:00.000,74,21,53
2016-01-12T20:00:00.000,34,11,23
2016-01-12T21:00:00.000,20,10,10
2016-01-12T22:00:00.000,16,10,6
2016-01-12T23:00:00.000,2,1,1
2016-01-13T00:00:00.000,3,2,1
2016-01-13T01:00:00.000,5,3,2
2016-01-13T02:00:00.000,1,0,1
2016-01-13T03:00:00.000,1,1,0
2016-01-13T04:00:00.000,3,1,2
2016-01-13T05:00:00.000,32,21,11
2016-01-13T06:00:00.000,92,63,29
2016-01-13T07:00:00.000,194,138,56
2016-01-13T08:00:00.000,238,156,82
2016-01-13T09:00:00.000,124,76,48
2016-01-13T10:00:00.000,49,27,22
2016-01-13T11:00:00.000,40,22,18
2016-01-13T12:00:00.000,28,17,11
2016-01-13T13:00:00.000,30,18,12
2016-01-13T14:00:00.000,42,13,29
2016-01-13T15:00:00.000,89,34,55
2016-01-13T16:00:00.000,140,51,89
2016-01-13T17:00:00.000,333,114,219
2016-01-13T18:00:00.000,203,53,150
2016-01-13T19:00:00.000,63,19,44
2016-01-13T20:00:00.000,44,8,36
2016-01-13T21:00:00.000,25,7,18
2016-01-13T22:00:00.000,22,9,13
2016-01-13T23:00:00.000,5,3,2
2016-01-14T00:00:00.000,3,2,1
2016-01-14T01:00:00.000,4,2,2
2016-01-14T02:00:00.000,1,1,0
2016-01-14T03:00:00.000,1,1,0
2016-01-14T04:00:00.000,4,2,2
2016-01-14T05:00:00.000,27,16,11
2016-01-14T06:00:00.000,102,70,32
2016-01-14T07:00:00.000,268,194,74
2016-01-14T08:00:00.000,372,261,111
2016-01-14T09:00:00.000,179,113,66
2016-01-14T10:00:00.000,105,62,43
2016-01-14T11:00:00.000,43,30,13
2016-01-14T12:00:00.000,69,39,30
2016-01-14T13:00:00.000,72,34,38
2016-01-14T14:00:00.000,76,30,46
2016-01-14T15:00:00.000,118,53,65
2016-01-14T16:00:00.000,211,70,141
2016-01-14T17:00:00.000,404,129,275
2016-01-14T18:00:00.000,285,102,183
2016-01-14T19:00:00.000,108,38,70
2016-01-14T20:00:00.000,65,22,43
2016-01-14T21:00:00.000,58,29,29
2016-01-14T22:00:00.000,27,6,21
2016-01-14T23:00:00.000,21,10,11
2016-01-15T00:00:00.000,11,5,6
2016-01-15T01:00:00.000,1,0,1
2016-01-15T02:00:00.000,1,1,0
2016-01-15T03:00:00.000,2,2,0
2016-01-15T04:00:00.000,3,0,3
2016-01-15T05:00:00.000,23,15,8
2016-01-15T06:00:00.000,79,50,29
2016-01-15T07:00:00.000,207,154,53
2016-01-15T08:00:00.000,277,189,88
2016-01-15T09:00:00.000,182,117,65
2016-01-15T10:00:00.000,54,27,27
2016-01-15T11:00:00.000,32,13,19
2016-01-15T12:00:00.000,34,17,17
2016-01-15T13:00:00.000,46,23,23
2016-01-15T14:00:00.000,60,19,41
2016-01-15T15:00:00.000,85,37,48
2016-01-15T16:00:00.000,167,65,102
2016-01-15T17:00:00.000,312,91,221
2016-01-15T18:00:00.000,178,53,125
2016-01-15T19:00:00.000,78,31,47
2016-01-15T20:00:00.000,34,11,23
2016-01-15T21:00:00.000,15,8,7
2016-01-15T22:00:00.000,17,10,7
2016-01-15T23:00:00.000,14,3,11
2016-01-16T00:00:00.000,7,2,5
2016-01-16T01:00:00.000,5,2,3
2016-01-16T02:00:00.000,1,1,0
2016-01-16T03:00:00.000,0,0,0
2016-01-16T04:00:00.000,2,1,1
2016-01-16T05:00:00.000,9,4,5
2016-01-16T06:00:00.000,11,6,5
2016-01-16T07:00:00.000,14,7,7
2016-01-16T08:00:00.000,23,10,13
2016-01-16T09:00:00.000,18,6,12
2016-01-16T10:00:00.000,33,20,13
2016-01-16T11:00:00.000,58,31,27
2016-01-16T12:00:00.000,63,37,26
2016-01-16T13:00:00.000,73,46,27
2016-01-16T14:00:00.000,58,26,32
2016-01-16T15:00:00.000,34,19,15
2016-01-16T16:00:00.000,33,14,19
2016-01-16T17:00:00.000,28,15,13
2016-01-16T18:00:00.000,17,7,10
2016-01-16T19:00:00.000,22,8,14
2016-01-16T20:00:00.000,15,6,9
2016-01-16T21:00:00.000,17,6,11
2016-01-16T22:00:00.000,15,9,6
2016-01-16T23:00:00.000,18,7,11
2016-01-17T00:00:00.000,10,1,9
2016-01-17T01:00:00.000,7,6,1
2016-01-17T02:00:00.000,0,0,0
2016-01-17T03:00:00.000,1,0,1
2016-01-17T04:00:00.000,1,0,1
2016-01-17T05:00:00.000,4,2,2
2016-01-17T06:00:00.000,5,2,3
2016-01-17T07:00:00.000,7,3,4
2016-01-17T08:00:00.000,24,12,12
2016-01-17T09:00:00.000,15,8,7
2016-01-17T10:00:00.000,21,11,10
2016-01-17T11:00:00.000,19,9,10
2016-01-17T12:00:00.000,36,20,16
2016-01-17T13:00:00.000,29,13,16
2016-01-17T14:00:00.000,37,18,19
2016-01-17T15:00:00.000,40,24,16
2016-01-17T16:00:00.000,36,24,12
2016-01-17T17:00:00.000,34,10,24
2016-01-17T18:00:00.000,11,3,8
2016-01-17T19:00:00.000,18,4,14
2016-01-17T20:00:00.000,12,7,5
2016-01-17T21:00:00.000,15,3,12
2016-01-17T22:00:00.000,12,2,10
2016-01-17T23:00:00.000,8,4,4
2016-01-18T00:00:00.000,2,0,2
2016-01-18T01:00:00.000,0,0,0
2016-01-18T02:00:00.000,0,0,0
2016-01-18T03:00:00.000,1,0,1
2016-01-18T04:00:00.000,4,2,2
2016-01-18T05:00:00.000,16,10,6
2016-01-18T06:00:00.000,53,34,19
2016-01-18T07:00:00.000,132,88,44
2016-01-18T08:00:00.000,181,125,56
2016-01-18T09:00:00.000,128,83,45
2016-01-18T10:00:00.000,66,33,33
2016-01-18T11:00:00.000,65,38,27
2016-01-18T12:00:00.000,73,44,29
2016-01-18T13:00:00.000,92,47,45
2016-01-18T14:00:00.000,128,78,50
2016-01-18T15:00:00.000,108,49,59
2016-01-18T16:00:00.000,125,50,75
2016-01-18T17:00:00.000,233,73,160
2016-01-18T18:00:00.000,170,55,115
2016-01-18T19:00:00.000,56,18,38
2016-01-18T20:00:00.000,44,25,19
2016-01-18T21:00:00.000,12,5,7
2016-01-18T22:00:00.000,13,6,7
2016-01-18T23:00:00.000,6,1,5
2016-01-19T00:00:00.000,5,4,1
2016-01-19T01:00:00.000,0,0,0
2016-01-19T02:00:00.000,2,0,2
2016-01-19T03:00:00.000,1,1,0
2016-01-19T04:00:00.000,4,1,3
2016-01-19T05:00:00.000,39,30,9
2016-01-19T06:00:00.000,103,68,35
2016-01-19T07:00:00.000,288,212,76
2016-01-19T08:00:00.000,415,267,148
2016-01-19T09:00:00.000,199,125,74
2016-01-19T10:00:00.000,53,27,26
2016-01-19T11:00:00.000,64,36,28
2016-01-19T12:00:00.000,42,17,25
2016-01-19T13:00:00.000,33,17,16
2016-01-19T14:00:00.000,48,18,30
2016-01-19T15:00:00.000,71,30,41
2016-01-19T16:00:00.000,170,60,110
2016-01-19T17:00:00.000,362,89,273
2016-01-19T18:00:00.000,251,68,183
2016-01-19T19:00:00.000,114,31,83
2016-01-19T20:00:00.000,44,14,30
2016-01-19T21:00:00.000,29,9,20
2016-01-19T22:00:00.000,15,5,10
2016-01-19T23:00:00.000,7,1,6
2016-01-20T00:00:00.000,6,4,2
2016-01-20T01:00:00.000,4,3,1
2016-01-20T02:00:00.000,2,0,2
2016-01-20T03:00:00.000,0,0,0
2016-01-20T04:00:00.000,9,7,2
2016-01-20T05:00:00.000,29,18,11
2016-01-20T06:00:00.000,96,62,34
2016-01-20T07:00:00.000,276,194,82
2016-01-20T08:00:00.000,369,257,112
2016-01-20T09:00:00.000,213,140,73
2016-01-20T10:00:00.000,70,40,30
2016-01-20T11:00:00.000,43,22,21
2016-01-20T12:00:00.000,47,25,22
2016-01-20T13:00:00.000,48,23,25
2016-01-20T14:00:00.000,80,32,48
2016-01-20T15:00:00.000,100,38,62
2016-01-20T16:00:00.000,236,85,151
2016-01-20T17:00:00.000,412,106,306
2016-01-20T18:00:00.000,293,88,205
2016-01-20T19:00:00.000,124,37,87
2016-01-20T20:00:00.000,60,21,39
2016-01-20T21:00:00.000,43,20,23
2016-01-20T22:00:00.000,19,6,13
2016-01-20T23:00:00.000,9,5,4
2016-01-21T00:00:00.000,5,3,2
2016-01-21T01:00:00.000,0,0,0
2016-01-21T02:00:00.000,0,0,0
2016-01-21T03:00:00.000,1,1,0
2016-01-21T04:00:00.000,4,2,2
2016-01-21T05:00:00.000,20,11,9
2016-01-21T06:00:00.000,74,51,23
2016-01-21T07:00:00.000,181,141,40
2016-01-21T08:00:00.000,203,131,72
2016-01-21T09:00:00.000,104,70,34
2016-01-21T10:00:00.000,38,20,18
2016-01-21T11:00:00.000,17,13,4
2016-01-21T12:00:00.000,12,6,6
2016-01-21T13:00:00.000,15,8,7
2016-01-21T14:00:00.000,30,12,18
2016-01-21T15:00:00.000,36,11,25
2016-01-21T16:00:00.000,96,33,63
2016-01-21T17:00:00.000,235,67,168
2016-01-21T18:00:00.000,165,51,114
2016-01-21T19:00:00.000,49,13,36
2016-01-21T20:00:00.000,42,14,28
2016-01-21T21:00:00.000,22,6,16
2016-01-21T22:00:00.000,16,10,6
2016-01-21T23:00:00.000,3,0,3
2016-01-22T00:00:00.000,11,4,7
2016-01-22T01:00:00.000,2,0,2
2016-01-22T02:00:00.000,0,0,0
2016-01-22T03:00:00.000,2,1,1
2016-01-22T04:00:00.000,4,1,3
2016-01-22T05:00:00.000,17,11,6
2016-01-22T06:00:00.000,56,36,20
2016-01-22T07:00:00.000,185,136,49
2016-01-22T08:00:00.000,306,206,100
2016-01-22T09:00:00.000,168,104,64
2016-01-22T10:00:00.000,65,35,30
2016-01-22T11:00:00.000,53,30,23
2016-01-22T12:00:00.000,72,39,33
2016-01-22T13:00:00.000,52,27,25
2016-01-22T14:00:00.000,91,39,52
2016-01-22T15:00:00.000,109,57,52
2016-01-22T16:00:00.000,212,85,127
2016-01-22T17:00:00.000,333,98,235
2016-01-22T18:00:00.000,207,58,149
2016-01-22T19:00:00.000,92,35,57
2016-01-22T20:00:00.000,44,22,22
2016-01-22T21:00:00.000,31,12,19
2016-01-22T22:00:00.000,25,9,16
2016-01-22T23:00:00.000,23,10,13
2016-01-23T00:00:00.000,9,5,4
2016-01-23T01:00:00.000,11,6,5
2016-01-23T02:00:00.000,7,1,6
2016-01-23T03:00:00.000,1,1,0
2016-01-23T04:00:00.000,3,0,3
2016-01-23T05:00:00.000,6,3,3
2016-01-23T06:00:00.000,4,0,4
2016-01-23T07:00:00.000,13,9,4
2016-01-23T08:00:00.000,23,10,13
2016-01-23T09:00:00.000,29,14,15
2016-01-23T10:00:00.000,27,13,14
2016-01-23T11:00:00.000,30,17,13
2016-01-23T12:00:00.000,29,15,14
2016-01-23T13:00:00.000,26,9,17
2016-01-23T14:00:00.000,34,13,21
2016-01-23T15:00:00.000,34,19,15
2016-01-23T16:00:00.000,18,11,7
2016-01-23T17:00:00.000,30,15,15
2016-01-23T18:00:00.000,28,9,19
2016-01-23T19:00:00.000,12,4,8
2016-01-23T20:00:00.000,10,5,5
2016-01-23T21:00:00.000,13,5,8
2016-01-23T22:00:00.000,14,11,3
2016-01-23T23:00:00.000,7,2,5
2016-01-24T00:00:00.000,4,3,1
2016-01-24T01:00:00.000,4,2,2
2016-01-24T02:00:00.000,3,2,1
2016-01-24T03:00:00.000,1,0,1
2016-01-24T04:00:00.000,1,1,0
2016-01-24T05:00:00.000,5,3,2
2016-01-24T06:00:00.000,8,5,3
2016-01-24T07:00:00.000,13,9,4
2016-01-24T08:00:00.000,35,25,10
2016-01-24T09:00:00.000,45,27,18
2016-01-24T10:00:00.000,65,39,26
2016-01-24T11:00:00.000,128,65,63
2016-01-24T12:00:00.000,123,74,49
2016-01-24T13:00:00.000,123,77,46
2016-01-24T14:00:00.000,133,81,52
2016-01-24T15:00:00.000,98,49,49
2016-01-24T16:00:00.000,108,54,54
2016-01-24T17:00:00.000,63,35,28
2016-01-24T18:00:00.000,38,26,12
2016-01-24T19:00:00.000,11,7,4
2016-01-24T20:00:00.000,16,9,7
2016-01-24T21:00:00.000,10,4,6
2016-01-24T22:00:00.000,8,4,4
2016-01-24T23:00:00.000,9,4,5
2016-01-25T00:00:00.000,3,2,1
2016-01-25T01:00:00.000,1,0,1
2016-01-25T02:00:00.000,2,0,2
2016-01-25T03:00:00.000,2,1,1
2016-01-25T04:00:00.000,5,3,2
2016-01-25T05:00:00.000,30,21,9
2016-01-25T06:00:00.000,119,87,32
2016-01-25T07:00:00.000,329,248,81
2016-01-25T08:00:00.000,429,292,137
2016-01-25T09:00:00.000,214,138,76
2016-01-25T10:00:00.000,86,44,42
2016-01-25T11:00:00.000,87,49,38
2016-01-25T12:00:00.000,50,34,16
2016-01-25T13:00:00.000,74,42,32
2016-01-25T14:00:00.000,86,37,49
2016-01-25T15:00:00.000,141,65,76
2016-01-25T16:00:00.000,245,83,162
2016-01-25T17:00:00.000,501,143,358
2016-01-25T18:00:00.000,312,121,191
2016-01-25T19:00:00.000,132,44,88
2016-01-25T20:00:00.000,50,20,30
2016-01-25T21:00:00.000,28,15,13
2016-01-25T22:00:00.000,28,15,13
2016-01-25T23:00:00.000,14,7,7
2016-01-26T00:00:00.000,3,2,1
2016-01-26T01:00:00.000,4,1,3
2016-01-26T02:00:00.000,2,0,2
2016-01-26T03:00:00.000,2,1,1
2016-01-26T04:00:00.000,3,2,1
2016-01-26T05:00:00.000,26,12,14
2016-01-26T06:00:00.000,99,71,28
2016-01-26T07:00:00.000,267,190,77
2016-01-26T08:00:00.000,340,233,107
2016-01-26T09:00:00.000,145,90,55
2016-01-26T10:00:00.000,55,30,25
2016-01-26T11:00:00.000,30,13,17
2016-01-26T12:00:00.000,34,14,20
2016-01-26T13:00:00.000,33,21,12
2016-01-26T14:00:00.000,47,17,30
2016-01-26T15:00:00.000,79,36,43
2016-01-26T16:00:00.000,162,47,115
2016-01-26T17:00:00.000,368,97,271
2016-01-26T18:00:00.000,254,80,174
2016-01-26T19:00:00.000,95,33,62
2016-01-26T20:00:00.000,65,25,40
2016-01-26T21:00:00.000,31,16,15
2016-01-26T22:00:00.000,14,7,7
2016-01-26T23:00:00.000,10,4,6
2016-01-27T00:00:00.000,4,3,1
2016-01-27T01:00:00.000,2,1,1
2016-01-27T02:00:00.000,2,0,2
2016-01-27T03:00:00.000,2,2,0
2016-01-27T04:00:00.000,3,0,3
2016-01-27T05:00:00.000,30,20,10
2016-01-27T06:00:00.000,102,64,38
2016-01-27T07:00:00.000,283,218,65
2016-01-27T08:00:00.000,362,251,111
2016-01-27T09:00:00.000,194,124,70
2016-01-27T10:00:00.000,76,46,30
2016-01-27T11:00:00.000,48,23,25
2016-01-27T12:00:00.000,50,30,20
2016-01-27T13:00:00.000,53,31,22
2016-01-27T14:00:00.000,59,31,28
2016-01-27T15:00:00.000,88,41,47
2016-01-27T16:00:00.000,191,53,138
2016-01-27T17:00:00.000,370,90,280
2016-01-27T18:00:00.000,226,53,173
2016-01-27T19:00:00.000,95,30,65
2016-01-27T20:00:00.000,48,14,34
2016-01-27T21:00:00.000,44,18,26
2016-01-27T22:00:00.000,13,3,10
2016-01-27T23:00:00.000,5,1,4
2016-01-28T00:00:00.000,3,3,0
2016-01-28T01:00:00.000,3,1,2
2016-01-28T02:00:00.000,2,2,0
2016-01-28T03:00:00.000,1,1,0
2016-01-28T04:00:00.000,3,2,1
2016-01-28T05:00:00.000,23,12,11
2016-01-28T06:00:00.000,77,61,16
2016-01-28T07:00:00.000,209,147,62
2016-01-28T08:00:00.000,267,169,98
2016-01-28T09:00:00.000,160,101,59
2016-01-28T10:00:00.000,58,29,29
2016-01-28T11:00:00.000,34,19,15
2016-01-28T12:00:00.000,23,8,15
2016-01-28T13:00:00.000,41,16,25
2016-01-28T14:00:00.000,63,19,44
2016-01-28T15:00:00.000,86,38,48
2016-01-28T16:00:00.000,174,61,113
2016-01-28T17:00:00.000,388,122,266
2016-01-28T18:00:00.000,209,61,148
2016-01-28T19:00:00.000,114,35,79
2016-01-28T20:00:00.000,72,34,38
2016-01-28T21:00:00.000,31,8,23
2016-01-28T22:00:00.000,33,15,18
2016-01-28T23:00:00.000,19,11,8
2016-01-29T00:00:00.000,8,4,4
2016-01-29T01:00:00.000,3,2,1
2016-01-29T02:00:00.000,0,0,0
2016-01-29T03:00:00.000,1,0,1
2016-01-29T04:00:00.000,4,1,3
2016-01-29T05:00:00.000,31,19,12
2016-01-29T06:00:00.000,84,64,20
2016-01-29T07:00:00.000,234,166,68
2016-01-29T08:00:00.000,265,176,89
2016-01-29T09:00:00.000,151,97,54
2016-01-29T10:00:00.000,50,20,30
2016-01-29T11:00:00.000,33,15,18
2016-01-29T12:00:00.000,35,19,16
2016-01-29T13:00:00.000,46,26,20
2016-01-29T14:00:00.000,55,21,34
2016-01-29T15:00:00.000,106,52,54
2016-01-29T16:00:00.000,196,80,116
2016-01-29T17:00:00.000,330,93,237
2016-01-29T18:00:00.000,183,63,120
2016-01-29T19:00:00.000,76,27,49
2016-01-29T20:00:00.000,38,18,20
2016-01-29T21:00:00.000,18,7,11
2016-01-29T22:00:00.000,23,8,15
2016-01-29T23:00:00.000,19,7,12
2016-01-30T00:00:00.000,9,6,3
2016-01-30T01:00:00.000,1,1,0
2016-01-30T02:00:00.000,5,4,1
2016-01-30T03:00:00.000,1,0,1
2016-01-30T04:00:00.000,5,2,3
2016-01-30T05:00:00.000,13,6,7
2016-01-30T06:00:00.000,15,8,7
2016-01-30T07:00:00.000,29,13,16
2016-01-30T08:00:00.000,46,19,27
2016-01-30T09:00:00.000,74,44,30
2016-01-30T10:00:00.000,84,41,43
2016-01-30T11:00:00.000,75,40,35
2016-01-30T12:00:00.000,89,53,36
2016-01-30T13:00:00.000,92,52,40
2016-01-30T14:00:00.000,104,68,36
2016-01-30T15:00:00.000,101,49,52
2016-01-30T16:00:00.000,92,54,38
2016-01-30T17:00:00.000,52,29,23
2016-01-30T18:00:00.000,42,18,24
2016-01-30T19:00:00.000,30,15,15
2016-01-30T20:00:00.000,14,6,8
2016-01-30T21:00:00.000,13,5,8
2016-01-30T22:00:00.000,21,9,12
2016-01-30T23:00:00.000,20,16,4
2016-01-31T00:00:00.000,5,1,4
2016-01-31T01:00:00.000,4,2,2
2016-01-31T02:00:00.000,2,2,0
2016-01-31T03:00:00.000,3,0,3
2016-01-31T04:00:00.000,0,0,0
2016-01-31T05:00:00.000,6,4,2
2016-01-31T06:00:00.000,6,3,3
2016-01-31T07:00:00.000,12,4,8
2016-01-31T08:00:00.000,30,14,16
2016-01-31T09:00:00.000,65,34,31
2016-01-31T10:00:00.000,74,48,26
2016-01-31T11:00:00.000,89,42,47
2016-01-31T12:00:00.000,80,44,36
2016-01-31T13:00:00.000,92,52,40
2016-01-31T14:00:00.000,73,39,34
2016-01-31T15:00:00.000,66,36,30
2016-01-31T16:00:00.000,63,26,37
2016-01-31T17:00:00.000,38,22,16
2016-01-31T18:00:00.000,50,25,25
2016-01-31T19:00:00.000,21,11,10
2016-01-31T20:00:00.000,15,12,3
2016-01-31T21:00:00.000,10,6,4
2016-01-31T22:00:00.000,5,3,2
2016-01-31T23:00:00.000,6,1,5
2016-02-01T00:00:00.000,6,1,5
2016-02-01T01:00:00.000,2,0,2
2016-02-01T02:00:00.000,2,0,2
2016-02-01T03:00:00.000,0,0,0
2016-02-01T04:00:00.000,4,4,0
2016-02-01T05:00:00.000,30,19,11
2016-02-01T06:00:00.000,126,86,40
2016-02-01T07:00:00.000,321,241,80
2016-02-01T08:00:00.000,392,269,123
2016-02-01T09:00:00.000,196,124,72
2016-02-01T10:00:00.000,94,46,48
2016-02-01T11:00:00.000,60,38,22
2016-02-01T12:00:00.000,39,18,21
2016-02-01T13:00:00.000,66,43,23
2016-02-01T14:00:00.000,78,23,55
2016-02-01T15:00:00.000,87,40,47
2016-02-01T16:00:00.000,222,82,140
2016-02-01T17:00:00.000,476,112,364
2016-02-01T18:00:00.000,286,81,205
2016-02-01T19:00:00.000,132,44,88
2016-02-01T20:00:00.000,58,22,36
2016-02-01T21:00:00.000,22,10,12
2016-02-01T22:00:00.000,21,13,8
2016-02-01T23:00:00.000,7,5,2
2016-02-02T00:00:00.000,2,1,1
2016-02-02T01:00:00.000,1,0,1
2016-02-02T02:00:00.000,1,0,1
2016-02-02T03:00:00.000,3,3,0
2016-02-02T04:00:00.000,7,4,3
2016-02-02T05:00:00.000,38,22,16
2016-02-02T06:00:00.000,115,80,35
2016-02-02T07:00:00.000,369,274,95
2016-02-02T08:00:00.000,432,286,146
2016-02-02T09:00:00.000,234,156,78
2016-02-02T10:00:00.000,82,44,38
2016-02-02T11:00:00.000,63,38,25
2016-02-02T12:00:00.000,84,43,41
2016-02-02T13:00:00.000,84,48,36
2016-02-02T14:00:00.000,84,41,43
2016-02-02T15:00:00.000,140,49,91
2016-02-02T16:00:00.000,259,94,165
2016-02-02T17:00:00.000,513,117,396
2016-02-02T18:00:00.000,324,100,224
2016-02-02T19:00:00.000,133,51,82
2016-02-02T20:00:00.000,70,30,40
2016-02-02T21:00:00.000,43,16,27
2016-02-02T22:00:00.000,40,16,24
2016-02-02T23:00:00.000,13,4,9
2016-02-03T00:00:00.000,5,4,1
2016-02-03T01:00:00.000,3,2,1
2016-02-03T02:00:00.000,2,0,2
2016-02-03T03:00:00.000,2,1,1
2016-02-03T04:00:00.000,5,4,1
2016-02-03T05:00:00.000,31,19,12
2016-02-03T06:00:00.000,115,77,38
2016-02-03T07:00:00.000,290,212,78
2016-02-03T08:00:00.000,366,244,122
2016-02-03T09:00:00.000,202,128,74
2016-02-03T10:00:00.000,73,48,25
2016-02-03T11:00:00.000,51,30,21
2016-02-03T12:00:00.000,36,23,13
2016-02-03T13:00:00.000,40,14,26
2016-02-03T14:00:00.000,46,15,31
2016-02-03T15:00:00.000,73,28,45
2016-02-03T16:00:00.000,161,54,107
2016-02-03T17:00:00.000,378,97,281
2016-02-03T18:00:00.000,216,50,166
2016-02-03T19:00:00.000,92,27,65
2016-02-03T20:00:00.000,49,15,34
2016-02-03T21:00:00.000,29,11,18
2016-02-03T22:00:00.000,18,2,16
2016-02-03T23:00:00.000,4,1,3
2016-02-04T00:00:00.000,7,6,1
2016-02-04T01:00:00.000,2,0,2
2016-02-04T02:00:00.000,0,0,0
2016-02-04T03:00:00.000,2,1,1
2016-02-04T04:00:00.000,5,4,1
2016-02-04T05:00:00.000,30,17,13
2016-02-04T06:00:00.000,124,84,40
2016-02-04T07:00:00.000,242,172,70
2016-02-04T08:00:00.000,334,226,108
2016-02-04T09:00:00.000,192,124,68
2016-02-04T10:00:00.000,62,39,23
2016-02-04T11:00:00.000,36,17,19
2016-02-04T12:00:00.000,41,25,16
2016-02-04T13:00:00.000,46,23,23
2016-02-04T14:00:00.000,55,23,32
2016-02-04T15:00:00.000,88,39,49
2016-02-04T16:00:00.000,188,55,133
2016-02-04T17:00:00.000,370,110,260
2016-02-04T18:00:00.000,247,79,168
2016-02-04T19:00:00.000,106,31,75
2016-02-04T20:00:00.000,54,16,38
2016-02-04T21:00:00.000,43,9,34
2016-02-04T22:00:00.000,34,14,20
2016-02-04T23:00:00.000,13,8,5
2016-02-05T00:00:00.000,7,5,2
2016-02-05T01:00:00.000,4,3,1
2016-02-05T02:00:00.000,2,1,1
2016-02-05T03:00:00.000,2,0,2
2016-02-05T04:00:00.000,5,2,3
2016-02-05T05:00:00.000,28,15,13
2016-02-05T06:00:00.000,99,71,28
2016-02-05T07:00:00.000,245,172,73
2016-02-05T08:00:00.000,320,208,112
2016-02-05T09:00:00.000,191,121,70
2016-02-05T10:00:00.000,76,48,28
2016-02-05T11:00:00.000,59,34,25
2016-02-05T12:00:00.000,63,41,22
2016-02-05T13:00:00.000,61,29,32
2016-02-05T14:00:00.000,62,25,37
2016-02-05T15:00:00.000,89,37,52
2016-02-05T16:00:00.000,160,54,106
2016-02-05T17:00:00.000,293,73,220
2016-02-05T18:00:00.000,178,47,131
2016-02-05T19:00:00.000,79,28,51
2016-02-05T20:00:00.000,31,11,20
2016-02-05T21:00:00.000,18,6,12
2016-02-05T22:00:00.000,22,11,11
2016-02-05T23:00:00.000,7,3,4
2016-02-06T00:00:00.000,9,5,4
2016-02-06T01:00:00.000,6,4,2
2016-02-06T02:00:00.000,3,3,0
2016-02-06T03:00:00.000,0,0,0
2016-02-06T04:00:00.000,2,1,1
2016-02-06T05:00:00.000,11,6,5
2016-02-06T06:00:00.000,12,4,8
2016-02-06T07:00:00.000,26,13,13
2016-02-06T08:00:00.000,43,27,16
2016-02-06T09:00:00.000,46,35,11
2016-02-06T10:00:00.000,53,33,20
2016-02-06T11:00:00.000,73,31,42
2016-02-06T12:00:00.000,68,45,23
2016-02-06T13:00:00.000,87,56,31
2016-02-06T14:00:00.000,81,41,40
2016-02-06T15:00:00.000,80,40,40
2016-02-06T16:00:00.000,74,40,34
2016-02-06T17:00:00.000,56,29,27
2016-02-06T18:00:00.000,47,21,26
2016-02-06T19:00:00.000,29,15,14
2016-02-06T20:00:00.000,24,11,13
2016-02-06T21:00:00.000,16,5,11
2016-02-06T22:00:00.000,19,6,13
2016-02-06T23:00:00.000,19,10,9
2016-02-07T00:00:00.000,12,7,5
2016-02-07T01:00:00.000,8,3,5
2016-02-07T02:00:00.000,2,2,0
2016-02-07T03:00:00.000,4,2,2
2016-02-07T04:00:00.000,2,1,1
2016-02-07T05:00:00.000,5,5,0
2016-02-07T06:00:00.000,7,1,6
2016-02-07T07:00:00.000,20,12,8
2016-02-07T08:00:00.000,32,19,13
2016-02-07T09:00:00.000,64,31,33
2016-02-07T10:00:00.000,80,44,36
2016-02-07T11:00:00.000,89,45,44
2016-02-07T12:00:00.000,128,64,64
2016-02-07T13:00:00.000,119,70,49
2016-02-07T14:00:00.000,133,69,64
2016-02-07T15:00:00.000,91,43,48
2016-02-07T16:00:00.000,48,23,25
2016-02-07T17:00:00.000,45,24,21
2016-02-07T18:00:00.000,33,15,18
2016-02-07T19:00:00.000,30,17,13
2016-02-07T20:00:00.000,24,10,14
2016-02-07T21:00:00.000,12,8,4
2016-02-07T22:00:00.000,13,5,8
2016-02-07T23:00:00.000,9,4,5
2016-02-08T00:00:00.000,4,1,3
2016-02-08T01:00:00.000,0,0,0
2016-02-08T02:00:00.000,4,3,1
2016-02-08T03:00:00.000,2,2,0
2016-02-08T04:00:00.000,2,1,1
2016-02-08T05:00:00.000,39,27,12
2016-02-08T06:00:00.000,121,83,38
2016-02-08T07:00:00.000,332,232,100
2016-02-08T08:00:00.000,454,315,139
2016-02-08T09:00:00.000,236,172,64
2016-02-08T10:00:00.000,68,33,35
2016-02-08T11:00:00.000,62,35,27
2016-02-08T12:00:00.000,72,39,33
2016-02-08T13:00:00.000,89,40,49
2016-02-08T14:00:00.000,107,47,60
2016-02-08T15:00:00.000,153,69,84
2016-02-08T16:00:00.000,272,117,155
2016-02-08T17:00:00.000,535,151,384
2016-02-08T18:00:00.000,334,92,242
2016-02-08T19:00:00.000,143,44,99
2016-02-08T20:00:00.000,67,18,49
2016-02-08T21:00:00.000,28,11,17
2016-02-08T22:00:00.000,27,11,16
2016-02-08T23:00:00.000,9,4,5
2016-02-09T00:00:00.000,10,4,6
2016-02-09T01:00:00.000,5,0,5
2016-02-09T02:00:00.000,4,2,2
2016-02-09T03:00:00.000,1,1,0
2016-02-09T04:00:00.000,6,3,3
2016-02-09T05:00:00.000,33,26,7
2016-02-09T06:00:00.000,133,92,41
2016-02-09T07:00:00.000,374,266,108
2016-02-09T08:00:00.000,502,342,160
2016-02-09T09:00:00.000,228,159,69
2016-02-09T10:00:00.000,80,40,40
2016-02-09T11:00:00.000,56,26,30
2016-02-09T12:00:00.000,90,48,42
2016-02-09T13:00:00.000,93,45,48
2016-02-09T14:00:00.000,115,41,74
2016-02-09T15:00:00.000,158,75,83
2016-02-09T16:00:00.000,341,131,210
2016-02-09T17:00:00.000,598,176,422
2016-02-09T18:00:00.000,332,109,223
2016-02-09T19:00:00.000,141,44,97
2016-02-09T20:00:00.000,79,30,49
2016-02-09T21:00:00.000,41,21,20
2016-02-09T22:00:00.000,20,6,14
2016-02-09T23:00:00.000,15,6,9
2016-02-10T00:00:00.000,5,2,3
2016-02-10T01:00:00.000,4,2,2
2016-02-10T02:00:00.000,5,1,4
2016-02-10T03:00:00.000,2,1,1
2016-02-10T04:00:00.000,6,4,2
2016-02-10T05:00:00.000,30,19,11
2016-02-10T06:00:00.000,130,88,42
2016-02-10T07:00:00.000,313,226,87
2016-02-10T08:00:00.000,419,290,129
2016-02-10T09:00:00.000,197,117,80
2016-02-10T10:00:00.000,74,45,29
2016-02-10T11:00:00.000,29,19,10
2016-02-10T12:00:00.000,26,13,13
2016-02-10T13:00:00.000,34,19,15
2016-02-10T14:00:00.000,57,27,30
2016-02-10T15:00:00.000,77,31,46
2016-02-10T16:00:00.000,174,64,110
2016-02-10T17:00:00.000,422,116,306
2016-02-10T18:00:00.000,275,84,191
2016-02-10T19:00:00.000,98,26,72
2016-02-10T20:00:00.000,47,16,31
2016-02-10T21:00:00.000,37,16,21
2016-02-10T22:00:00.000,22,10,12
2016-02-10T23:00:00.000,12,7,5
2016-02-11T00:00:00.000,7,5,2
2016-02-11T01:00:00.000,4,2,2
2016-02-11T02:00:00.000,5,2,3
2016-02-11T03:00:00.000,4,1,3
2016-02-11T04:00:00.000,9,3,6
2016-02-11T05:00:00.000,30,14,16
2016-02-11T06:00:00.000,106,67,39
2016-02-11T07:00:00.000,290,206,84
2016-02-11T08:00:00.000,340,239,101
2016-02-11T09:00:00.000,170,108,62
2016-02-11T10:00:00.000,56,25,31
2016-02-11T11:00:00.000,42,18,24
2016-02-11T12:00:00.000,46,16,30
2016-02-11T13:00:00.000,44,25,19
2016-02-11T14:00:00.000,53,21,32
2016-02-11T15:00:00.000,83,34,49
2016-02-11T16:00:00.000,159,62,97
2016-02-11T17:00:00.000,348,101,247
2016-02-11T18:00:00.000,238,66,172
2016-02-11T19:00:00.000,100,32,68
2016-02-11T20:00:00.000,49,10,39
2016-02-11T21:00:00.000,33,8,25
2016-02-11T22:00:00.000,23,9,14
2016-02-11T23:00:00.000,14,7,7
2016-02-12T00:00:00.000,5,1,4
2016-02-12T01:00:00.000,1,0,1
2016-02-12T02:00:00.000,5,2,3
2016-02-12T03:00:00.000,0,0,0
2016-02-12T04:00:00.000,7,2,5
2016-02-12T05:00:00.000,26,19,7
2016-02-12T06:00:00.000,76,50,26
2016-02-12T07:00:00.000,213,151,62
2016-02-12T08:00:00.000,297,196,101
2016-02-12T09:00:00.000,105,64,41
2016-02-12T10:00:00.000,35,23,12
2016-02-12T11:00:00.000,18,3,15
2016-02-12T12:00:00.000,41,17,24
2016-02-12T13:00:00.000,49,26,23
2016-02-12T14:00:00.000,72,31,41
2016-02-12T15:00:00.000,102,46,56
2016-02-12T16:00:00.000,197,67,130
2016-02-12T17:00:00.000,323,98,225
2016-02-12T18:00:00.000,165,53,112
2016-02-12T19:00:00.000,84,31,53
2016-02-12T20:00:00.000,40,20,20
2016-02-12T21:00:00.000,23,9,14
2016-02-12T22:00:00.000,19,11,8
2016-02-12T23:00:00.000,17,9,8
2016-02-13T00:00:00.000,14,6,8
2016-02-13T01:00:00.000,6,2,4
2016-02-13T02:00:00.000,3,2,1
2016-02-13T03:00:00.000,0,0,0
2016-02-13T04:00:00.000,1,0,1
2016-02-13T05:00:00.000,12,7,5
2016-02-13T06:00:00.000,11,5,6
2016-02-13T07:00:00.000,23,15,8
2016-02-13T08:00:00.000,58,29,29
2016-02-13T09:00:00.000,47,22,25
2016-02-13T10:00:00.000,95,53,42
2016-02-13T11:00:00.000,65,39,26
2016-02-13T12:00:00.000,72,38,34
2016-02-13T13:00:00.000,38,20,18
2016-02-13T14:00:00.000,46,24,22
2016-02-13T15:00:00.000,32,20,12
2016-02-13T16:00:00.000,26,18,8
2016-02-13T17:00:00.000,26,8,18
2016-02-13T18:00:00.000,22,11,11
2016-02-13T19:00:00.000,11,4,7
2016-02-13T20:00:00.000,22,9,13
2016-02-13T21:00:00.000,15,7,8
2016-02-13T22:00:00.000,12,5,7
2016-02-13T23:00:00.000,16,9,7
2016-02-14T00:00:00.000,3,1,2
2016-02-14T01:00:00.000,3,1,2
2016-02-14T02:00:00.000,2,1,1
2016-02-14T03:00:00.000,0,0,0
2016-02-14T04:00:00.000,1,1,0
2016-02-14T05:00:00.000,7,4,3
2016-02-14T06:00:00.000,7,3,4
2016-02-14T07:00:00.000,13,7,6
2016-02-14T08:00:00.000,26,17,9
2016-02-14T09:00:00.000,24,20,4
2016-02-14T10:00:00.000,41,24,17
2016-02-14T11:00:00.000,59,29,30
2016-02-14T12:00:00.000,60,25,35
2016-02-14T13:00:00.000,54,25,29
2016-02-14T14:00:00.000,70,26,44
2016-02-14T15:00:00.000,61,30,31
2016-02-14T16:00:00.000,52,17,35
2016-02-14T17:00:00.000,29,15,14
2016-02-14T18:00:00.000,30,16,14
2016-02-14T19:00:00.000,18,10,8
2016-02-14T20:00:00.000,19,5,14
2016-02-14T21:00:00.000,13,6,7
2016-02-14T22:00:00.000,11,3,8
2016-02-14T23:00:00.000,3,1,2
2016-02-15T00:00:00.000,6,3,3
2016-02-15T01:00:00.000,1,1,0
2016-02-15T02:00:00.000,2,1,1
2016-02-15T03:00:00.000,2,1,1
2016-02-15T04:00:00.000,3,3,0
2016-02-15T05:00:00.000,11,8,3
2016-02-15T06:00:00.000,40,25,15
2016-02-15T07:00:00.000,85,57,28
2016-02-15T08:00:00.000,138,96,42
2016-02-15T09:00:00.000,86,47,39
2016-02-15T10:00:00.000,35,21,14
2016-02-15T11:00:00.000,29,13,16
2016-02-15T12:00:00.000,27,10,17
2016-02-15T13:00:00.000,27,12,15
2016-02-15T14:00:00.000,37,16,21
2016-02-15T15:00:00.000,45,19,26
2016-02-15T16:00:00.000,73,21,52
2016-02-15T17:00:00.000,131,31,100
2016-02-15T18:00:00.000,96,26,70
2016-02-15T19:00:00.000,49,15,34
2016-02-15T20:00:00.000,23,12,11
2016-02-15T21:00:00.000,16,7,9
2016-02-15T22:00:00.000,12,4,8
2016-02-15T23:00:00.000,3,2,1
2016-02-16T00:00:00.000,4,3,1
2016-02-16T01:00:00.000,2,0,2
2016-02-16T02:00:00.000,5,1,4
2016-02-16T03:00:00.000,2,1,1
2016-02-16T04:00:00.000,5,3,2
2016-02-16T05:00:00.000,26,13,13
2016-02-16T06:00:00.000,93,62,31
2016-02-16T07:00:00.000,248,170,78
2016-02-16T08:00:00.000,345,225,120
2016-02-16T09:00:00.000,172,111,61
2016-02-16T10:00:00.000,81,53,28
2016-02-16T11:00:00.000,58,24,34
2016-02-16T12:00:00.000,50,29,21
2016-02-16T13:00:00.000,73,39,34
2016-02-16T14:00:00.000,66,30,36
2016-02-16T15:00:00.000,96,52,44
2016-02-16T16:00:00.000,193,69,124
2016-02-16T17:00:00.000,387,106,281
2016-02-16T18:00:00.000,297,95,202
2016-02-16T19:00:00.000,131,40,91
2016-02-16T20:00:00.000,63,22,41
2016-02-16T21:00:00.000,43,19,24
2016-02-16T22:00:00.000,19,7,12
2016-02-16T23:00:00.000,10,6,4
2016-02-17T00:00:00.000,5,2,3
2016-02-17T01:00:00.000,2,1,1
2016-02-17T02:00:00.000,0,0,0
2016-02-17T03:00:00.000,2,1,1
2016-02-17T04:00:00.000,6,4,2
2016-02-17T05:00:00.000,28,21,7
2016-02-17T06:00:00.000,99,69,30
2016-02-17T07:00:00.000,315,220,95
2016-02-17T08:00:00.000,361,241,120
2016-02-17T09:00:00.000,207,137,70
2016-02-17T10:00:00.000,78,52,26
2016-02-17T11:00:00.000,51,24,27
2016-02-17T12:00:00.000,58,36,22
2016-02-17T13:00:00.000,52,25,27
2016-02-17T14:00:00.000,53,27,26
2016-02-17T15:00:00.000,73,29,44
2016-02-17T16:00:00.000,164,61,103
2016-02-17T17:00:00.000,410,96,314
2016-02-17T18:00:00.000,270,92,178
2016-02-17T19:00:00.000,102,31,71
2016-02-17T20:00:00.000,56,17,39
2016-02-17T21:00:00.000,28,16,12
2016-02-17T22:00:00.000,13,7,6
2016-02-17T23:00:00.000,9,4,5
2016-02-18T00:00:00.000,8,6,2
2016-02-18T01:00:00.000,1,0,1
2016-02-18T02:00:00.000,2,0,2
2016-02-18T03:00:00.000,2,1,1
2016-02-18T04:00:00.000,4,2,2
2016-02-18T05:00:00.000,25,15,10
2016-02-18T06:00:00.000,101,68,33
2016-02-18T07:00:00.000,261,175,86
2016-02-18T08:00:00.000,306,211,95
2016-02-18T09:00:00.000,189,116,73
2016-02-18T10:00:00.000,78,48,30
2016-02-18T11:00:00.000,38,20,18
2016-02-18T12:00:00.000,40,19,21
2016-02-18T13:00:00.000,54,23,31
2016-02-18T14:00:00.000,60,27,33
2016-02-18T15:00:00.000,83,37,46
2016-02-18T16:00:00.000,183,49,134
2016-02-18T17:00:00.000,389,127,262
2016-02-18T18:00:00.000,263,95,168
2016-02-18T19:00:00.000,110,34,76
2016-02-18T20:00:00.000,63,19,44
2016-02-18T21:00:00.000,33,13,20
2016-02-18T22:00:00.000,26,8,18
2016-02-18T23:00:00.000,14,4,10
2016-02-19T00:00:00.000,12,2,10
2016-02-19T01:00:00.000,5,2,3
2016-02-19T02:00:00.000,4,0,4
2016-02-19T03:00:00.000,1,0,1
2016-02-19T04:00:00.000,6,3,3
2016-02-19T05:00:00.000,26,15,11
2016-02-19T06:00:00.000,75,50,25
2016-02-19T07:00:00.000,199,134,65
2016-02-19T08:00:00.000,237,158,79
2016-02-19T09:00:00.000,109,61,48
2016-02-19T10:00:00.000,44,27,17
2016-02-19T11:00:00.000,23,9,14
2016-02-19T12:00:00.000,32,17,15
2016-02-19T13:00:00.000,22,12,10
2016-02-19T14:00:00.000,42,12,30
2016-02-19T15:00:00.000,70,32,38
2016-02-19T16:00:00.000,121,44,77
2016-02-19T17:00:00.000,245,69,176
2016-02-19T18:00:00.000,135,43,92
2016-02-19T19:00:00.000,78,25,53
2016-02-19T20:00:00.000,33,13,20
2016-02-19T21:00:00.000,27,11,16
2016-02-19T22:00:00.000,14,9,5
2016-02-19T23:00:00.000,7,4,3
2016-02-20T00:00:00.000,4,0,4
2016-02-20T01:00:00.000,4,1,3
2016-02-20T02:00:00.000,5,2,3
2016-02-20T03:00:00.000,3,2,1
2016-02-20T04:00:00.000,4,2,2
2016-02-20T05:00:00.000,9,7,2
2016-02-20T06:00:00.000,11,7,4
2016-02-20T07:00:00.000,37,18,19
2016-02-20T08:00:00.000,62,36,26
2016-02-20T09:00:00.000,108,61,47
2016-02-20T10:00:00.000,111,61,50
2016-02-20T11:00:00.000,135,71,64
2016-02-20T12:00:00.000,170,103,67
2016-02-20T13:00:00.000,223,86,137
2016-02-20T14:00:00.000,187,121,66
2016-02-20T15:00:00.000,147,83,64
2016-02-20T16:00:00.000,168,96,72
2016-02-20T17:00:00.000,112,66,46
2016-02-20T18:00:00.000,81,49,32
2016-02-20T19:00:00.000,23,11,12
2016-02-20T20:00:00.000,35,16,19
2016-02-20T21:00:00.000,15,7,8
2016-02-20T22:00:00.000,20,10,10
2016-02-20T23:00:00.000,18,13,5
2016-02-21T00:00:00.000,13,7,6
2016-02-21T01:00:00.000,9,5,4
2016-02-21T02:00:00.000,1,1,0
2016-02-21T03:00:00.000,2,1,1
2016-02-21T04:00:00.000,4,3,1
2016-02-21T05:00:00.000,3,3,0
2016-02-21T06:00:00.000,2,1,1
2016-02-21T07:00:00.000,14,10,4
2016-02-21T08:00:00.000,46,32,14
2016-02-21T09:00:00.000,54,30,24
2016-02-21T10:00:00.000,52,28,24
2016-02-21T11:00:00.000,76,44,32
2016-02-21T12:00:00.000,38,25,13
2016-02-21T13:00:00.000,23,11,12
2016-02-21T14:00:00.000,57,27,30
2016-02-21T15:00:00.000,57,35,22
2016-02-21T16:00:00.000,67,27,40
2016-02-21T17:00:00.000,44,16,28
2016-02-21T18:00:00.000,28,11,17
2016-02-21T19:00:00.000,18,9,9
2016-02-21T20:00:00.000,28,4,24
2016-02-21T21:00:00.000,20,11,9
2016-02-21T22:00:00.000,12,3,9
2016-02-21T23:00:00.000,3,1,2
2016-02-22T00:00:00.000,7,1,6
2016-02-22T01:00:00.000,1,1,0
2016-02-22T02:00:00.000,2,1,1
2016-02-22T03:00:00.000,1,1,0
2016-02-22T04:00:00.000,4,3,1
2016-02-22T05:00:00.000,33,24,9
2016-02-22T06:00:00.000,109,67,42
2016-02-22T07:00:00.000,321,235,86
2016-02-22T08:00:00.000,406,272,134
2016-02-22T09:00:00.000,216,132,84
2016-02-22T10:00:00.000,67,32,35
2016-02-22T11:00:00.000,53,30,23
2016-02-22T12:00:00.000,31,14,17
2016-02-22T13:00:00.000,52,29,23
2016-02-22T14:00:00.000,69,32,37
2016-02-22T15:00:00.000,113,47,66
2016-02-22T16:00:00.000,224,87,137
2016-02-22T17:00:00.000,514,125,389
2016-02-22T18:00:00.000,301,81,220
2016-02-22T19:00:00.000,116,47,69
2016-02-22T20:00:00.000,69,18,51
2016-02-22T21:00:00.000,37,15,22
2016-02-22T22:00:00.000,16,9,7
2016-02-22T23:00:00.000,7,5,2
2016-02-23T00:00:00.000,9,6,3
2016-02-23T01:00:00.000,1,0,1
2016-02-23T02:00:00.000,3,2,1
2016-02-23T03:00:00.000,2,1,1
2016-02-23T04:00:00.000,8,4,4
2016-02-23T05:00:00.000,43,31,12
2016-02-23T06:00:00.000,123,79,44
2016-02-23T07:00:00.000,384,292,92
2016-02-23T08:00:00.000,442,315,127
2016-02-23T09:00:00.000,226,135,91
2016-02-23T10:00:00.000,102,56,46
2016-02-23T11:00:00.000,88,49,39
2016-02-23T12:00:00.000,69,34,35
2016-02-23T13:00:00.000,80,43,37
2016-02-23T14:00:00.000,113,53,60
2016-02-23T15:00:00.000,134,62,72
2016-02-23T16:00:00.000,286,111,175
2016-02-23T17:00:00.000,549,147,402
2016-02-23T18:00:00.000,321,99,222
2016-02-23T19:00:00.000,117,37,80
2016-02-23T20:00:00.000,86,33,53
2016-02-23T21:00:00.000,51,16,35
2016-02-23T22:00:00.000,35,15,20
2016-02-23T23:00:00.000,14,6,8
2016-02-24T00:00:00.000,9,3,6
2016-02-24T01:00:00.000,1,1,0
2016-02-24T02:00:00.000,0,0,0
2016-02-24T03:00:00.000,1,1,0
2016-02-24T04:00:00.000,11,8,3
2016-02-24T05:00:00.000,36,26,10
2016-02-24T06:00:00.000,139,91,48
2016-02-24T07:00:00.000,311,217,94
2016-02-24T08:00:00.000,431,300,131
2016-02-24T09:00:00.000,210,136,74
2016-02-24T10:00:00.000,108,61,47
2016-02-24T11:00:00.000,64,39,25
2016-02-24T12:00:00.000,58,29,29
2016-02-24T13:00:00.000,68,27,41
2016-02-24T14:00:00.000,54,22,32
2016-02-24T15:00:00.000,114,43,71
2016-02-24T16:00:00.000,254,92,162
2016-02-24T17:00:00.000,522,145,377
2016-02-24T18:00:00.000,304,103,201
2016-02-24T19:00:00.000,130,39,91
2016-02-24T20:00:00.000,67,22,45
2016-02-24T21:00:00.000,45,19,26
2016-02-24T22:00:00.000,30,15,15
2016-02-24T23:00:00.000,15,6,9
2016-02-25T00:00:00.000,6,3,3
2016-02-25T01:00:00.000,1,1,0
2016-02-25T02:00:00.000,2,0,2
2016-02-25T03:00:00.000,2,2,0
2016-02-25T04:00:00.000,8,6,2
2016-02-25T05:00:00.000,37,22,15
2016-02-25T06:00:00.000,132,81,51
2016-02-25T07:00:00.000,352,256,96
2016-02-25T08:00:00.000,470,338,132
2016-02-25T09:00:00.000,214,133,81
2016-02-25T10:00:00.000,116,70,46
2016-02-25T11:00:00.000,64,33,31
2016-02-25T12:00:00.000,78,39,39
2016-02-25T13:00:00.000,99,45,54
2016-02-25T14:00:00.000,95,42,53
2016-02-25T15:00:00.000,142,65,77
2016-02-25T16:00:00.000,286,90,196
2016-02-25T17:00:00.000,560,159,401
2016-02-25T18:00:00.000,327,120,207
2016-02-25T19:00:00.000,137,46,91
2016-02-25T20:00:00.000,89,39,50
2016-02-25T21:00:00.000,43,20,23
2016-02-25T22:00:00.000,41,14,27
2016-02-25T23:00:00.000,21,14,7
2016-02-26T00:00:00.000,10,6,4
2016-02-26T01:00:00.000,6,5,1
2016-02-26T02:00:00.000,2,1,1
2016-02-26T03:00:00.000,0,0,0
2016-02-26T04:00:00.000,5,4,1
2016-02-26T05:00:00.000,29,19,10
2016-02-26T06:00:00.000,88,60,28
2016-02-26T07:00:00.000,278,194,84
2016-02-26T08:00:00.000,366,242,124
2016-02-26T09:00:00.000,189,122,67
2016-02-26T10:00:00.000,112,59,53
2016-02-26T11:00:00.000,83,40,43
2016-02-26T12:00:00.000,81,38,43
2016-02-26T13:00:00.000,68,30,38
2016-02-26T14:00:00.000,85,34,51
2016-02-26T15:00:00.000,116,52,64
2016-02-26T16:00:00.000,201,69,132
2016-02-26T17:00:00.000,331,90,241
2016-02-26T18:00:00.000,175,51,124
2016-02-26T19:00:00.000,79,28,51
2016-02-26T20:00:00.000,29,9,20
2016-02-26T21:00:00.000,27,15,12
2016-02-26T22:00:00.000,21,12,9
2016-02-26T23:00:00.000,14,6,8
2016-02-27T00:00:00.000,6,4,2
2016-02-27T01:00:00.000,3,3,0
2016-02-27T02:00:00.000,0,0,0
2016-02-27T03:00:00.000,2,2,0
2016-02-27T04:00:00.000,5,2,3
2016-02-27T05:00:00.000,7,6,1
2016-02-27T06:00:00.000,5,4,1
2016-02-27T07:00:00.000,33,19,14
2016-02-27T08:00:00.000,48,25,23
2016-02-27T09:00:00.000,47,22,25
2016-02-27T10:00:00.000,72,38,34
2016-02-27T11:00:00.000,101,60,41
2016-02-27T12:00:00.000,117,47,70
2016-02-27T13:00:00.000,107,55,52
2016-02-27T14:00:00.000,113,69,44
2016-02-27T15:00:00.000,145,92,53
2016-02-27T16:00:00.000,138,70,68
2016-02-27T17:00:00.000,119,63,56
2016-02-27T18:00:00.000,56,29,27
2016-02-27T19:00:00.000,40,17,23
2016-02-27T20:00:00.000,38,17,21
2016-02-27T21:00:00.000,15,4,11
2016-02-27T22:00:00.000,23,12,11
2016-02-27T23:00:00.000,17,10,7
2016-02-28T00:00:00.000,13,11,2
2016-02-28T01:00:00.000,14,7,7
2016-02-28T02:00:00.000,5,3,2
2016-02-28T03:00:00.000,1,1,0
2016-02-28T04:00:00.000,2,0,2
2016-02-28T05:00:00.000,7,5,2
2016-02-28T06:00:00.000,25,19,6
2016-02-28T07:00:00.000,57,51,6
2016-02-28T08:00:00.000,54,39,15
2016-02-28T09:00:00.000,37,31,6
2016-02-28T10:00:00.000,29,20,9
2016-02-28T11:00:00.000,46,30,16
2016-02-28T12:00:00.000,46,24,22
2016-02-28T13:00:00.000,47,22,25
2016-02-28T14:00:00.000,56,20,36
2016-02-28T15:00:00.000,55,21,34
2016-02-28T16:00:00.000,53,21,32
2016-02-28T17:00:00.000,34,13,21
2016-02-28T18:00:00.000,29,16,13
2016-02-28T19:00:00.000,12,7,5
2016-02-28T20:00:00.000,11,5,6
2016-02-28T21:00:00.000,15,12,3
2016-02-28T22:00:00.000,9,5,4
2016-02-28T23:00:00.000,7,4,3
2016-02-29T00:00:00.000,4,2,2
2016-02-29T01:00:00.000,0,0,0
2016-02-29T02:00:00.000,0,0,0
2016-02-29T03:00:00.000,1,1,0
2016-02-29T04:00:00.000,4,3,1
2016-02-29T05:00:00.000,30,24,6
2016-02-29T06:00:00.000,109,77,32
2016-02-29T07:00:00.000,263,189,74
2016-02-29T08:00:00.000,352,235,117
2016-02-29T09:00:00.000,179,97,82
2016-02-29T10:00:00.000,63,39,24
2016-02-29T11:00:00.000,58,29,29
2016-02-29T12:00:00.000,65,33,32
2016-02-29T13:00:00.000,64,37,27
2016-02-29T14:00:00.000,78,30,48
2016-02-29T15:00:00.000,95,33,62
2016-02-29T16:00:00.000,217,72,145
2016-02-29T17:00:00.000,446,130,316
2016-02-29T18:00:00.000,276,85,191
2016-02-29T19:00:00.000,109,46,63
2016-02-29T20:00:00.000,57,25,32
2016-02-29T21:00:00.000,32,16,16
2016-02-29T22:00:00.000,15,5,10
2016-02-29T23:00:00.000,12,3,9
2016-03-01T00:00:00.000,4,3,1
2016-03-01T01:00:00.000,0,0,0
2016-03-01T02:00:00.000,3,2,1
2016-03-01T03:00:00.000,0,0,0
2016-03-01T04:00:00.000,9,6,3
2016-03-01T05:00:00.000,24,17,7
2016-03-01T06:00:00.000,76,55,21
2016-03-01T07:00:00.000,218,146,72
2016-03-01T08:00:00.000,332,224,108
2016-03-01T09:00:00.000,144,93,51
2016-03-01T10:00:00.000,43,21,22
2016-03-01T11:00:00.000,22,12,10
2016-03-01T12:00:00.000,27,16,11
2016-03-01T13:00:00.000,26,11,15
2016-03-01T14:00:00.000,30,12,18
2016-03-01T15:00:00.000,57,25,32
2016-03-01T16:00:00.000,135,37,98
2016-03-01T17:00:00.000,339,92,247
2016-03-01T18:00:00.000,231,62,169
2016-03-01T19:00:00.000,70,22,48
2016-03-01T20:00:00.000,31,11,20
2016-03-01T21:00:00.000,17,9,8
2016-03-01T22:00:00.000,13,8,5
2016-03-01T23:00:00.000,8,3,5
2016-03-02T00:00:00.000,0,0,0
2016-03-02T01:00:00.000,1,1,0
2016-03-02T02:00:00.000,2,2,0
2016-03-02T03:00:00.000,1,1,0
2016-03-02T04:00:00.000,4,3,1
2016-03-02T05:00:00.000,37,24,13
2016-03-02T06:00:00.000,113,72,41
2016-03-02T07:00:00.000,271,190,81
2016-03-02T08:00:00.000,391,270,121
2016-03-02T09:00:00.000,204,134,70
2016-03-02T10:00:00.000,68,34,34
2016-03-02T11:00:00.000,55,25,30
2016-03-02T12:00:00.000,64,36,28
2016-03-02T13:00:00.000,59,27,32
2016-03-02T14:00:00.000,71,36,35
2016-03-02T15:00:00.000,99,41,58
2016-03-02T16:00:00.000,213,77,136
2016-03-02T17:00:00.000,426,121,305
2016-03-02T18:00:00.000,232,71,161
2016-03-02T19:00:00.000,107,33,74
2016-03-02T20:00:00.000,64,28,36
2016-03-02T21:00:00.000,23,13,10
2016-03-02T22:00:00.000,20,10,10
2016-03-02T23:00:00.000,7,4,3
2016-03-03T00:00:00.000,8,7,1
2016-03-03T01:00:00.000,6,5,1
2016-03-03T02:00:00.000,2,1,1
2016-03-03T03:00:00.000,0,0,0
2016-03-03T04:00:00.000,10,5,5
2016-03-03T05:00:00.000,34,23,11
2016-03-03T06:00:00.000,111,68,43
2016-03-03T07:00:00.000,266,191,75
2016-03-03T08:00:00.000,373,256,117
2016-03-03T09:00:00.000,195,131,64
2016-03-03T10:00:00.000,65,33,32
2016-03-03T11:00:00.000,51,28,23
2016-03-03T12:00:00.000,38,18,20
2016-03-03T13:00:00.000,44,15,29
2016-03-03T14:00:00.000,50,22,28
2016-03-03T15:00:00.000,79,31,48
2016-03-03T16:00:00.000,198,68,130
2016-03-03T17:00:00.000,422,122,300
2016-03-03T18:00:00.000,269,84,185
2016-03-03T19:00:00.000,125,34,91
2016-03-03T20:00:00.000,70,26,44
2016-03-03T21:00:00.000,37,14,23
2016-03-03T22:00:00.000,27,13,14
2016-03-03T23:00:00.000,15,8,7
2016-03-04T00:00:00.000,8,4,4
2016-03-04T01:00:00.000,2,1,1
2016-03-04T02:00:00.000,6,2,4
2016-03-04T03:00:00.000,1,1,0
2016-03-04T04:00:00.000,10,2,8
2016-03-04T05:00:00.000,31,21,10
2016-03-04T06:00:00.000,85,57,28
2016-03-04T07:00:00.000,289,195,94
2016-03-04T08:00:00.000,362,247,115
2016-03-04T09:00:00.000,199,124,75
2016-03-04T10:00:00.000,77,38,39
2016-03-04T11:00:00.000,58,27,31
2016-03-04T12:00:00.000,64,33,31
2016-03-04T13:00:00.000,51,24,27
2016-03-04T14:00:00.000,61,28,33
2016-03-04T15:00:00.000,81,27,54
2016-03-04T16:00:00.000,173,58,115
2016-03-04T17:00:00.000,331,76,255
2016-03-04T18:00:00.000,184,64,120
2016-03-04T19:00:00.000,78,28,50
2016-03-04T20:00:00.000,43,11,32
2016-03-04T21:00:00.000,25,9,16
2016-03-04T22:00:00.000,21,14,7
2016-03-04T23:00:00.000,15,4,11
2016-03-05T00:00:00.000,12,5,7
2016-03-05T01:00:00.000,5,1,4
2016-03-05T02:00:00.000,2,1,1
2016-03-05T03:00:00.000,2,1,1
2016-03-05T04:00:00.000,4,1,3
2016-03-05T05:00:00.000,7,3,4
2016-03-05T06:00:00.000,6,2,4
2016-03-05T07:00:00.000,28,17,11
2016-03-05T08:00:00.000,73,39,34
2016-03-05T09:00:00.000,109,58,51
2016-03-05T10:00:00.000,124,77,47
2016-03-05T11:00:00.000,156,84,72
2016-03-05T12:00:00.000,172,86,86
2016-03-05T13:00:00.000,181,102,79
2016-03-05T14:00:00.000,230,121,109
2016-03-05T15:00:00.000,187,96,91
2016-03-05T16:00:00.000,135,63,72
2016-03-05T17:00:00.000,94,47,47
2016-03-05T18:00:00.000,66,35,31
2016-03-05T19:00:00.000,30,12,18
2016-03-05T20:00:00.000,23,13,10
2016-03-05T21:00:00.000,17,7,10
2016-03-05T22:00:00.000,17,6,11
2016-03-05T23:00:00.000,20,7,13
2016-03-06T00:00:00.000,10,2,8
2016-03-06T01:00:00.000,5,3,2
2016-03-06T02:00:00.000,4,2,2
2016-03-06T03:00:00.000,1,0,1
2016-03-06T04:00:00.000,5,2,3
2016-03-06T05:00:00.000,2,1,1
2016-03-06T06:00:00.000,18,12,6
2016-03-06T07:00:00.000,17,9,8
2016-03-06T08:00:00.000,37,23,14
2016-03-06T09:00:00.000,42,25,17
2016-03-06T10:00:00.000,53,32,21
2016-03-06T11:00:00.000,56,32,24
2016-03-06T12:00:00.000,39,19,20
2016-03-06T13:00:00.000,42,24,18
2016-03-06T14:00:00.000,83,57,26
2016-03-06T15:00:00.000,57,30,27
2016-03-06T16:00:00.000,62,29,33
2016-03-06T17:00:00.000,53,35,18
2016-03-06T18:00:00.000,32,18,14
2016-03-06T19:00:00.000,19,6,13
2016-03-06T20:00:00.000,18,10,8
2016-03-06T21:00:00.000,12,7,5
2016-03-06T22:00:00.000,10,4,6
2016-03-06T23:00:00.000,5,2,3
2016-03-07T00:00:00.000,2,0,2
2016-03-07T01:00:00.000,2,0,2
2016-03-07T02:00:00.000,2,0,2
2016-03-07T03:00:00.000,2,1,1
2016-03-07T04:00:00.000,7,4,3
2016-03-07T05:00:00.000,24,16,8
2016-03-07T06:00:00.000,107,68,39
2016-03-07T07:00:00.000,212,146,66
2016-03-07T08:00:00.000,275,196,79
2016-03-07T09:00:00.000,133,85,48
2016-03-07T10:00:00.000,30,12,18
2016-03-07T11:00:00.000,26,16,10
2016-03-07T12:00:00.000,32,15,17
2016-03-07T13:00:00.000,39,16,23
2016-03-07T14:00:00.000,55,29,26
2016-03-07T15:00:00.000,72,26,46
2016-03-07T16:00:00.000,177,62,115
2016-03-07T17:00:00.000,375,109,266
2016-03-07T18:00:00.000,222,69,153
2016-03-07T19:00:00.000,105,34,71
2016-03-07T20:00:00.000,58,27,31
2016-03-07T21:00:00.000,28,11,17
2016-03-07T22:00:00.000,24,13,11
2016-03-07T23:00:00.000,13,11,2
2016-03-08T00:00:00.000,4,1,3
2016-03-08T01:00:00.000,4,2,2
2016-03-08T02:00:00.000,2,1,1
2016-03-08T03:00:00.000,0,0,0
2016-03-08T04:00:00.000,8,4,4
2016-03-08T05:00:00.000,30,19,11
2016-03-08T06:00:00.000,129,83,46
2016-03-08T07:00:00.000,331,240,91
2016-03-08T08:00:00.000,443,301,142
2016-03-08T09:00:00.000,202,127,75
2016-03-08T10:00:00.000,78,33,45
2016-03-08T11:00:00.000,69,39,30
2016-03-08T12:00:00.000,58,24,34
2016-03-08T13:00:00.000,81,45,36
2016-03-08T14:00:00.000,69,32,37
2016-03-08T15:00:00.000,82,26,56
2016-03-08T16:00:00.000,237,87,150
2016-03-08T17:00:00.000,483,143,340
2016-03-08T18:00:00.000,312,109,203
2016-03-08T19:00:00.000,136,36,100
2016-03-08T20:00:00.000,70,29,41
2016-03-08T21:00:00.000,36,20,16
2016-03-08T22:00:00.000,23,9,14
2016-03-08T23:00:00.000,14,7,7
2016-03-09T00:00:00.000,2,1,1
2016-03-09T01:00:00.000,4,1,3
2016-03-09T02:00:00.000,1,0,1
2016-03-09T03:00:00.000,2,1,1
2016-03-09T04:00:00.000,6,3,3
2016-03-09T05:00:00.000,32,19,13
2016-03-09T06:00:00.000,118,70,48
2016-03-09T07:00:00.000,252,181,71
2016-03-09T08:00:00.000,335,235,100
2016-03-09T09:00:00.000,177,115,62
2016-03-09T10:00:00.000,63,37,26
2016-03-09T11:00:00.000,46,24,22
2016-03-09T12:00:00.000,41,15,26
2016-03-09T13:00:00.000,29,18,11
2016-03-09T14:00:00.000,37,19,18
2016-03-09T15:00:00.000,52,14,38
2016-03-09T16:00:00.000,139,47,92
2016-03-09T17:00:00.000,311,80,231
2016-03-09T18:00:00.000,205,41,164
2016-03-09T19:00:00.000,84,26,58
2016-03-09T20:00:00.000,50,17,33
2016-03-09T21:00:00.000,18,5,13
2016-03-09T22:00:00.000,14,7,7
2016-03-09T23:00:00.000,6,1,5
2016-03-10T00:00:00.000,3,3,0
2016-03-10T01:00:00.000,1,1,0
2016-03-10T02:00:00.000,4,2,2
2016-03-10T03:00:00.000,2,1,1
2016-03-10T04:00:00.000,7,3,4
2016-03-10T05:00:00.000,25,15,10
2016-03-10T06:00:00.000,76,45,31
2016-03-10T07:00:00.000,203,136,67
2016-03-10T08:00:00.000,256,181,75
2016-03-10T09:00:00.000,146,89,57
2016-03-10T10:00:00.000,65,38,27
2016-03-10T11:00:00.000,51,32,19
2016-03-10T12:00:00.000,42,19,23
2016-03-10T13:00:00.000,44,22,22
2016-03-10T14:00:00.000,47,15,32
2016-03-10T15:00:00.000,82,27,55
2016-03-10T16:00:00.000,152,60,92
2016-03-10T17:00:00.000,368,106,262
2016-03-10T18:00:00.000,214,74,140
2016-03-10T19:00:00.000,106,38,68
2016-03-10T20:00:00.000,57,16,41
2016-03-10T21:00:00.000,55,24,31
2016-03-10T22:00:00.000,25,8,17
2016-03-10T23:00:00.000,11,7,4
2016-03-11T00:00:00.000,7,5,2
2016-03-11T01:00:00.000,5,3,2
2016-03-11T02:00:00.000,4,1,3
2016-03-11T03:00:00.000,2,2,0
2016-03-11T04:00:00.000,7,2,5
2016-03-11T05:00:00.000,35,23,12
2016-03-11T06:00:00.000,75,47,28
2016-03-11T07:00:00.000,255,180,75
2016-03-11T08:00:00.000,364,254,110
2016-03-11T09:00:00.000,187,115,72
2016-03-11T10:00:00.000,79,51,28
2016-03-11T11:00:00.000,61,33,28
2016-03-11T12:00:00.000,97,57,40
2016-03-11T13:00:00.000,55,28,27
2016-03-11T14:00:00.000,39,17,22
2016-03-11T15:00:00.000,78,31,47
2016-03-11T16:00:00.000,180,61,119
2016-03-11T17:00:00.000,337,81,256
2016-03-11T18:00:00.000,173,57,116
2016-03-11T19:00:00.000,87,30,57
2016-03-11T20:00:00.000,42,15,27
2016-03-11T21:00:00.000,28,10,18
2016-03-11T22:00:00.000,19,7,12
2016-03-11T23:00:00.000,10,4,6
2016-03-12T00:00:00.000,6,3,3
2016-03-12T01:00:00.000,2,0,2
2016-03-12T02:00:00.000,5,2,3
2016-03-12T03:00:00.000,0,0,0
2016-03-12T04:00:00.000,6,1,5
2016-03-12T05:00:00.000,10,7,3
2016-03-12T06:00:00.000,7,5,2
2016-03-12T07:00:00.000,21,11,10
2016-03-12T08:00:00.000,24,13,11
2016-03-12T09:00:00.000,21,8,13
2016-03-12T10:00:00.000,62,25,37
2016-03-12T11:00:00.000,73,43,30
2016-03-12T12:00:00.000,88,48,40
2016-03-12T13:00:00.000,64,35,29
2016-03-12T14:00:00.000,63,39,24
2016-03-12T15:00:00.000,61,33,28
2016-03-12T16:00:00.000,60,30,30
2016-03-12T17:00:00.000,26,13,13
2016-03-12T18:00:00.000,25,13,12
2016-03-12T19:00:00.000,18,7,11
2016-03-12T20:00:00.000,21,13,8
2016-03-12T21:00:00.000,11,5,6
2016-03-12T22:00:00.000,15,10,5
2016-03-12T23:00:00.000,7,3,4
2016-03-13T00:00:00.000,4,2,2
2016-03-13T01:00:00.000,4,3,1
2016-03-13T02:00:00.000,,,
2016-03-13T03:00:00.000,1,1,0
2016-03-13T04:00:00.000,0,0,0
2016-03-13T05:00:00.000,2,0,2
2016-03-13T06:00:00.000,5,3,2
2016-03-13T07:00:00.000,8,4,4
2016-03-13T08:00:00.000,21,11,10
2016-03-13T09:00:00.000,23,9,14
2016-03-13T10:00:00.000,16,7,9
2016-03-13T11:00:00.000,16,6,10
2016-03-13T12:00:00.000,19,7,12
2016-03-13T13:00:00.000,29,21,8
2016-03-13T14:00:00.000,28,13,15
2016-03-13T15:00:00.000,36,17,19
2016-03-13T16:00:00.000,24,12,12
2016-03-13T17:00:00.000,22,14,8
2016-03-13T18:00:00.000,30,14,16
2016-03-13T19:00:00.000,11,6,5
2016-03-13T20:00:00.000,13,9,4
2016-03-13T21:00:00.000,9,2,7
2016-03-13T22:00:00.000,10,7,3
2016-03-13T23:00:00.000,3,2,1
2016-03-14T00:00:00.000,2,0,2
2016-03-14T01:00:00.000,2,1,1
2016-03-14T02:00:00.000,2,0,2
2016-03-14T03:00:00.000,1,1,0
2016-03-14T04:00:00.000,6,4,2
2016-03-14T05:00:00.000,23,16,7
2016-03-14T06:00:00.000,86,56,30
2016-03-14T07:00:00.000,218,161,57
2016-03-14T08:00:00.000,324,226,98
2016-03-14T09:00:00.000,181,113,68
2016-03-14T10:00:00.000,53,26,27
2016-03-14T11:00:00.000,41,20,21
2016-03-14T12:00:00.000,40,22,18
2016-03-14T13:00:00.000,45,26,19
2016-03-14T14:00:00.000,58,27,31
2016-03-14T15:00:00.000,103,48,55
2016-03-14T16:00:00.000,145,62,83
2016-03-14T17:00:00.000,353,89,264
2016-03-14T18:00:00.000,270,95,175
2016-03-14T19:00:00.000,99,20,79
2016-03-14T20:00:00.000,56,25,31
2016-03-14T21:00:00.000,18,5,13
2016-03-14T22:00:00.000,11,6,5
2016-03-14T23:00:00.000,10,5,5
2016-03-15T00:00:00.000,4,1,3
2016-03-15T01:00:00.000,1,0,1
2016-03-15T02:00:00.000,3,0,3
2016-03-15T03:00:00.000,0,0,0
2016-03-15T04:00:00.000,3,2,1
2016-03-15T05:00:00.000,30,18,12
2016-03-15T06:00:00.000,116,80,36
2016-03-15T07:00:00.000,252,195,57
2016-03-15T08:00:00.000,354,240,114
2016-03-15T09:00:00.000,193,133,60
2016-03-15T10:00:00.000,76,33,43
2016-03-15T11:00:00.000,60,32,28
2016-03-15T12:00:00.000,34,15,19
2016-03-15T13:00:00.000,50,25,25
2016-03-15T14:00:00.000,56,25,31
2016-03-15T15:00:00.000,104,49,55
2016-03-15T16:00:00.000,179,72,107
2016-03-15T17:00:00.000,434,123,311
2016-03-15T18:00:00.000,313,90,223
2016-03-15T19:00:00.000,127,45,82
2016-03-15T20:00:00.000,64,23,41
2016-03-15T21:00:00.000,41,24,17
2016-03-15T22:00:00.000,30,20,10
2016-03-15T23:00:00.000,15,6,9
2016-03-16T00:00:00.000,12,6,6
2016-03-16T01:00:00.000,4,0,4
2016-03-16T02:00:00.000,5,2,3
2016-03-16T03:00:00.000,1,1,0
2016-03-16T04:00:00.000,4,2,2
2016-03-16T05:00:00.000,31,21,10
2016-03-16T06:00:00.000,104,68,36
2016-03-16T07:00:00.000,304,222,82
2016-03-16T08:00:00.000,443,311,132
2016-03-16T09:00:00.000,234,139,95
2016-03-16T10:00:00.000,110,63,47
2016-03-16T11:00:00.000,63,32,31
2016-03-16T12:00:00.000,64,31,33
2016-03-16T13:00:00.000,78,38,40
2016-03-16T14:00:00.000,68,29,39
2016-03-16T15:00:00.000,109,51,58
2016-03-16T16:00:00.000,243,83,160
2016-03-16T17:00:00.000,514,149,365
2016-03-16T18:00:00.000,400,136,264
2016-03-16T19:00:00.000,148,56,92
2016-03-16T20:00:00.000,92,32,60
2016-03-16T21:00:00.000,48,26,22
2016-03-16T22:00:00.000,30,14,16
2016-03-16T23:00:00.000,5,4,1
2016-03-17T00:00:00.000,7,4,3
2016-03-17T01:00:00.000,2,0,2
2016-03-17T02:00:00.000,1,0,1
2016-03-17T03:00:00.000,1,1,0
2016-03-17T04:00:00.000,2,0,2
2016-03-17T05:00:00.000,29,16,13
2016-03-17T06:00:00.000,127,84,43
2016-03-17T07:00:00.000,291,212,79
2016-03-17T08:00:00.000,427,304,123
2016-03-17T09:00:00.000,236,149,87
2016-03-17T10:00:00.000,105,52,53
2016-03-17T11:00:00.000,64,32,32
2016-03-17T12:00:00.000,93,45,48
2016-03-17T13:00:00.000,82,40,42
2016-03-17T14:00:00.000,104,48,56
2016-03-17T15:00:00.000,147,79,68
2016-03-17T16:00:00.000,244,92,152
2016-03-17T17:00:00.000,526,167,359
2016-03-17T18:00:00.000,393,143,250
2016-03-17T19:00:00.000,157,62,95
2016-03-17T20:00:00.000,83,27,56
2016-03-17T21:00:00.000,50,23,27
2016-03-17T22:00:00.000,46,24,22
2016-03-17T23:00:00.000,31,17,14
2016-03-18T00:00:00.000,11,6,5
2016-03-18T01:00:00.000,5,1,4
2016-03-18T02:00:00.000,0,0,0
2016-03-18T03:00:00.000,0,0,0
2016-03-18T04:00:00.000,7,2,5
2016-03-18T05:00:00.000,30,17,13
2016-03-18T06:00:00.000,85,62,23
2016-03-18T07:00:00.000,249,180,69
2016-03-18T08:00:00.000,359,255,104
2016-03-18T09:00:00.000,219,132,87
2016-03-18T10:00:00.000,117,59,58
2016-03-18T11:00:00.000,70,41,29
2016-03-18T12:00:00.000,96,54,42
2016-03-18T13:00:00.000,84,47,37
2016-03-18T14:00:00.000,115,48,67
2016-03-18T15:00:00.000,161,66,95
2016-03-18T16:00:00.000,252,90,162
2016-03-18T17:00:00.000,411,135,276
2016-03-18T18:00:00.000,292,97,195
2016-03-18T19:00:00.000,106,32,74
2016-03-18T20:00:00.000,63,28,35
2016-03-18T21:00:00.000,37,15,22
2016-03-18T22:00:00.000,29,13,16
2016-03-18T23:00:00.000,13,8,5
2016-03-19T00:00:00.000,13,7,6
2016-03-19T01:00:00.000,7,2,5
2016-03-19T02:00:00.000,6,2,4
2016-03-19T03:00:00.000,3,2,1
2016-03-19T04:00:00.000,3,0,3
2016-03-19T05:00:00.000,8,2,6
2016-03-19T06:00:00.000,15,8,7
2016-03-19T07:00:00.000,36,20,16
2016-03-19T08:00:00.000,57,25,32
2016-03-19T09:00:00.000,101,53,48
2016-03-19T10:00:00.000,140,88,52
2016-03-19T11:00:00.000,120,70,50
2016-03-19T12:00:00.000,100,60,40
2016-03-19T13:00:00.000,153,71,82
2016-03-19T14:00:00.000,121,76,45
2016-03-19T15:00:00.000,132,66,66
2016-03-19T16:00:00.000,123,79,44
2016-03-19T17:00:00.000,123,65,58
2016-03-19T18:00:00.000,73,37,36
2016-03-19T19:00:00.000,51,18,33
2016-03-19T20:00:00.000,33,19,14
2016-03-19T21:00:00.000,38,24,14
2016-03-19T22:00:00.000,24,19,5
2016-03-19T23:00:00.000,14,2,12
2016-03-20T00:00:00.000,5,3,2
2016-03-20T01:00:00.000,6,3,3
2016-03-20T02:00:00.000,3,2,1
2016-03-20T03:00:00.000,0,0,0
2016-03-20T04:00:00.000,2,2,0
2016-03-20T05:00:00.000,5,4,1
2016-03-20T06:00:00.000,4,3,1
2016-03-20T07:00:00.000,13,6,7
2016-03-20T08:00:00.000,32,19,13
2016-03-20T09:00:00.000,53,28,25
2016-03-20T10:00:00.000,55,29,26
2016-03-20T11:00:00.000,59,38,21
2016-03-20T12:00:00.000,32,25,7
2016-03-20T13:00:00.000,37,19,18
2016-03-20T14:00:00.000,42,23,19
2016-03-20T15:00:00.000,46,18,28
2016-03-20T16:00:00.000,32,10,22
2016-03-20T17:00:00.000,35,14,21
2016-03-20T18:00:00.000,19,6,13
2016-03-20T19:00:00.000,20,4,16
2016-03-20T20:00:00.000,19,6,13
2016-03-20T21:00:00.000,11,8,3
2016-03-20T22:00:00.000,7,4,3
2016-03-20T23:00:00.000,4,3,1
2016-03-21T00:00:00.000,2,1,1
2016-03-21T01:00:00.000,5,3,2
2016-03-21T02:00:00.000,1,1,0
2016-03-21T03:00:00.000,0,0,0
2016-03-21T04:00:00.000,3,1,2
2016-03-21T05:00:00.000,21,13,8
2016-03-21T06:00:00.000,105,66,39
2016-03-21T07:00:00.000,233,166,67
2016-03-21T08:00:00.000,315,218,97
2016-03-21T09:00:00.000,151,92,59
2016-03-21T10:00:00.000,43,25,18
2016-03-21T11:00:00.000,26,13,13
2016-03-21T12:00:00.000,29,19,10
2016-03-21T13:00:00.000,39,20,19
2016-03-21T14:00:00.000,36,13,23
2016-03-21T15:00:00.000,67,27,40
2016-03-21T16:00:00.000,138,42,96
2016-03-21T17:00:00.000,391,102,289
2016-03-21T18:00:00.000,268,68,200
2016-03-21T19:00:00.000,87,25,62
2016-03-21T20:00:00.000,42,20,22
2016-03-21T21:00:00.000,22,6,16
2016-03-21T22:00:00.000,18,5,13
2016-03-21T23:00:00.000,6,1,5
2016-03-22T00:00:00.000,2,1,1
2016-03-22T01:00:00.000,1,0,1
2016-03-22T02:00:00.000,1,1,0
2016-03-22T03:00:00.000,3,3,0
2016-03-22T04:00:00.000,5,3,2
2016-03-22T05:00:00.000,31,19,12
2016-03-22T06:00:00.000,112,70,42
2016-03-22T07:00:00.000,298,208,90
2016-03-22T08:00:00.000,366,259,107
2016-03-22T09:00:00.000,183,115,68
2016-03-22T10:00:00.000,67,34,33
2016-03-22T11:00:00.000,43,27,16
2016-03-22T12:00:00.000,63,30,33
2016-03-22T13:00:00.000,67,31,36
2016-03-22T14:00:00.000,74,31,43
2016-03-22T15:00:00.000,102,43,59
2016-03-22T16:00:00.000,221,79,142
2016-03-22T17:00:00.000,419,119,300
2016-03-22T18:00:00.000,300,98,202
2016-03-22T19:00:00.000,114,33,81
2016-03-22T20:00:00.000,74,30,44
2016-03-22T21:00:00.000,36,17,19
2016-03-22T22:00:00.000,20,9,11
2016-03-22T23:00:00.000,9,2,7
2016-03-23T00:00:00.000,6,3,3
2016-03-23T01:00:00.000,3,1,2
2016-03-23T02:00:00.000,3,1,2
2016-03-23T03:00:00.000,4,1,3
2016-03-23T04:00:00.000,4,3,1
2016-03-23T05:00:00.000,28,19,9
2016-03-23T06:00:00.000,104,68,36
2016-03-23T07:00:00.000,250,177,73
2016-03-23T08:00:00.000,350,238,112
2016-03-23T09:00:00.000,209,122,87
2016-03-23T10:00:00.000,72,42,30
2016-03-23T11:00:00.000,47,20,27
2016-03-23T12:00:00.000,33,20,13
2016-03-23T13:00:00.000,42,16,26
2016-03-23T14:00:00.000,36,20,16
2016-03-23T15:00:00.000,84,28,56
2016-03-23T16:00:00.000,168,59,109
2016-03-23T17:00:00.000,401,110,291
2016-03-23T18:00:00.000,287,63,224
2016-03-23T19:00:00.000,108,29,79
2016-03-23T20:00:00.000,53,18,35
2016-03-23T21:00:00.000,22,10,12
2016-03-23T22:00:00.000,13,7,6
2016-03-23T23:00:00.000,9,5,4
2016-03-24T00:00:00.000,7,2,5
2016-03-24T01:00:00.000,2,1,1
2016-03-24T02:00:00.000,2,1,1
2016-03-24T03:00:00.000,1,1,0
2016-03-24T04:00:00.000,3,2,1
2016-03-24T05:00:00.000,25,17,8
2016-03-24T06:00:00.000,113,83,30
2016-03-24T07:00:00.000,250,180,70
2016-03-24T08:00:00.000,385,259,126
2016-03-24T09:00:00.000,185,117,68
2016-03-24T10:00:00.000,104,61,43
2016-03-24T11:00:00.000,64,41,23
2016-03-24T12:00:00.000,74,39,35
2016-03-24T13:00:00.000,59,31,28
2016-03-24T14:00:00.000,65,29,36
2016-03-24T15:00:00.000,109,53,56
2016-03-24T16:00:00.000,219,78,141
2016-03-24T17:00:00.000,443,140,303
2016-03-24T18:00:00.000,290,103,187
2016-03-24T19:00:00.000,122,46,76
2016-03-24T20:00:00.000,79,25,54
2016-03-24T21:00:00.000,30,8,22
2016-03-24T22:00:00.000,27,15,12
2016-03-24T23:00:00.000,11,8,3
2016-03-25T00:00:00.000,11,2,9
2016-03-25T01:00:00.000,4,2,2
2016-03-25T02:00:00.000,2,0,2
2016-03-25T03:00:00.000,1,1,0
2016-03-25T04:00:00.000,7,5,2
2016-03-25T05:00:00.000,29,17,12
2016-03-25T06:00:00.000,95,65,30
2016-03-25T07:00:00.000,248,183,65
2016-03-25T08:00:00.000,361,226,135
2016-03-25T09:00:00.000,191,127,64
2016-03-25T10:00:00.000,96,50,46
2016-03-25T11:00:00.000,52,30,22
2016-03-25T12:00:00.000,79,35,44
2016-03-25T13:00:00.000,75,38,37
2016-03-25T14:00:00.000,108,50,58
2016-03-25T15:00:00.000,144,60,84
2016-03-25T16:00:00.000,234,87,147
2016-03-25T17:00:00.000,424,112,312
2016-03-25T18:00:00.000,257,96,161
2016-03-25T19:00:00.000,128,46,82
2016-03-25T20:00:00.000,47,16,31
2016-03-25T21:00:00.000,54,12,42
2016-03-25T22:00:00.000,28,14,14
2016-03-25T23:00:00.000,16,6,10
2016-03-26T00:00:00.000,9,5,4
2016-03-26T01:00:00.000,4,1,3
2016-03-26T02:00:00.000,12,5,7
2016-03-26T03:00:00.000,2,0,2
2016-03-26T04:00:00.000,3,0,3
2016-03-26T05:00:00.000,8,4,4
2016-03-26T06:00:00.000,18,9,9
2016-03-26T07:00:00.000,36,20,16
2016-03-26T08:00:00.000,45,22,23
2016-03-26T09:00:00.000,87,43,44
2016-03-26T10:00:00.000,84,43,41
2016-03-26T11:00:00.000,140,96,44
2016-03-26T12:00:00.000,187,86,101
2016-03-26T13:00:00.000,221,119,102
2016-03-26T14:00:00.000,223,110,113
2016-03-26T15:00:00.000,186,95,91
2016-03-26T16:00:00.000,151,78,73
2016-03-26T17:00:00.000,120,61,59
2016-03-26T18:00:00.000,113,48,65
2016-03-26T19:00:00.000,73,45,28
2016-03-26T20:00:00.000,29,14,15
2016-03-26T21:00:00.000,18,9,9
2016-03-26T22:00:00.000,17,8,9
2016-03-26T23:00:00.000,19,6,13
2016-03-27T00:00:00.000,8,4,4
2016-03-27T01:00:00.000,8,3,5
2016-03-27T02:00:00.000,5,2,3
2016-03-27T03:00:00.000,3,1,2
2016-03-27T04:00:00.000,2,1,1
2016-03-27T05:00:00.000,1,1,0
2016-03-27T06:00:00.000,6,2,4
2016-03-27T07:00:00.000,8,5,3
2016-03-27T08:00:00.000,30,17,13
2016-03-27T09:00:00.000,34,23,11
2016-03-27T10:00:00.000,33,15,18
2016-03-27T11:00:00.000,30,20,10
2016-03-27T12:00:00.000,25,18,7
2016-03-27T13:00:00.000,35,19,16
2016-03-27T14:00:00.000,48,25,23
2016-03-27T15:00:00.000,39,24,15
2016-03-27T16:00:00.000,40,17,23
2016-03-27T17:00:00.000,24,9,15
2016-03-27T18:00:00.000,19,8,11
2016-03-27T19:00:00.000,15,5,10
2016-03-27T20:00:00.000,10,5,5
2016-03-27T21:00:00.000,12,7,5
2016-03-27T22:00:00.000,9,4,5
2016-03-27T23:00:00.000,2,1,1
2016-03-28T00:00:00.000,2,0,2
2016-03-28T01:00:00.000,1,1,0
2016-03-28T02:00:00.000,2,0,2
2016-03-28T03:00:00.000,1,1,0
2016-03-28T04:00:00.000,7,5,2
2016-03-28T05:00:00.000,35,24,11
2016-03-28T06:00:00.000,131,87,44
2016-03-28T07:00:00.000,330,242,88
2016-03-28T08:00:00.000,488,339,149
2016-03-28T09:00:00.000,216,135,81
2016-03-28T10:00:00.000,66,31,35
2016-03-28T11:00:00.000,42,24,18
2016-03-28T12:00:00.000,42,26,16
2016-03-28T13:00:00.000,55,22,33
2016-03-28T14:00:00.000,56,28,28
2016-03-28T15:00:00.000,101,43,58
2016-03-28T16:00:00.000,242,85,157
2016-03-28T17:00:00.000,541,145,396
2016-03-28T18:00:00.000,390,135,255
2016-03-28T19:00:00.000,198,77,121
2016-03-28T20:00:00.000,79,31,48
2016-03-28T21:00:00.000,51,20,31
2016-03-28T22:00:00.000,24,13,11
2016-03-28T23:00:00.000,11,4,7
2016-03-29T00:00:00.000,6,2,4
2016-03-29T01:00:00.000,5,2,3
2016-03-29T02:00:00.000,2,2,0
2016-03-29T03:00:00.000,2,0,2
2016-03-29T04:00:00.000,8,3,5
2016-03-29T05:00:00.000,36,23,13
2016-03-29T06:00:00.000,152,100,52
2016-03-29T07:00:00.000,395,286,109
2016-03-29T08:00:00.000,544,372,172
2016-03-29T09:00:00.000,273,156,117
2016-03-29T10:00:00.000,109,52,57
2016-03-29T11:00:00.000,81,47,34
2016-03-29T12:00:00.000,100,53,47
2016-03-29T13:00:00.000,94,58,36
2016-03-29T14:00:00.000,89,45,44
2016-03-29T15:00:00.000,175,86,89
2016-03-29T16:00:00.000,323,119,204
2016-03-29T17:00:00.000,649,194,455
2016-03-29T18:00:00.000,447,147,300
2016-03-29T19:00:00.000,224,101,123
2016-03-29T20:00:00.000,108,36,72
2016-03-29T21:00:00.000,61,25,36
2016-03-29T22:00:00.000,31,11,20
2016-03-29T23:00:00.000,12,4,8
2016-03-30T00:00:00.000,7,5,2
2016-03-30T01:00:00.000,4,1,3
2016-03-30T02:00:00.000,6,3,3
2016-03-30T03:00:00.000,3,2,1
2016-03-30T04:00:00.000,8,6,2
2016-03-30T05:00:00.000,38,24,14
2016-03-30T06:00:00.000,151,102,49
2016-03-30T07:00:00.000,432,315,117
2016-03-30T08:00:00.000,518,365,153
2016-03-30T09:00:00.000,297,172,125
2016-03-30T10:00:00.000,103,60,43
2016-03-30T11:00:00.000,121,64,57
2016-03-30T12:00:00.000,97,51,46
2016-03-30T13:00:00.000,95,49,46
2016-03-30T14:00:00.000,114,55,59
2016-03-30T15:00:00.000,170,79,91
2016-03-30T16:00:00.000,353,124,229
2016-03-30T17:00:00.000,726,262,464
2016-03-30T18:00:00.000,530,193,337
2016-03-30T19:00:00.000,249,94,155
2016-03-30T20:00:00.000,120,59,61
2016-03-30T21:00:00.000,86,42,44
2016-03-30T22:00:00.000,46,19,27
2016-03-30T23:00:00.000,27,12,15
2016-03-31T00:00:00.000,14,5,9
2016-03-31T01:00:00.000,3,2,1
2016-03-31T02:00:00.000,1,0,1
2016-03-31T03:00:00.000,2,1,1
2016-03-31T04:00:00.000,6,3,3
2016-03-31T05:00:00.000,40,30,10
2016-03-31T06:00:00.000,139,95,44
2016-03-31T07:00:00.000,438,323,115
2016-03-31T08:00:00.000,527,359,168
2016-03-31T09:00:00.000,298,174,124
2016-03-31T10:00:00.000,144,76,68
2016-03-31T11:00:00.000,97,61,36
2016-03-31T12:00:00.000,114,64,50
2016-03-31T13:00:00.000,105,53,52
2016-03-31T14:00:00.000,125,63,62
2016-03-31T15:00:00.000,170,84,86
2016-03-31T16:00:00.000,369,120,249
2016-03-31T17:00:00.000,658,198,460
2016-03-31T18:00:00.000,486,180,306
2016-03-31T19:00:00.000,225,102,123
2016-03-31T20:00:00.000,105,49,56
2016-03-31T21:00:00.000,65,31,34
2016-03-31T22:00:00.000,41,21,20
2016-03-31T23:00:00.000,26,10,16
2016-04-01T00:00:00.000,13,6,7
2016-04-01T01:00:00.000,8,5,3
2016-04-01T02:00:00.000,6,4,2
2016-04-01T03:00:00.000,5,2,3
2016-04-01T04:00:00.000,2,0,2
2016-04-01T05:00:00.000,35,22,13
2016-04-01T06:00:00.000,137,94,43
2016-04-01T07:00:00.000,362,256,106
2016-04-01T08:00:00.000,499,346,153
2016-04-01T09:00:00.000,243,150,93
2016-04-01T10:00:00.000,140,77,63
2016-04-01T11:00:00.000,98,54,44
2016-04-01T12:00:00.000,130,72,58
2016-04-01T13:00:00.000,117,49,68
2016-04-01T14:00:00.000,173,83,90
2016-04-01T15:00:00.000,210,96,114
2016-04-01T16:00:00.000,431,158,273
2016-04-01T17:00:00.000,602,178,424
2016-04-01T18:00:00.000,316,113,203
2016-04-01T19:00:00.000,181,74,107
2016-04-01T20:00:00.000,80,28,52
2016-04-01T21:00:00.000,51,22,29
2016-04-01T22:00:00.000,37,22,15
2016-04-01T23:00:00.000,40,17,23
2016-04-02T00:00:00.000,23,11,12
2016-04-02T01:00:00.000,11,7,4
2016-04-02T02:00:00.000,5,2,3
2016-04-02T03:00:00.000,1,0,1
2016-04-02T04:00:00.000,2,1,1
2016-04-02T05:00:00.000,8,5,3
2016-04-02T06:00:00.000,30,13,17
2016-04-02T07:00:00.000,34,16,18
2016-04-02T08:00:00.000,61,36,25
2016-04-02T09:00:00.000,95,50,45
2016-04-02T10:00:00.000,115,56,59
2016-04-02T11:00:00.000,133,58,75
2016-04-02T12:00:00.000,172,99,73
2016-04-02T13:00:00.000,159,91,68
2016-04-02T14:00:00.000,174,97,77
2016-04-02T15:00:00.000,239,118,121
2016-04-02T16:00:00.000,168,91,77
2016-04-02T17:00:00.000,169,76,93
2016-04-02T18:00:00.000,135,87,48
2016-04-02T19:00:00.000,79,30,49
2016-04-02T20:00:00.000,62,29,33
2016-04-02T21:00:00.000,39,22,17
2016-04-02T22:00:00.000,27,12,15
2016-04-02T23:00:00.000,27,7,20
2016-04-03T00:00:00.000,16,7,9
2016-04-03T01:00:00.000,5,3,2
2016-04-03T02:00:00.000,7,3,4
2016-04-03T03:00:00.000,4,2,2
2016-04-03T04:00:00.000,2,1,1
2016-04-03T05:00:00.000,11,3,8
2016-04-03T06:00:00.000,93,26,67
2016-04-03T07:00:00.000,101,32,69
2016-04-03T08:00:00.000,62,40,22
2016-04-03T09:00:00.000,111,69,42
2016-04-03T10:00:00.000,185,121,64
2016-04-03T11:00:00.000,183,112,71
2016-04-03T12:00:00.000,171,113,58
2016-04-03T13:00:00.000,231,125,106
2016-04-03T14:00:00.000,178,96,82
2016-04-03T15:00:00.000,201,102,99
2016-04-03T16:00:00.000,173,96,77
2016-04-03T17:00:00.000,153,81,72
2016-04-03T18:00:00.000,90,51,39
2016-04-03T19:00:00.000,63,32,31
2016-04-03T20:00:00.000,52,26,26
2016-04-03T21:00:00.000,17,9,8
2016-04-03T22:00:00.000,14,4,10
2016-04-03T23:00:00.000,4,4,0
2016-04-04T00:00:00.000,1,1,0
2016-04-04T01:00:00.000,1,0,1
2016-04-04T02:00:00.000,1,0,1
2016-04-04T03:00:00.000,0,0,0
2016-04-04T04:00:00.000,4,3,1
2016-04-04T05:00:00.000,30,22,8
2016-04-04T06:00:00.000,110,68,42
2016-04-04T07:00:00.000,300,221,79
2016-04-04T08:00:00.000,439,312,127
2016-04-04T09:00:00.000,216,132,84
2016-04-04T10:00:00.000,98,47,51
2016-04-04T11:00:00.000,49,24,25
2016-04-04T12:00:00.000,57,34,23
2016-04-04T13:00:00.000,52,31,21
2016-04-04T14:00:00.000,55,26,29
2016-04-04T15:00:00.000,81,35,46
2016-04-04T16:00:00.000,199,66,133
2016-04-04T17:00:00.000,497,131,366
2016-04-04T18:00:00.000,304,109,195
2016-04-04T19:00:00.000,152,51,101
2016-04-04T20:00:00.000,70,33,37
2016-04-04T21:00:00.000,46,20,26
2016-04-04T22:00:00.000,31,18,13
2016-04-04T23:00:00.000,11,3,8
2016-04-05T00:00:00.000,6,3,3
2016-04-05T01:00:00.000,4,1,3
2016-04-05T02:00:00.000,3,2,1
2016-04-05T03:00:00.000,1,0,1
2016-04-05T04:00:00.000,8,5,3
2016-04-05T05:00:00.000,42,30,12
2016-04-05T06:00:00.000,137,95,42
2016-04-05T07:00:00.000,413,295,118
2016-04-05T08:00:00.000,527,368,159
2016-04-05T09:00:00.000,257,150,107
2016-04-05T10:00:00.000,96,56,40
2016-04-05T11:00:00.000,77,42,35
2016-04-05T12:00:00.000,67,34,33
2016-04-05T13:00:00.000,61,28,33
2016-04-05T14:00:00.000,83,38,45
2016-04-05T15:00:00.000,122,56,66
2016-04-05T16:00:00.000,291,104,187
2016-04-05T17:00:00.000,600,167,433
2016-04-05T18:00:00.000,386,126,260
2016-04-05T19:00:00.000,192,69,123
2016-04-05T20:00:00.000,94,31,63
2016-04-05T21:00:00.000,42,24,18
2016-04-05T22:00:00.000,23,7,16
2016-04-05T23:00:00.000,12,6,6
2016-04-06T00:00:00.000,6,0,6
2016-04-06T01:00:00.000,6,2,4
2016-04-06T02:00:00.000,3,0,3
2016-04-06T03:00:00.000,2,1,1
2016-04-06T04:00:00.000,9,5,4
2016-04-06T05:00:00.000,42,29,13
2016-04-06T06:00:00.000,136,100,36
2016-04-06T07:00:00.000,457,330,127
2016-04-06T08:00:00.000,541,380,161
2016-04-06T09:00:00.000,255,141,114
2016-04-06T10:00:00.000,143,77,66
2016-04-06T11:00:00.000,87,49,38
2016-04-06T12:00:00.000,105,57,48
2016-04-06T13:00:00.000,77,36,41
2016-04-06T14:00:00.000,110,59,51
2016-04-06T15:00:00.000,182,83,99
2016-04-06T16:00:00.000,367,143,224
2016-04-06T17:00:00.000,730,228,502
2016-04-06T18:00:00.000,503,180,323
2016-04-06T19:00:00.000,225,80,145
2016-04-06T20:00:00.000,111,51,60
2016-04-06T21:00:00.000,66,38,28
2016-04-06T22:00:00.000,32,18,14
2016-04-06T23:00:00.000,25,13,12
2016-04-07T00:00:00.000,7,3,4
2016-04-07T01:00:00.000,6,3,3
2016-04-07T02:00:00.000,2,1,1
2016-04-07T03:00:00.000,2,1,1
2016-04-07T04:00:00.000,8,4,4
2016-04-07T05:00:00.000,48,32,16
2016-04-07T06:00:00.000,171,123,48
2016-04-07T07:00:00.000,446,332,114
2016-04-07T08:00:00.000,581,413,168
2016-04-07T09:00:00.000,262,153,109
2016-04-07T10:00:00.000,128,70,58
2016-04-07T11:00:00.000,121,65,56
2016-04-07T12:00:00.000,124,68,56
2016-04-07T13:00:00.000,119,65,54
2016-04-07T14:00:00.000,139,70,69
2016-04-07T15:00:00.000,208,93,115
2016-04-07T16:00:00.000,444,157,287
2016-04-07T17:00:00.000,724,224,500
2016-04-07T18:00:00.000,504,184,320
2016-04-07T19:00:00.000,256,93,163
2016-04-07T20:00:00.000,127,56,71
2016-04-07T21:00:00.000,80,38,42
2016-04-07T22:00:00.000,41,21,20
2016-04-07T23:00:00.000,35,16,19
2016-04-08T00:00:00.000,18,11,7
2016-04-08T01:00:00.000,7,1,6
2016-04-08T02:00:00.000,5,5,0
2016-04-08T03:00:00.000,1,1,0
2016-04-08T04:00:00.000,10,5,5
2016-04-08T05:00:00.000,44,34,10
2016-04-08T06:00:00.000,129,91,38
2016-04-08T07:00:00.000,377,265,112
2016-04-08T08:00:00.000,483,335,148
2016-04-08T09:00:00.000,298,175,123
2016-04-08T10:00:00.000,136,71,65
2016-04-08T11:00:00.000,96,52,44
2016-04-08T12:00:00.000,107,55,52
2016-04-08T13:00:00.000,113,53,60
2016-04-08T14:00:00.000,125,66,59
2016-04-08T15:00:00.000,184,74,110
2016-04-08T16:00:00.000,375,133,242
2016-04-08T17:00:00.000,622,187,435
2016-04-08T18:00:00.000,344,121,223
2016-04-08T19:00:00.000,172,71,101
2016-04-08T20:00:00.000,117,59,58
2016-04-08T21:00:00.000,55,26,29
2016-04-08T22:00:00.000,36,13,23
2016-04-08T23:00:00.000,29,17,12
2016-04-09T00:00:00.000,23,8,15
2016-04-09T01:00:00.000,18,7,11
2016-04-09T02:00:00.000,7,5,2
2016-04-09T03:00:00.000,1,1,0
2016-04-09T04:00:00.000,4,0,4
2016-04-09T05:00:00.000,8,5,3
2016-04-09T06:00:00.000,17,9,8
2016-04-09T07:00:00.000,59,27,32
2016-04-09T08:00:00.000,97,50,47
2016-04-09T09:00:00.000,129,73,56
2016-04-09T10:00:00.000,139,66,73
2016-04-09T11:00:00.000,146,78,68
2016-04-09T12:00:00.000,218,131,87
2016-04-09T13:00:00.000,210,109,101
2016-04-09T14:00:00.000,215,118,97
2016-04-09T15:00:00.000,215,128,87
2016-04-09T16:00:00.000,239,147,92
2016-04-09T17:00:00.000,177,83,94
2016-04-09T18:00:00.000,150,82,68
2016-04-09T19:00:00.000,106,60,46
2016-04-09T20:00:00.000,51,24,27
2016-04-09T21:00:00.000,60,34,26
2016-04-09T22:00:00.000,30,13,17
2016-04-09T23:00:00.000,28,12,16
2016-04-10T00:00:00.000,25,10,15
2016-04-10T01:00:00.000,13,5,8
2016-04-10T02:00:00.000,10,1,9
2016-04-10T03:00:00.000,2,0,2
2016-04-10T04:00:00.000,3,1,2
2016-04-10T05:00:00.000,7,5,2
2016-04-10T06:00:00.000,8,3,5
2016-04-10T07:00:00.000,28,16,12
2016-04-10T08:00:00.000,55,27,28
2016-04-10T09:00:00.000,82,39,43
2016-04-10T10:00:00.000,103,54,49
2016-04-10T11:00:00.000,156,74,82
2016-04-10T12:00:00.000,146,90,56
2016-04-10T13:00:00.000,150,77,73
2016-04-10T14:00:00.000,147,83,64
2016-04-10T15:00:00.000,136,79,57
2016-04-10T16:00:00.000,145,72,73
2016-04-10T17:00:00.000,147,80,67
2016-04-10T18:00:00.000,103,49,54
2016-04-10T19:00:00.000,64,31,33
2016-04-10T20:00:00.000,27,18,9
2016-04-10T21:00:00.000,19,11,8
2016-04-10T22:00:00.000,22,11,11
2016-04-10T23:00:00.000,5,2,3
2016-04-11T00:00:00.000,4,0,4
2016-04-11T01:00:00.000,3,1,2
2016-04-11T02:00:00.000,3,1,2
2016-04-11T03:00:00.000,1,1,0
2016-04-11T04:00:00.000,3,2,1
2016-04-11T05:00:00.000,35,25,10
2016-04-11T06:00:00.000,116,79,37
2016-04-11T07:00:00.000,335,233,102
2016-04-11T08:00:00.000,480,307,173
2016-04-11T09:00:00.000,264,158,106
2016-04-11T10:00:00.000,91,47,44
2016-04-11T11:00:00.000,58,28,30
2016-04-11T12:00:00.000,60,40,20
2016-04-11T13:00:00.000,64,26,38
2016-04-11T14:00:00.000,83,49,34
2016-04-11T15:00:00.000,127,59,68
2016-04-11T16:00:00.000,260,100,160
2016-04-11T17:00:00.000,543,158,385
2016-04-11T18:00:00.000,363,109,254
2016-04-11T19:00:00.000,162,73,89
2016-04-11T20:00:00.000,81,22,59
2016-04-11T21:00:00.000,38,13,25
2016-04-11T22:00:00.000,30,13,17
2016-04-11T23:00:00.000,21,10,11
2016-04-12T00:00:00.000,8,3,5
2016-04-12T01:00:00.000,3,2,1
2016-04-12T02:00:00.000,3,3,0
2016-04-12T03:00:00.000,2,1,1
2016-04-12T04:00:00.000,7,3,4
2016-04-12T05:00:00.000,34,26,8
2016-04-12T06:00:00.000,112,72,40
2016-04-12T07:00:00.000,288,192,96
2016-04-12T08:00:00.000,402,282,120
2016-04-12T09:00:00.000,219,125,94
2016-04-12T10:00:00.000,98,57,41
2016-04-12T11:00:00.000,68,35,33
2016-04-12T12:00:00.000,75,46,29
2016-04-12T13:00:00.000,64,36,28
2016-04-12T14:00:00.000,57,17,40
2016-04-12T15:00:00.000,88,43,45
2016-04-12T16:00:00.000,143,50,93
2016-04-12T17:00:00.000,325,88,237
2016-04-12T18:00:00.000,275,75,200
2016-04-12T19:00:00.000,112,30,82
2016-04-12T20:00:00.000,65,21,44
2016-04-12T21:00:00.000,32,15,17
2016-04-12T22:00:00.000,17,7,10
2016-04-12T23:00:00.000,6,2,4
2016-04-13T00:00:00.000,5,3,2
2016-04-13T01:00:00.000,4,3,1
2016-04-13T02:00:00.000,1,1,0
2016-04-13T03:00:00.000,1,1,0
2016-04-13T04:00:00.000,3,2,1
2016-04-13T05:00:00.000,26,18,8
2016-04-13T06:00:00.000,112,68,44
2016-04-13T07:00:00.000,271,189,82
2016-04-13T08:00:00.000,369,263,106
2016-04-13T09:00:00.000,212,121,91
2016-04-13T10:00:00.000,78,43,35
2016-04-13T11:00:00.000,74,37,37
2016-04-13T12:00:00.000,66,37,29
2016-04-13T13:00:00.000,77,40,37
2016-04-13T14:00:00.000,63,33,30
2016-04-13T15:00:00.000,99,39,60
2016-04-13T16:00:00.000,229,78,151
2016-04-13T17:00:00.000,505,136,369
2016-04-13T18:00:00.000,359,130,229
2016-04-13T19:00:00.000,176,62,114
2016-04-13T20:00:00.000,106,45,61
2016-04-13T21:00:00.000,60,23,37
2016-04-13T22:00:00.000,26,8,18
2016-04-13T23:00:00.000,16,7,9
2016-04-14T00:00:00.000,10,3,7
2016-04-14T01:00:00.000,3,1,2
2016-04-14T02:00:00.000,3,1,2
2016-04-14T03:00:00.000,0,0,0
2016-04-14T04:00:00.000,3,2,1
2016-04-14T05:00:00.000,33,22,11
2016-04-14T06:00:00.000,109,76,33
2016-04-14T07:00:00.000,305,221,84
2016-04-14T08:00:00.000,425,305,120
2016-04-14T09:00:00.000,227,136,91
2016-04-14T10:00:00.000,100,59,41
2016-04-14T11:00:00.000,77,35,42
2016-04-14T12:00:00.000,76,39,37
2016-04-14T13:00:00.000,81,42,39
2016-04-14T14:00:00.000,87,46,41
2016-04-14T15:00:00.000,150,73,77
2016-04-14T16:00:00.000,275,92,183
2016-04-14T17:00:00.000,531,166,365
2016-04-14T18:00:00.000,375,154,221
2016-04-14T19:00:00.000,169,61,108
2016-04-14T20:00:00.000,98,38,60
2016-04-14T21:00:00.000,52,23,29
2016-04-14T22:00:00.000,28,10,18
2016-04-14T23:00:00.000,24,17,7
2016-04-15T00:00:00.000,9,5,4
2016-04-15T01:00:00.000,7,2,5
2016-04-15T02:00:00.000,3,1,2
2016-04-15T03:00:00.000,0,0,0
2016-04-15T04:00:00.000,6,3,3
2016-04-15T05:00:00.000,34,24,10
2016-04-15T06:00:00.000,102,71,31
2016-04-15T07:00:00.000,281,191,90
2016-04-15T08:00:00.000,361,242,119
2016-04-15T09:00:00.000,217,138,79
2016-04-15T10:00:00.000,101,60,41
2016-04-15T11:00:00.000,96,44,52
2016-04-15T12:00:00.000,78,43,35
2016-04-15T13:00:00.000,79,39,40
2016-04-15T14:00:00.000,98,41,57
2016-04-15T15:00:00.000,151,68,83
2016-04-15T16:00:00.000,255,95,160
2016-04-15T17:00:00.000,438,125,313
2016-04-15T18:00:00.000,243,76,167
2016-04-15T19:00:00.000,147,58,89
2016-04-15T20:00:00.000,60,26,34
2016-04-15T21:00:00.000,46,25,21
2016-04-15T22:00:00.000,30,16,14
2016-04-15T23:00:00.000,26,9,17
2016-04-16T00:00:00.000,13,10,3
2016-04-16T01:00:00.000,6,3,3
2016-04-16T02:00:00.000,2,2,0
2016-04-16T03:00:00.000,2,0,2
2016-04-16T04:00:00.000,4,0,4
2016-04-16T05:00:00.000,17,10,7
2016-04-16T06:00:00.000,16,12,4
2016-04-16T07:00:00.000,49,22,27
2016-04-16T08:00:00.000,111,59,52
2016-04-16T09:00:00.000,109,49,60
2016-04-16T10:00:00.000,154,88,66
2016-04-16T11:00:00.000,207,112,95
2016-04-16T12:00:00.000,213,126,87
2016-04-16T13:00:00.000,195,114,81
2016-04-16T14:00:00.000,209,121,88
2016-04-16T15:00:00.000,207,119,88
2016-04-16T16:00:00.000,175,85,90
2016-04-16T17:00:00.000,172,92,80
2016-04-16T18:00:00.000,161,84,77
2016-04-16T19:00:00.000,86,36,50
2016-04-16T20:00:00.000,67,34,33
2016-04-16T21:00:00.000,56,21,35
2016-04-16T22:00:00.000,38,14,24
2016-04-16T23:00:00.000,12,4,8
2016-04-17T00:00:00.000,17,5,12
2016-04-17T01:00:00.000,8,4,4
2016-04-17T02:00:00.000,10,6,4
2016-04-17T03:00:00.000,5,3,2
2016-04-17T04:00:00.000,2,0,2
2016-04-17T05:00:00.000,7,3,4
2016-04-17T06:00:00.000,11,7,4
2016-04-17T07:00:00.000,37,21,16
2016-04-17T08:00:00.000,76,50,26
2016-04-17T09:00:00.000,102,49,53
2016-04-17T10:00:00.000,120,54,66
2016-04-17T11:00:00.000,217,115,102
2016-04-17T12:00:00.000,174,83,91
2016-04-17T13:00:00.000,269,155,114
2016-04-17T14:00:00.000,231,124,107
2016-04-17T15:00:00.000,200,116,84
2016-04-17T16:00:00.000,203,112,91
2016-04-17T17:00:00.000,172,76,96
2016-04-17T18:00:00.000,141,78,63
2016-04-17T19:00:00.000,83,56,27
2016-04-17T20:00:00.000,72,40,32
2016-04-17T21:00:00.000,32,19,13
2016-04-17T22:00:00.000,17,8,9
2016-04-17T23:00:00.000,17,9,8
2016-04-18T00:00:00.000,9,0,9
2016-04-18T01:00:00.000,5,1,4
2016-04-18T02:00:00.000,4,0,4
2016-04-18T03:00:00.000,1,1,0
2016-04-18T04:00:00.000,5,4,1
2016-04-18T05:00:00.000,38,22,16
2016-04-18T06:00:00.000,169,113,56
2016-04-18T07:00:00.000,496,363,133
2016-04-18T08:00:00.000,632,447,185
2016-04-18T09:00:00.000,271,170,101
2016-04-18T10:00:00.000,135,75,60
2016-04-18T11:00:00.000,95,48,47
2016-04-18T12:00:00.000,103,50,53
2016-04-18T13:00:00.000,110,40,70
2016-04-18T14:00:00.000,118,63,55
2016-04-18T15:00:00.000,182,95,87
2016-04-18T16:00:00.000,371,131,240
2016-04-18T17:00:00.000,813,220,593
2016-04-18T18:00:00.000,594,209,385
2016-04-18T19:00:00.000,265,89,176
2016-04-18T20:00:00.000,135,71,64
2016-04-18T21:00:00.000,64,23,41
2016-04-18T22:00:00.000,48,29,19
2016-04-18T23:00:00.000,15,7,8
2016-04-19T00:00:00.000,10,2,8
2016-04-19T01:00:00.000,5,2,3
2016-04-19T02:00:00.000,4,1,3
2016-04-19T03:00:00.000,3,0,3
2016-04-19T04:00:00.000,8,4,4
2016-04-19T05:00:00.000,49,32,17
2016-04-19T06:00:00.000,179,124,55
2016-04-19T07:00:00.000,539,396,143
2016-04-19T08:00:00.000,656,455,201
2016-04-19T09:00:00.000,317,188,129
2016-04-19T10:00:00.000,128,83,45
2016-04-19T11:00:00.000,98,58,40
2016-04-19T12:00:00.000,114,53,61
2016-04-19T13:00:00.000,112,52,60
2016-04-19T14:00:00.000,132,59,73
2016-04-19T15:00:00.000,206,100,106
2016-04-19T16:00:00.000,382,126,256
2016-04-19T17:00:00.000,816,248,568
2016-04-19T18:00:00.000,523,180,343
2016-04-19T19:00:00.000,251,114,137
2016-04-19T20:00:00.000,183,85,98
2016-04-19T21:00:00.000,90,46,44
2016-04-19T22:00:00.000,45,14,31
2016-04-19T23:00:00.000,27,13,14
2016-04-20T00:00:00.000,9,2,7
2016-04-20T01:00:00.000,8,5,3
2016-04-20T02:00:00.000,5,2,3
2016-04-20T03:00:00.000,4,3,1
2016-04-20T04:00:00.000,9,5,4
2016-04-20T05:00:00.000,53,38,15
2016-04-20T06:00:00.000,272,202,70
2016-04-20T07:00:00.000,486,343,143
2016-04-20T08:00:00.000,601,396,205
2016-04-20T09:00:00.000,327,184,143
2016-04-20T10:00:00.000,121,61,60
2016-04-20T11:00:00.000,99,51,48
2016-04-20T12:00:00.000,112,54,58
2016-04-20T13:00:00.000,103,49,54
2016-04-20T14:00:00.000,136,72,64
2016-04-20T15:00:00.000,181,82,99
2016-04-20T16:00:00.000,378,128,250
2016-04-20T17:00:00.000,783,259,524
2016-04-20T18:00:00.000,512,189,323
2016-04-20T19:00:00.000,271,115,156
2016-04-20T20:00:00.000,152,75,77
2016-04-20T21:00:00.000,85,44,41
2016-04-20T22:00:00.000,57,23,34
2016-04-20T23:00:00.000,22,9,13
2016-04-21T00:00:00.000,14,6,8
2016-04-21T01:00:00.000,5,1,4
2016-04-21T02:00:00.000,4,1,3
2016-04-21T03:00:00.000,0,0,0
2016-04-21T04:00:00.000,7,5,2
2016-04-21T05:00:00.000,47,28,19
2016-04-21T06:00:00.000,146,96,50
2016-04-21T07:00:00.000,493,352,141
2016-04-21T08:00:00.000,552,387,165
2016-04-21T09:00:00.000,284,172,112
2016-04-21T10:00:00.000,113,68,45
2016-04-21T11:00:00.000,92,53,39
2016-04-21T12:00:00.000,88,49,39
2016-04-21T13:00:00.000,94,50,44
2016-04-21T14:00:00.000,114,58,56
2016-04-21T15:00:00.000,180,73,107
2016-04-21T16:00:00.000,356,133,223
2016-04-21T17:00:00.000,687,226,461
2016-04-21T18:00:00.000,498,179,319
2016-04-21T19:00:00.000,216,92,124
2016-04-21T20:00:00.000,124,49,75
2016-04-21T21:00:00.000,79,38,41
2016-04-21T22:00:00.000,57,27,30
2016-04-21T23:00:00.000,26,16,10
2016-04-22T00:00:00.000,18,11,7
2016-04-22T01:00:00.000,9,7,2
2016-04-22T02:00:00.000,2,0,2
2016-04-22T03:00:00.000,2,0,2
2016-04-22T04:00:00.000,7,3,4
2016-04-22T05:00:00.000,31,18,13
2016-04-22T06:00:00.000,110,74,36
2016-04-22T07:00:00.000,292,211,81
2016-04-22T08:00:00.000,408,290,118
2016-04-22T09:00:00.000,207,135,72
2016-04-22T10:00:00.000,114,57,57
2016-04-22T11:00:00.000,66,35,31
2016-04-22T12:00:00.000,64,28,36
2016-04-22T13:00:00.000,65,35,30
2016-04-22T14:00:00.000,77,36,41
2016-04-22T15:00:00.000,120,49,71
2016-04-22T16:00:00.000,222,72,150
2016-04-22T17:00:00.000,411,125,286
2016-04-22T18:00:00.000,236,84,152
2016-04-22T19:00:00.000,125,43,82
2016-04-22T20:00:00.000,48,17,31
2016-04-22T21:00:00.000,47,23,24
2016-04-22T22:00:00.000,21,8,13
2016-04-22T23:00:00.000,16,6,10
2016-04-23T00:00:00.000,17,12,5
2016-04-23T01:00:00.000,1,0,1
2016-04-23T02:00:00.000,6,3,3
2016-04-23T03:00:00.000,5,1,4
2016-04-23T04:00:00.000,2,0,2
2016-04-23T05:00:00.000,8,6,2
2016-04-23T06:00:00.000,8,2,6
2016-04-23T07:00:00.000,37,21,16
2016-04-23T08:00:00.000,81,39,42
2016-04-23T09:00:00.000,166,122,44
2016-04-23T10:00:00.000,135,85,50
2016-04-23T11:00:00.000,119,75,44
2016-04-23T12:00:00.000,146,81,65
2016-04-23T13:00:00.000,169,88,81
2016-04-23T14:00:00.000,154,92,62
2016-04-23T15:00:00.000,143,67,76
2016-04-23T16:00:00.000,135,71,64
2016-04-23T17:00:00.000,108,60,48
2016-04-23T18:00:00.000,71,26,45
2016-04-23T19:00:00.000,54,33,21
2016-04-23T20:00:00.000,39,18,21
2016-04-23T21:00:00.000,19,8,11
2016-04-23T22:00:00.000,23,15,8
2016-04-23T23:00:00.000,25,10,15
2016-04-24T00:00:00.000,8,6,2
2016-04-24T01:00:00.000,6,2,4
2016-04-24T02:00:00.000,5,3,2
2016-04-24T03:00:00.000,0,0,0
2016-04-24T04:00:00.000,5,0,5
2016-04-24T05:00:00.000,2,1,1
2016-04-24T06:00:00.000,11,4,7
2016-04-24T07:00:00.000,22,15,7
2016-04-24T08:00:00.000,39,20,19
2016-04-24T09:00:00.000,28,13,15
2016-04-24T10:00:00.000,18,10,8
2016-04-24T11:00:00.000,26,15,11
2016-04-24T12:00:00.000,22,10,12
2016-04-24T13:00:00.000,21,12,9
2016-04-24T14:00:00.000,39,25,14
2016-04-24T15:00:00.000,38,17,21
2016-04-24T16:00:00.000,38,25,13
2016-04-24T17:00:00.000,46,26,20
2016-04-24T18:00:00.000,31,18,13
2016-04-24T19:00:00.000,16,6,10
2016-04-24T20:00:00.000,16,9,7
2016-04-24T21:00:00.000,8,2,6
2016-04-24T22:00:00.000,13,7,6
2016-04-24T23:00:00.000,5,3,2
2016-04-25T00:00:00.000,5,2,3
2016-04-25T01:00:00.000,1,0,1
2016-04-25T02:00:00.000,1,0,1
2016-04-25T03:00:00.000,0,0,0
2016-04-25T04:00:00.000,7,5,2
2016-04-25T05:00:00.000,36,25,11
2016-04-25T06:00:00.000,109,74,35
2016-04-25T07:00:00.000,267,184,83
2016-04-25T08:00:00.000,395,275,120
2016-04-25T09:00:00.000,234,157,77
2016-04-25T10:00:00.000,81,45,36
2016-04-25T11:00:00.000,40,20,20
2016-04-25T12:00:00.000,61,39,22
2016-04-25T13:00:00.000,69,40,29
2016-04-25T14:00:00.000,63,28,35
2016-04-25T15:00:00.000,135,68,67
2016-04-25T16:00:00.000,229,90,139
2016-04-25T17:00:00.000,516,166,350
2016-04-25T18:00:00.000,355,138,217
2016-04-25T19:00:00.000,161,70,91
2016-04-25T20:00:00.000,74,35,39
2016-04-25T21:00:00.000,31,14,17
2016-04-25T22:00:00.000,33,19,14
2016-04-25T23:00:00.000,26,15,11
2016-04-26T00:00:00.000,11,6,5
2016-04-26T01:00:00.000,5,1,4
2016-04-26T02:00:00.000,4,3,1
2016-04-26T03:00:00.000,3,2,1
2016-04-26T04:00:00.000,8,5,3
2016-04-26T05:00:00.000,36,26,10
2016-04-26T06:00:00.000,167,114,53
2016-04-26T07:00:00.000,444,317,127
2016-04-26T08:00:00.000,571,396,175
2016-04-26T09:00:00.000,268,162,106
2016-04-26T10:00:00.000,115,61,54
2016-04-26T11:00:00.000,83,41,42
2016-04-26T12:00:00.000,92,49,43
2016-04-26T13:00:00.000,72,37,35
2016-04-26T14:00:00.000,109,53,56
2016-04-26T15:00:00.000,158,75,83
2016-04-26T16:00:00.000,324,112,212
2016-04-26T17:00:00.000,703,195,508
2016-04-26T18:00:00.000,476,148,328
2016-04-26T19:00:00.000,227,86,141
2016-04-26T20:00:00.000,119,49,70
2016-04-26T21:00:00.000,56,24,32
2016-04-26T22:00:00.000,49,23,26
2016-04-26T23:00:00.000,18,8,10
2016-04-27T00:00:00.000,10,4,6
2016-04-27T01:00:00.000,3,2,1
2016-04-27T02:00:00.000,4,3,1
2016-04-27T03:00:00.000,1,1,0
2016-04-27T04:00:00.000,10,8,2
2016-04-27T05:00:00.000,37,25,12
2016-04-27T06:00:00.000,168,112,56
2016-04-27T07:00:00.000,392,278,114
2016-04-27T08:00:00.000,537,351,186
2016-04-27T09:00:00.000,256,158,98
2016-04-27T10:00:00.000,110,77,33
2016-04-27T11:00:00.000,82,43,39
2016-04-27T12:00:00.000,70,31,39
2016-04-27T13:00:00.000,81,40,41
2016-04-27T14:00:00.000,99,43,56
2016-04-27T15:00:00.000,127,61,66
2016-04-27T16:00:00.000,310,114,196
2016-04-27T17:00:00.000,599,193,406
2016-04-27T18:00:00.000,466,175,291
2016-04-27T19:00:00.000,193,74,119
2016-04-27T20:00:00.000,109,46,63
2016-04-27T21:00:00.000,71,28,43
2016-04-27T22:00:00.000,39,19,20
2016-04-27T23:00:00.000,19,13,6
2016-04-28T00:00:00.000,16,13,3
2016-04-28T01:00:00.000,4,3,1
2016-04-28T02:00:00.000,4,1,3
2016-04-28T03:00:00.000,2,2,0
2016-04-28T04:00:00.000,8,4,4
2016-04-28T05:00:00.000,33,21,12
2016-04-28T06:00:00.000,159,106,53
2016-04-28T07:00:00.000,404,291,113
2016-04-28T08:00:00.000,526,365,161
2016-04-28T09:00:00.000,261,154,107
2016-04-28T10:00:00.000,129,80,49
2016-04-28T11:00:00.000,82,34,48
2016-04-28T12:00:00.000,81,33,48
2016-04-28T13:00:00.000,84,45,39
2016-04-28T14:00:00.000,109,43,66
2016-04-28T15:00:00.000,145,62,83
2016-04-28T16:00:00.000,338,118,220
2016-04-28T17:00:00.000,637,173,464
2016-04-28T18:00:00.000,426,143,283
2016-04-28T19:00:00.000,204,65,139
2016-04-28T20:00:00.000,95,35,60
2016-04-28T21:00:00.000,61,28,33
2016-04-28T22:00:00.000,33,15,18
2016-04-28T23:00:00.000,29,15,14
2016-04-29T00:00:00.000,16,5,11
2016-04-29T01:00:00.000,5,4,1
2016-04-29T02:00:00.000,2,1,1
2016-04-29T03:00:00.000,3,0,3
2016-04-29T04:00:00.000,8,4,4
2016-04-29T05:00:00.000,33,21,12
2016-04-29T06:00:00.000,124,89,35
2016-04-29T07:00:00.000,307,225,82
2016-04-29T08:00:00.000,370,246,124
2016-04-29T09:00:00.000,209,128,81
2016-04-29T10:00:00.000,82,40,42
2016-04-29T11:00:00.000,59,33,26
2016-04-29T12:00:00.000,50,28,22
2016-04-29T13:00:00.000,60,22,38
2016-04-29T14:00:00.000,74,38,36
2016-04-29T15:00:00.000,161,76,85
2016-04-29T16:00:00.000,268,89,179
2016-04-29T17:00:00.000,493,144,349
2016-04-29T18:00:00.000,276,91,185
2016-04-29T19:00:00.000,145,59,86
2016-04-29T20:00:00.000,77,38,39
2016-04-29T21:00:00.000,51,26,25
2016-04-29T22:00:00.000,43,12,31
2016-04-29T23:00:00.000,25,8,17
2016-04-30T00:00:00.000,13,6,7
2016-04-30T01:00:00.000,8,4,4
2016-04-30T02:00:00.000,8,4,4
2016-04-30T03:00:00.000,3,1,2
2016-04-30T04:00:00.000,2,0,2
2016-04-30T05:00:00.000,12,8,4
2016-04-30T06:00:00.000,16,7,9
2016-04-30T07:00:00.000,56,24,32
2016-04-30T08:00:00.000,93,42,51
2016-04-30T09:00:00.000,118,61,57
2016-04-30T10:00:00.000,139,86,53
2016-04-30T11:00:00.000,191,108,83
2016-04-30T12:00:00.000,194,117,77
2016-04-30T13:00:00.000,168,88,80
2016-04-30T14:00:00.000,200,102,98
2016-04-30T15:00:00.000,218,105,113
2016-04-30T16:00:00.000,208,112,96
2016-04-30T17:00:00.000,204,98,106
2016-04-30T18:00:00.000,144,77,67
2016-04-30T19:00:00.000,102,51,51
2016-04-30T20:00:00.000,54,27,27
2016-04-30T21:00:00.000,43,27,16
2016-04-30T22:00:00.000,24,12,12
2016-04-30T23:00:00.000,27,10,17
2016-05-01T00:00:00.000,19,8,11
2016-05-01T01:00:00.000,16,12,4
2016-05-01T02:00:00.000,5,3,2
2016-05-01T03:00:00.000,6,0,6
2016-05-01T04:00:00.000,2,1,1
2016-05-01T05:00:00.000,8,6,2
2016-05-01T06:00:00.000,16,9,7
2016-05-01T07:00:00.000,40,24,16
2016-05-01T08:00:00.000,85,47,38
2016-05-01T09:00:00.000,112,62,50
2016-05-01T10:00:00.000,207,125,82
2016-05-01T11:00:00.000,194,95,99
2016-05-01T12:00:00.000,226,132,94
2016-05-01T13:00:00.000,258,125,133
2016-05-01T14:00:00.000,249,111,138
2016-05-01T15:00:00.000,229,128,101
2016-05-01T16:00:00.000,243,135,108
2016-05-01T17:00:00.000,185,96,89
2016-05-01T18:00:00.000,133,65,68
2016-05-01T19:00:00.000,96,53,43
2016-05-01T20:00:00.000,67,40,27
2016-05-01T21:00:00.000,39,21,18
2016-05-01T22:00:00.000,38,20,18
2016-05-01T23:00:00.000,15,5,10
2016-05-02T00:00:00.000,13,5,8
2016-05-02T01:00:00.000,6,0,6
2016-05-02T02:00:00.000,6,2,4
2016-05-02T03:00:00.000,3,2,1
2016-05-02T04:00:00.000,11,7,4
2016-05-02T05:00:00.000,59,38,21
2016-05-02T06:00:00.000,227,165,62
2016-05-02T07:00:00.000,622,461,161
2016-05-02T08:00:00.000,819,560,259
2016-05-02T09:00:00.000,377,232,145
2016-05-02T10:00:00.000,146,79,67
2016-05-02T11:00:00.000,112,50,62
2016-05-02T12:00:00.000,102,54,48
2016-05-02T13:00:00.000,132,53,79
2016-05-02T14:00:00.000,135,64,71
2016-05-02T15:00:00.000,223,103,120
2016-05-02T16:00:00.000,470,159,311
2016-05-02T17:00:00.000,952,261,691
2016-05-02T18:00:00.000,609,203,406
2016-05-02T19:00:00.000,292,120,172
2016-05-02T20:00:00.000,170,84,86
2016-05-02T21:00:00.000,77,35,42
2016-05-02T22:00:00.000,59,23,36
2016-05-02T23:00:00.000,34,18,16
2016-05-03T00:00:00.000,17,2,15
2016-05-03T01:00:00.000,6,4,2
2016-05-03T02:00:00.000,2,0,2
2016-05-03T03:00:00.000,4,2,2
2016-05-03T04:00:00.000,12,6,6
2016-05-03T05:00:00.000,63,50,13
2016-05-03T06:00:00.000,254,173,81
2016-05-03T07:00:00.000,606,453,153
2016-05-03T08:00:00.000,731,521,210
2016-05-03T09:00:00.000,325,186,139
2016-05-03T10:00:00.000,167,94,73
2016-05-03T11:00:00.000,86,50,36
2016-05-03T12:00:00.000,128,56,72
2016-05-03T13:00:00.000,105,61,44
2016-05-03T14:00:00.000,132,57,75
2016-05-03T15:00:00.000,204,90,114
2016-05-03T16:00:00.000,419,142,277
2016-05-03T17:00:00.000,921,255,666
2016-05-03T18:00:00.000,592,191,401
2016-05-03T19:00:00.000,288,95,193
2016-05-03T20:00:00.000,116,50,66
2016-05-03T21:00:00.000,73,32,41
2016-05-03T22:00:00.000,42,16,26
2016-05-03T23:00:00.000,20,13,7
2016-05-04T00:00:00.000,20,6,14
2016-05-04T01:00:00.000,7,3,4
2016-05-04T02:00:00.000,4,2,2
2016-05-04T03:00:00.000,3,2,1
2016-05-04T04:00:00.000,10,4,6
2016-05-04T05:00:00.000,65,45,20
2016-05-04T06:00:00.000,208,150,58
2016-05-04T07:00:00.000,442,323,119
2016-05-04T08:00:00.000,552,391,161
2016-05-04T09:00:00.000,295,182,113
2016-05-04T10:00:00.000,113,70,43
2016-05-04T11:00:00.000,63,37,26
2016-05-04T12:00:00.000,64,39,25
2016-05-04T13:00:00.000,83,43,40
2016-05-04T14:00:00.000,89,48,41
2016-05-04T15:00:00.000,134,55,79
2016-05-04T16:00:00.000,310,98,212
2016-05-04T17:00:00.000,718,201,517
2016-05-04T18:00:00.000,444,137,307
2016-05-04T19:00:00.000,230,91,139
2016-05-04T20:00:00.000,119,46,73
2016-05-04T21:00:00.000,57,29,28
2016-05-04T22:00:00.000,38,16,22
2016-05-04T23:00:00.000,21,5,16
2016-05-05T00:00:00.000,10,7,3
2016-05-05T01:00:00.000,0,0,0
2016-05-05T02:00:00.000,3,0,3
2016-05-05T03:00:00.000,5,4,1
2016-05-05T04:00:00.000,10,9,1
2016-05-05T05:00:00.000,46,33,13
2016-05-05T06:00:00.000,208,146,62
2016-05-05T07:00:00.000,552,388,164
2016-05-05T08:00:00.000,679,458,221
2016-05-05T09:00:00.000,347,213,134
2016-05-05T10:00:00.000,162,91,71
2016-05-05T11:00:00.000,97,58,39
2016-05-05T12:00:00.000,102,60,42
2016-05-05T13:00:00.000,109,57,52
2016-05-05T14:00:00.000,103,46,57
2016-05-05T15:00:00.000,189,89,100
2016-05-05T16:00:00.000,403,142,261
2016-05-05T17:00:00.000,779,223,556
2016-05-05T18:00:00.000,525,166,359
2016-05-05T19:00:00.000,265,102,163
2016-05-05T20:00:00.000,166,74,92
2016-05-05T21:00:00.000,111,40,71
2016-05-05T22:00:00.000,55,19,36
2016-05-05T23:00:00.000,32,10,22
2016-05-06T00:00:00.000,21,12,9
2016-05-06T01:00:00.000,9,6,3
2016-05-06T02:00:00.000,4,2,2
2016-05-06T03:00:00.000,1,0,1
2016-05-06T04:00:00.000,13,6,7
2016-05-06T05:00:00.000,53,38,15
2016-05-06T06:00:00.000,192,125,67
2016-05-06T07:00:00.000,533,390,143
2016-05-06T08:00:00.000,592,421,171
2016-05-06T09:00:00.000,315,198,117
2016-05-06T10:00:00.000,131,77,54
2016-05-06T11:00:00.000,115,75,40
2016-05-06T12:00:00.000,131,60,71
2016-05-06T13:00:00.000,124,75,49
2016-05-06T14:00:00.000,160,70,90
2016-05-06T15:00:00.000,224,103,121
2016-05-06T16:00:00.000,479,149,330
2016-05-06T17:00:00.000,680,208,472
2016-05-06T18:00:00.000,414,158,256
2016-05-06T19:00:00.000,226,106,120
2016-05-06T20:00:00.000,118,55,63
2016-05-06T21:00:00.000,72,36,36
2016-05-06T22:00:00.000,68,24,44
2016-05-06T23:00:00.000,42,11,31
2016-05-07T00:00:00.000,26,9,17
2016-05-07T01:00:00.000,16,8,8
2016-05-07T02:00:00.000,12,5,7
2016-05-07T03:00:00.000,1,0,1
2016-05-07T04:00:00.000,4,1,3
2016-05-07T05:00:00.000,13,7,6
2016-05-07T06:00:00.000,31,15,16
2016-05-07T07:00:00.000,78,44,34
2016-05-07T08:00:00.000,109,50,59
2016-05-07T09:00:00.000,166,97,69
2016-05-07T10:00:00.000,192,113,79
2016-05-07T11:00:00.000,208,120,88
2016-05-07T12:00:00.000,318,180,138
2016-05-07T13:00:00.000,241,151,90
2016-05-07T14:00:00.000,251,154,97
2016-05-07T15:00:00.000,219,125,94
2016-05-07T16:00:00.000,183,107,76
2016-05-07T17:00:00.000,172,94,78
2016-05-07T18:00:00.000,174,86,88
2016-05-07T19:00:00.000,115,51,64
2016-05-07T20:00:00.000,70,43,27
2016-05-07T21:00:00.000,92,42,50
2016-05-07T22:00:00.000,49,25,24
2016-05-07T23:00:00.000,30,9,21
2016-05-08T00:00:00.000,17,9,8
2016-05-08T01:00:00.000,12,1,11
2016-05-08T02:00:00.000,13,5,8
2016-05-08T03:00:00.000,1,1,0
2016-05-08T04:00:00.000,2,2,0
2016-05-08T05:00:00.000,9,5,4
2016-05-08T06:00:00.000,5,2,3
2016-05-08T07:00:00.000,16,8,8
2016-05-08T08:00:00.000,23,16,7
2016-05-08T09:00:00.000,51,25,26
2016-05-08T10:00:00.000,52,34,18
2016-05-08T11:00:00.000,92,48,44
2016-05-08T12:00:00.000,101,66,35
2016-05-08T13:00:00.000,101,58,43
2016-05-08T14:00:00.000,109,56,53
2016-05-08T15:00:00.000,97,59,38
2016-05-08T16:00:00.000,133,69,64
2016-05-08T17:00:00.000,129,74,55
2016-05-08T18:00:00.000,81,39,42
2016-05-08T19:00:00.000,52,22,30
2016-05-08T20:00:00.000,35,27,8
2016-05-08T21:00:00.000,26,13,13
2016-05-08T22:00:00.000,18,6,12
2016-05-08T23:00:00.000,3,3,0
2016-05-09T00:00:00.000,6,3,3
2016-05-09T01:00:00.000,3,2,1
2016-05-09T02:00:00.000,7,0,7
2016-05-09T03:00:00.000,4,2,2
2016-05-09T04:00:00.000,6,4,2
2016-05-09T05:00:00.000,53,33,20
2016-05-09T06:00:00.000,190,125,65
2016-05-09T07:00:00.000,534,392,142
2016-05-09T08:00:00.000,669,458,211
2016-05-09T09:00:00.000,330,208,122
2016-05-09T10:00:00.000,101,67,34
2016-05-09T11:00:00.000,82,47,35
2016-05-09T12:00:00.000,98,52,46
2016-05-09T13:00:00.000,103,56,47
2016-05-09T14:00:00.000,117,63,54
2016-05-09T15:00:00.000,196,97,99
2016-05-09T16:00:00.000,369,124,245
2016-05-09T17:00:00.000,864,235,629
2016-05-09T18:00:00.000,560,178,382
2016-05-09T19:00:00.000,258,106,152
2016-05-09T20:00:00.000,158,57,101
2016-05-09T21:00:00.000,67,24,43
2016-05-09T22:00:00.000,44,24,20
2016-05-09T23:00:00.000,33,10,23
2016-05-10T00:00:00.000,11,4,7
2016-05-10T01:00:00.000,7,3,4
2016-05-10T02:00:00.000,5,3,2
2016-05-10T03:00:00.000,5,2,3
2016-05-10T04:00:00.000,12,7,5
2016-05-10T05:00:00.000,59,42,17
2016-05-10T06:00:00.000,259,184,75
2016-05-10T07:00:00.000,629,465,164
2016-05-10T08:00:00.000,766,533,233
2016-05-10T09:00:00.000,338,207,131
2016-05-10T10:00:00.000,130,73,57
2016-05-10T11:00:00.000,83,49,34
2016-05-10T12:00:00.000,110,55,55
2016-05-10T13:00:00.000,132,65,67
2016-05-10T14:00:00.000,118,63,55
2016-05-10T15:00:00.000,218,96,122
2016-05-10T16:00:00.000,430,144,286
2016-05-10T17:00:00.000,957,240,717
2016-05-10T18:00:00.000,597,235,362
2016-05-10T19:00:00.000,323,143,180
2016-05-10T20:00:00.000,189,90,99
2016-05-10T21:00:00.000,86,39,47
2016-05-10T22:00:00.000,55,21,34
2016-05-10T23:00:00.000,30,18,12
2016-05-11T00:00:00.000,21,10,11
2016-05-11T01:00:00.000,6,5,1
2016-05-11T02:00:00.000,5,1,4
2016-05-11T03:00:00.000,4,3,1
2016-05-11T04:00:00.000,12,9,3
2016-05-11T05:00:00.000,45,30,15
2016-05-11T06:00:00.000,244,170,74
2016-05-11T07:00:00.000,600,435,165
2016-05-11T08:00:00.000,741,490,251
2016-05-11T09:00:00.000,341,213,128
2016-05-11T10:00:00.000,165,104,61
2016-05-11T11:00:00.000,101,52,49
2016-05-11T12:00:00.000,120,58,62
2016-05-11T13:00:00.000,134,59,75
2016-05-11T14:00:00.000,142,67,75
2016-05-11T15:00:00.000,228,100,128
2016-05-11T16:00:00.000,421,139,282
2016-05-11T17:00:00.000,873,256,617
2016-05-11T18:00:00.000,593,228,365
2016-05-11T19:00:00.000,307,108,199
2016-05-11T20:00:00.000,183,82,101
2016-05-11T21:00:00.000,103,51,52
2016-05-11T22:00:00.000,69,30,39
2016-05-11T23:00:00.000,36,17,19
2016-05-12T00:00:00.000,14,5,9
2016-05-12T01:00:00.000,4,2,2
2016-05-12T02:00:00.000,2,0,2
2016-05-12T03:00:00.000,1,0,1
2016-05-12T04:00:00.000,10,8,2
2016-05-12T05:00:00.000,50,36,14
2016-05-12T06:00:00.000,227,150,77
2016-05-12T07:00:00.000,565,402,163
2016-05-12T08:00:00.000,674,462,212
2016-05-12T09:00:00.000,327,195,132
2016-05-12T10:00:00.000,134,82,52
2016-05-12T11:00:00.000,107,60,47
2016-05-12T12:00:00.000,106,56,50
2016-05-12T13:00:00.000,123,59,64
2016-05-12T14:00:00.000,147,62,85
2016-05-12T15:00:00.000,194,86,108
2016-05-12T16:00:00.000,424,140,284
2016-05-12T17:00:00.000,799,210,589
2016-05-12T18:00:00.000,535,190,345
2016-05-12T19:00:00.000,325,148,177
2016-05-12T20:00:00.000,181,72,109
2016-05-12T21:00:00.000,105,51,54
2016-05-12T22:00:00.000,70,32,38
2016-05-12T23:00:00.000,35,16,19
2016-05-13T00:00:00.000,22,4,18
2016-05-13T01:00:00.000,12,8,4
2016-05-13T02:00:00.000,11,1,10
2016-05-13T03:00:00.000,4,2,2
2016-05-13T04:00:00.000,9,4,5
2016-05-13T05:00:00.000,46,28,18
2016-05-13T06:00:00.000,194,134,60
2016-05-13T07:00:00.000,506,354,152
2016-05-13T08:00:00.000,618,433,185
2016-05-13T09:00:00.000,362,207,155
2016-05-13T10:00:00.000,161,86,75
2016-05-13T11:00:00.000,121,69,52
2016-05-13T12:00:00.000,109,53,56
2016-05-13T13:00:00.000,141,65,76
2016-05-13T14:00:00.000,148,66,82
2016-05-13T15:00:00.000,279,108,171
2016-05-13T16:00:00.000,465,157,308
2016-05-13T17:00:00.000,779,223,556
2016-05-13T18:00:00.000,432,169,263
2016-05-13T19:00:00.000,213,86,127
2016-05-13T20:00:00.000,136,72,64
2016-05-13T21:00:00.000,70,40,30
2016-05-13T22:00:00.000,72,33,39
2016-05-13T23:00:00.000,55,23,32
2016-05-14T00:00:00.000,14,8,6
2016-05-14T01:00:00.000,21,6,15
2016-05-14T02:00:00.000,13,7,6
2016-05-14T03:00:00.000,3,0,3
2016-05-14T04:00:00.000,4,2,2
2016-05-14T05:00:00.000,18,13,5
2016-05-14T06:00:00.000,34,17,17
2016-05-14T07:00:00.000,55,25,30
2016-05-14T08:00:00.000,93,53,40
2016-05-14T09:00:00.000,132,84,48
2016-05-14T10:00:00.000,146,81,65
2016-05-14T11:00:00.000,133,67,66
2016-05-14T12:00:00.000,120,72,48
2016-05-14T13:00:00.000,86,54,32
2016-05-14T14:00:00.000,186,98,88
2016-05-14T15:00:00.000,171,75,96
2016-05-14T16:00:00.000,91,55,36
2016-05-14T17:00:00.000,58,28,30
2016-05-14T18:00:00.000,71,25,46
2016-05-14T19:00:00.000,47,31,16
2016-05-14T20:00:00.000,31,18,13
2016-05-14T21:00:00.000,27,8,19
2016-05-14T22:00:00.000,22,10,12
2016-05-14T23:00:00.000,21,13,8
2016-05-15T00:00:00.000,10,4,6
2016-05-15T01:00:00.000,5,3,2
2016-05-15T02:00:00.000,3,0,3
2016-05-15T03:00:00.000,3,2,1
2016-05-15T04:00:00.000,0,0,0
2016-05-15T05:00:00.000,4,3,1
2016-05-15T06:00:00.000,14,11,3
2016-05-15T07:00:00.000,34,15,19
2016-05-15T08:00:00.000,34,22,12
2016-05-15T09:00:00.000,71,34,37
2016-05-15T10:00:00.000,59,32,27
2016-05-15T11:00:00.000,78,46,32
2016-05-15T12:00:00.000,106,73,33
2016-05-15T13:00:00.000,100,53,47
2016-05-15T14:00:00.000,91,46,45
2016-05-15T15:00:00.000,89,38,51
2016-05-15T16:00:00.000,107,47,60
2016-05-15T17:00:00.000,76,40,36
2016-05-15T18:00:00.000,52,21,31
2016-05-15T19:00:00.000,35,17,18
2016-05-15T20:00:00.000,19,15,4
2016-05-15T21:00:00.000,17,8,9
2016-05-15T22:00:00.000,20,6,14
2016-05-15T23:00:00.000,13,6,7
2016-05-16T00:00:00.000,3,1,2
2016-05-16T01:00:00.000,2,2,0
2016-05-16T02:00:00.000,2,0,2
2016-05-16T03:00:00.000,3,2,1
2016-05-16T04:00:00.000,5,2,3
2016-05-16T05:00:00.000,43,28,15
2016-05-16T06:00:00.000,162,110,52
2016-05-16T07:00:00.000,434,304,130
2016-05-16T08:00:00.000,563,384,179
2016-05-16T09:00:00.000,261,162,99
2016-05-16T10:00:00.000,100,58,42
2016-05-16T11:00:00.000,71,33,38
2016-05-16T12:00:00.000,50,27,23
2016-05-16T13:00:00.000,56,25,31
2016-05-16T14:00:00.000,73,37,36
2016-05-16T15:00:00.000,147,63,84
2016-05-16T16:00:00.000,305,102,203
2016-05-16T17:00:00.000,678,160,518
2016-05-16T18:00:00.000,427,144,283
2016-05-16T19:00:00.000,204,59,145
2016-05-16T20:00:00.000,96,34,62
2016-05-16T21:00:00.000,74,30,44
2016-05-16T22:00:00.000,30,17,13
2016-05-16T23:00:00.000,14,7,7
2016-05-17T00:00:00.000,10,5,5
2016-05-17T01:00:00.000,6,1,5
2016-05-17T02:00:00.000,2,1,1
2016-05-17T03:00:00.000,3,2,1
2016-05-17T04:00:00.000,8,4,4
2016-05-17T05:00:00.000,56,42,14
2016-05-17T06:00:00.000,216,144,72
2016-05-17T07:00:00.000,563,415,148
2016-05-17T08:00:00.000,699,462,237
2016-05-17T09:00:00.000,324,201,123
2016-05-17T10:00:00.000,147,79,68
2016-05-17T11:00:00.000,89,52,37
2016-05-17T12:00:00.000,95,35,60
2016-05-17T13:00:00.000,106,64,42
2016-05-17T14:00:00.000,134,52,82
2016-05-17T15:00:00.000,214,85,129
2016-05-17T16:00:00.000,426,135,291
2016-05-17T17:00:00.000,889,243,646
2016-05-17T18:00:00.000,558,184,374
2016-05-17T19:00:00.000,266,111,155
2016-05-17T20:00:00.000,153,67,86
2016-05-17T21:00:00.000,100,47,53
2016-05-17T22:00:00.000,63,31,32
2016-05-17T23:00:00.000,38,16,22
2016-05-18T00:00:00.000,15,8,7
2016-05-18T01:00:00.000,7,4,3
2016-05-18T02:00:00.000,4,1,3
2016-05-18T03:00:00.000,4,1,3
2016-05-18T04:00:00.000,10,4,6
2016-05-18T05:00:00.000,66,42,24
2016-05-18T06:00:00.000,227,160,67
2016-05-18T07:00:00.000,534,383,151
2016-05-18T08:00:00.000,630,437,193
2016-05-18T09:00:00.000,336,204,132
2016-05-18T10:00:00.000,123,66,57
2016-05-18T11:00:00.000,84,46,38
2016-05-18T12:00:00.000,85,49,36
2016-05-18T13:00:00.000,96,51,45
2016-05-18T14:00:00.000,116,44,72
2016-05-18T15:00:00.000,153,73,80
2016-05-18T16:00:00.000,358,110,248
2016-05-18T17:00:00.000,763,203,560
2016-05-18T18:00:00.000,466,180,286
2016-05-18T19:00:00.000,200,75,125
2016-05-18T20:00:00.000,141,51,90
2016-05-18T21:00:00.000,78,36,42
2016-05-18T22:00:00.000,41,24,17
2016-05-18T23:00:00.000,18,6,12
2016-05-19T00:00:00.000,10,2,8
2016-05-19T01:00:00.000,2,2,0
2016-05-19T02:00:00.000,3,2,1
2016-05-19T03:00:00.000,0,0,0
2016-05-19T04:00:00.000,7,4,3
2016-05-19T05:00:00.000,33,24,9
2016-05-19T06:00:00.000,157,106,51
2016-05-19T07:00:00.000,392,283,109
2016-05-19T08:00:00.000,446,320,126
2016-05-19T09:00:00.000,226,138,88
2016-05-19T10:00:00.000,76,44,32
2016-05-19T11:00:00.000,51,33,18
2016-05-19T12:00:00.000,69,30,39
2016-05-19T13:00:00.000,93,38,55
2016-05-19T14:00:00.000,87,31,56
2016-05-19T15:00:00.000,120,43,77
2016-05-19T16:00:00.000,251,88,163
2016-05-19T17:00:00.000,543,170,373
2016-05-19T18:00:00.000,368,109,259
2016-05-19T19:00:00.000,173,57,116
2016-05-19T20:00:00.000,70,27,43
2016-05-19T21:00:00.000,38,20,18
2016-05-19T22:00:00.000,30,12,18
2016-05-19T23:00:00.000,14,6,8
2016-05-20T00:00:00.000,9,3,6
2016-05-20T01:00:00.000,4,1,3
2016-05-20T02:00:00.000,6,1,5
2016-05-20T03:00:00.000,0,0,0
2016-05-20T04:00:00.000,7,3,4
2016-05-20T05:00:00.000,51,34,17
2016-05-20T06:00:00.000,232,169,63
2016-05-20T07:00:00.000,615,487,128
2016-05-20T08:00:00.000,699,504,195
2016-05-20T09:00:00.000,333,215,118
2016-05-20T10:00:00.000,129,72,57
2016-05-20T11:00:00.000,79,43,36
2016-05-20T12:00:00.000,110,59,51
2016-05-20T13:00:00.000,111,57,54
2016-05-20T14:00:00.000,148,72,76
2016-05-20T15:00:00.000,218,78,140
2016-05-20T16:00:00.000,423,156,267
2016-05-20T17:00:00.000,672,216,456
2016-05-20T18:00:00.000,439,127,312
2016-05-20T19:00:00.000,200,81,119
2016-05-20T20:00:00.000,104,37,67
2016-05-20T21:00:00.000,56,25,31
2016-05-20T22:00:00.000,35,16,19
2016-05-20T23:00:00.000,31,8,23
2016-05-21T00:00:00.000,16,7,9
2016-05-21T01:00:00.000,12,5,7
2016-05-21T02:00:00.000,6,1,5
2016-05-21T03:00:00.000,4,2,2
2016-05-21T04:00:00.000,6,3,3
2016-05-21T05:00:00.000,4,2,2
2016-05-21T06:00:00.000,15,6,9
2016-05-21T07:00:00.000,22,16,6
2016-05-21T08:00:00.000,48,28,20
2016-05-21T09:00:00.000,31,22,9
2016-05-21T10:00:00.000,30,12,18
2016-05-21T11:00:00.000,31,14,17
2016-05-21T12:00:00.000,51,31,20
2016-05-21T13:00:00.000,46,22,24
2016-05-21T14:00:00.000,56,30,26
2016-05-21T15:00:00.000,63,32,31
2016-05-21T16:00:00.000,61,36,25
2016-05-21T17:00:00.000,67,31,36
2016-05-21T18:00:00.000,50,22,28
2016-05-21T19:00:00.000,40,15,25
2016-05-21T20:00:00.000,28,9,19
2016-05-21T21:00:00.000,23,6,17
2016-05-21T22:00:00.000,17,8,9
2016-05-21T23:00:00.000,14,5,9
2016-05-22T00:00:00.000,9,5,4
2016-05-22T01:00:00.000,12,4,8
2016-05-22T02:00:00.000,5,3,2
2016-05-22T03:00:00.000,2,0,2
2016-05-22T04:00:00.000,6,1,5
2016-05-22T05:00:00.000,6,4,2
2016-05-22T06:00:00.000,24,10,14
2016-05-22T07:00:00.000,33,14,19
2016-05-22T08:00:00.000,52,24,28
2016-05-22T09:00:00.000,77,49,28
2016-05-22T10:00:00.000,119,74,45
2016-05-22T11:00:00.000,171,94,77
2016-05-22T12:00:00.000,173,89,84
2016-05-22T13:00:00.000,208,105,103
2016-05-22T14:00:00.000,205,108,97
2016-05-22T15:00:00.000,197,99,98
2016-05-22T16:00:00.000,181,80,101
2016-05-22T17:00:00.000,158,78,80
2016-05-22T18:00:00.000,137,68,69
2016-05-22T19:00:00.000,78,36,42
2016-05-22T20:00:00.000,37,19,18
2016-05-22T21:00:00.000,29,17,12
2016-05-22T22:00:00.000,26,11,15
2016-05-22T23:00:00.000,13,4,9
2016-05-23T00:00:00.000,5,1,4
2016-05-23T01:00:00.000,3,1,2
2016-05-23T02:00:00.000,3,1,2
2016-05-23T03:00:00.000,3,3,0
2016-05-23T04:00:00.000,8,4,4
2016-05-23T05:00:00.000,43,30,13
2016-05-23T06:00:00.000,162,109,53
2016-05-23T07:00:00.000,471,327,144
2016-05-23T08:00:00.000,607,404,203
2016-05-23T09:00:00.000,321,188,133
2016-05-23T10:00:00.000,99,61,38
2016-05-23T11:00:00.000,84,43,41
2016-05-23T12:00:00.000,80,43,37
2016-05-23T13:00:00.000,80,33,47
2016-05-23T14:00:00.000,83,41,42
2016-05-23T15:00:00.000,120,56,64
2016-05-23T16:00:00.000,336,112,224
2016-05-23T17:00:00.000,734,172,562
2016-05-23T18:00:00.000,496,169,327
2016-05-23T19:00:00.000,209,71,138
2016-05-23T20:00:00.000,114,49,65
2016-05-23T21:00:00.000,77,32,45
2016-05-23T22:00:00.000,49,19,30
2016-05-23T23:00:00.000,20,6,14
2016-05-24T00:00:00.000,6,4,2
2016-05-24T01:00:00.000,1,0,1
2016-05-24T02:00:00.000,0,0,0
2016-05-24T03:00:00.000,3,2,1
2016-05-24T04:00:00.000,9,5,4
2016-05-24T05:00:00.000,49,32,17
2016-05-24T06:00:00.000,223,143,80
2016-05-24T07:00:00.000,501,351,150
2016-05-24T08:00:00.000,663,433,230
2016-05-24T09:00:00.000,292,173,119
2016-05-24T10:00:00.000,103,64,39
2016-05-24T11:00:00.000,98,55,43
2016-05-24T12:00:00.000,88,52,36
2016-05-24T13:00:00.000,90,42,48
2016-05-24T14:00:00.000,119,58,61
2016-05-24T15:00:00.000,177,79,98
2016-05-24T16:00:00.000,401,132,269
2016-05-24T17:00:00.000,734,204,530
2016-05-24T18:00:00.000,505,168,337
2016-05-24T19:00:00.000,273,104,169
2016-05-24T20:00:00.000,167,81,86
2016-05-24T21:00:00.000,70,29,41
2016-05-24T22:00:00.000,55,16,39
2016-05-24T23:00:00.000,24,11,13
2016-05-25T00:00:00.000,16,10,6
2016-05-25T01:00:00.000,7,5,2
2016-05-25T02:00:00.000,2,0,2
2016-05-25T03:00:00.000,4,3,1
2016-05-25T04:00:00.000,9,3,6
2016-05-25T05:00:00.000,54,37,17
2016-05-25T06:00:00.000,197,128,69
2016-05-25T07:00:00.000,482,325,157
2016-05-25T08:00:00.000,605,408,197
2016-05-25T09:00:00.000,307,190,117
2016-05-25T10:00:00.000,126,73,53
2016-05-25T11:00:00.000,73,43,30
2016-05-25T12:00:00.000,146,50,96
2016-05-25T13:00:00.000,154,86,68
2016-05-25T14:00:00.000,123,53,70
2016-05-25T15:00:00.000,173,77,96
2016-05-25T16:00:00.000,362,113,249
2016-05-25T17:00:00.000,695,208,487
2016-05-25T18:00:00.000,455,157,298
2016-05-25T19:00:00.000,223,78,145
2016-05-25T20:00:00.000,127,49,78
2016-05-25T21:00:00.000,76,33,43
2016-05-25T22:00:00.000,50,19,31
2016-05-25T23:00:00.000,37,20,17
2016-05-26T00:00:00.000,8,5,3
2016-05-26T01:00:00.000,7,5,2
2016-05-26T02:00:00.000,2,2,0
2016-05-26T03:00:00.000,3,0,3
2016-05-26T04:00:00.000,10,8,2
2016-05-26T05:00:00.000,43,26,17
2016-05-26T06:00:00.000,164,117,47
2016-05-26T07:00:00.000,437,301,136
2016-05-26T08:00:00.000,603,406,197
2016-05-26T09:00:00.000,278,171,107
2016-05-26T10:00:00.000,113,68,45
2016-05-26T11:00:00.000,72,43,29
2016-05-26T12:00:00.000,100,38,62
2016-05-26T13:00:00.000,94,46,48
2016-05-26T14:00:00.000,91,39,52
2016-05-26T15:00:00.000,143,61,82
2016-05-26T16:00:00.000,312,108,204
2016-05-26T17:00:00.000,636,183,453
2016-05-26T18:00:00.000,422,141,281
2016-05-26T19:00:00.000,182,71,111
2016-05-26T20:00:00.000,112,36,76
2016-05-26T21:00:00.000,76,34,42
2016-05-26T22:00:00.000,31,8,23
2016-05-26T23:00:00.000,31,10,21
2016-05-27T00:00:00.000,8,6,2
2016-05-27T01:00:00.000,7,5,2
2016-05-27T02:00:00.000,2,2,0
2016-05-27T03:00:00.000,1,0,1
2016-05-27T04:00:00.000,4,1,3
2016-05-27T05:00:00.000,30,21,9
2016-05-27T06:00:00.000,85,58,27
2016-05-27T07:00:00.000,267,184,83
2016-05-27T08:00:00.000,412,278,134
2016-05-27T09:00:00.000,222,134,88
2016-05-27T10:00:00.000,95,54,41
2016-05-27T11:00:00.000,77,37,40
2016-05-27T12:00:00.000,86,50,36
2016-05-27T13:00:00.000,120,49,71
2016-05-27T14:00:00.000,124,54,70
2016-05-27T15:00:00.000,175,70,105
2016-05-27T16:00:00.000,282,95,187
2016-05-27T17:00:00.000,404,131,273
2016-05-27T18:00:00.000,199,66,133
2016-05-27T19:00:00.000,94,36,58
2016-05-27T20:00:00.000,61,26,35
2016-05-27T21:00:00.000,47,19,28
2016-05-27T22:00:00.000,40,14,26
2016-05-27T23:00:00.000,21,11,10
2016-05-28T00:00:00.000,14,7,7
2016-05-28T01:00:00.000,6,2,4
2016-05-28T02:00:00.000,11,4,7
2016-05-28T03:00:00.000,2,0,2
2016-05-28T04:00:00.000,2,1,1
2016-05-28T05:00:00.000,7,4,3
2016-05-28T06:00:00.000,17,8,9
2016-05-28T07:00:00.000,24,12,12
2016-05-28T08:00:00.000,53,32,21
2016-05-28T09:00:00.000,59,27,32
2016-05-28T10:00:00.000,77,42,35
2016-05-28T11:00:00.000,106,67,39
2016-05-28T12:00:00.000,116,55,61
2016-05-28T13:00:00.000,94,56,38
2016-05-28T14:00:00.000,90,45,45
2016-05-28T15:00:00.000,117,54,63
2016-05-28T16:00:00.000,100,52,48
2016-05-28T17:00:00.000,93,43,50
2016-05-28T18:00:00.000,67,38,29
2016-05-28T19:00:00.000,35,11,24
2016-05-28T20:00:00.000,29,7,22
2016-05-28T21:00:00.000,37,9,28
2016-05-28T22:00:00.000,16,4,12
2016-05-28T23:00:00.000,13,1,12
2016-05-29T00:00:00.000,11,3,8
2016-05-29T01:00:00.000,7,0,7
2016-05-29T02:00:00.000,4,2,2
2016-05-29T03:00:00.000,5,1,4
2016-05-29T04:00:00.000,0,0,0
2016-05-29T05:00:00.000,3,1,2
2016-05-29T06:00:00.000,11,5,6
2016-05-29T07:00:00.000,18,8,10
2016-05-29T08:00:00.000,38,14,24
2016-05-29T09:00:00.000,26,11,15
2016-05-29T10:00:00.000,37,21,16
2016-05-29T11:00:00.000,37,18,19
2016-05-29T12:00:00.000,67,36,31
2016-05-29T13:00:00.000,52,30,22
2016-05-29T14:00:00.000,68,32,36
2016-05-29T15:00:00.000,78,41,37
2016-05-29T16:00:00.000,112,65,47
2016-05-29T17:00:00.000,83,37,46
2016-05-29T18:00:00.000,72,36,36
2016-05-29T19:00:00.000,42,22,20
2016-05-29T20:00:00.000,56,20,36
2016-05-29T21:00:00.000,26,10,16
2016-05-29T22:00:00.000,29,8,21
2016-05-29T23:00:00.000,17,6,11
2016-05-30T00:00:00.000,10,8,2
2016-05-30T01:00:00.000,5,3,2
2016-05-30T02:00:00.000,3,0,3
2016-05-30T03:00:00.000,3,2,1
2016-05-30T04:00:00.000,5,1,4
2016-05-30T05:00:00.000,11,7,4
2016-05-30T06:00:00.000,32,15,17
2016-05-30T07:00:00.000,48,23,25
2016-05-30T08:00:00.000,89,36,53
2016-05-30T09:00:00.000,167,75,92
2016-05-30T10:00:00.000,205,126,79
2016-05-30T11:00:00.000,226,127,99
2016-05-30T12:00:00.000,278,155,123
2016-05-30T13:00:00.000,284,159,125
2016-05-30T14:00:00.000,344,196,148
2016-05-30T15:00:00.000,254,125,129
2016-05-30T16:00:00.000,265,123,142
2016-05-30T17:00:00.000,257,127,130
2016-05-30T18:00:00.000,174,82,92
2016-05-30T19:00:00.000,112,51,61
2016-05-30T20:00:00.000,80,41,39
2016-05-30T21:00:00.000,67,23,44
2016-05-30T22:00:00.000,25,16,9
2016-05-30T23:00:00.000,21,13,8
2016-05-31T00:00:00.000,7,2,5
2016-05-31T01:00:00.000,1,1,0
2016-05-31T02:00:00.000,1,1,0
2016-05-31T03:00:00.000,3,1,2
2016-05-31T04:00:00.000,8,5,3
2016-05-31T05:00:00.000,51,37,14
2016-05-31T06:00:00.000,203,145,58
2016-05-31T07:00:00.000,556,390,166
2016-05-31T08:00:00.000,681,467,214
2016-05-31T09:00:00.000,345,206,139
2016-05-31T10:00:00.000,140,84,56
2016-05-31T11:00:00.000,95,44,51
2016-05-31T12:00:00.000,112,62,50
2016-05-31T13:00:00.000,109,60,49
2016-05-31T14:00:00.000,126,61,65
2016-05-31T15:00:00.000,179,89,90
2016-05-31T16:00:00.000,381,118,263
2016-05-31T17:00:00.000,841,210,631
2016-05-31T18:00:00.000,505,210,295
2016-05-31T19:00:00.000,291,124,167
2016-05-31T20:00:00.000,124,59,65
2016-05-31T21:00:00.000,79,47,32
2016-05-31T22:00:00.000,41,18,23
2016-05-31T23:00:00.000,20,9,11
2016-06-01T00:00:00.000,13,7,6
2016-06-01T01:00:00.000,3,1,2
2016-06-01T02:00:00.000,1,0,1
2016-06-01T03:00:00.000,3,3,0
2016-06-01T04:00:00.000,7,5,2
2016-06-01T05:00:00.000,56,38,18
2016-06-01T06:00:00.000,217,150,67
2016-06-01T07:00:00.000,544,375,169
2016-06-01T08:00:00.000,635,420,215
2016-06-01T09:00:00.000,308,204,104
2016-06-01T10:00:00.000,161,88,73
2016-06-01T11:00:00.000,105,60,45
2016-06-01T12:00:00.000,107,55,52
2016-06-01T13:00:00.000,111,64,47
2016-06-01T14:00:00.000,142,76,66
2016-06-01T15:00:00.000,173,67,106
2016-06-01T16:00:00.000,391,130,261
2016-06-01T17:00:00.000,751,191,560
2016-06-01T18:00:00.000,524,189,335
2016-06-01T19:00:00.000,249,98,151
2016-06-01T20:00:00.000,171,76,95
2016-06-01T21:00:00.000,62,28,34
2016-06-01T22:00:00.000,55,22,33
2016-06-01T23:00:00.000,20,7,13
2016-06-02T00:00:00.000,14,6,8
2016-06-02T01:00:00.000,4,3,1
2016-06-02T02:00:00.000,3,1,2
2016-06-02T03:00:00.000,1,0,1
2016-06-02T04:00:00.000,12,6,6
2016-06-02T05:00:00.000,48,27,21
2016-06-02T06:00:00.000,152,104,48
2016-06-02T07:00:00.000,414,261,153
2016-06-02T08:00:00.000,559,384,175
2016-06-02T09:00:00.000,281,180,101
2016-06-02T10:00:00.000,112,70,42
2016-06-02T11:00:00.000,81,48,33
2016-06-02T12:00:00.000,82,38,44
2016-06-02T13:00:00.000,79,34,45
2016-06-02T14:00:00.000,107,33,74
2016-06-02T15:00:00.000,155,67,88
2016-06-02T16:00:00.000,333,122,211
2016-06-02T17:00:00.000,682,195,487
2016-06-02T18:00:00.000,456,145,311
2016-06-02T19:00:00.000,217,74,143
2016-06-02T20:00:00.000,124,54,70
2016-06-02T21:00:00.000,84,37,47
2016-06-02T22:00:00.000,55,25,30
2016-06-02T23:00:00.000,30,17,13
2016-06-03T00:00:00.000,19,9,10
2016-06-03T01:00:00.000,3,2,1
2016-06-03T02:00:00.000,3,3,0
2016-06-03T03:00:00.000,3,1,2
2016-06-03T04:00:00.000,11,7,4
2016-06-03T05:00:00.000,46,28,18
2016-06-03T06:00:00.000,158,114,44
2016-06-03T07:00:00.000,461,324,137
2016-06-03T08:00:00.000,599,393,206
2016-06-03T09:00:00.000,297,183,114
2016-06-03T10:00:00.000,118,65,53
2016-06-03T11:00:00.000,119,68,51
2016-06-03T12:00:00.000,116,61,55
2016-06-03T13:00:00.000,112,55,57
2016-06-03T14:00:00.000,146,62,84
2016-06-03T15:00:00.000,218,95,123
2016-06-03T16:00:00.000,481,158,323
2016-06-03T17:00:00.000,650,185,465
2016-06-03T18:00:00.000,405,146,259
2016-06-03T19:00:00.000,185,72,113
2016-06-03T20:00:00.000,132,68,64
2016-06-03T21:00:00.000,95,43,52
2016-06-03T22:00:00.000,55,27,28
2016-06-03T23:00:00.000,38,12,26
2016-06-04T00:00:00.000,26,7,19
2016-06-04T01:00:00.000,18,5,13
2016-06-04T02:00:00.000,8,3,5
2016-06-04T03:00:00.000,6,3,3
2016-06-04T04:00:00.000,4,0,4
2016-06-04T05:00:00.000,12,9,3
2016-06-04T06:00:00.000,30,13,17
2016-06-04T07:00:00.000,75,36,39
2016-06-04T08:00:00.000,143,66,77
2016-06-04T09:00:00.000,197,119,78
2016-06-04T10:00:00.000,157,90,67
2016-06-04T11:00:00.000,209,104,105
2016-06-04T12:00:00.000,190,94,96
2016-06-04T13:00:00.000,227,121,106
2016-06-04T14:00:00.000,234,129,105
2016-06-04T15:00:00.000,219,111,108
2016-06-04T16:00:00.000,200,107,93
2016-06-04T17:00:00.000,157,83,74
2016-06-04T18:00:00.000,163,84,79
2016-06-04T19:00:00.000,121,64,57
2016-06-04T20:00:00.000,69,25,44
2016-06-04T21:00:00.000,95,43,52
2016-06-04T22:00:00.000,42,23,19
2016-06-04T23:00:00.000,37,22,15
2016-06-05T00:00:00.000,23,9,14
2016-06-05T01:00:00.000,13,6,7
2016-06-05T02:00:00.000,2,0,2
2016-06-05T03:00:00.000,5,2,3
2016-06-05T04:00:00.000,4,2,2
2016-06-05T05:00:00.000,12,6,6
2016-06-05T06:00:00.000,24,7,17
2016-06-05T07:00:00.000,55,33,22
2016-06-05T08:00:00.000,107,61,46
2016-06-05T09:00:00.000,121,62,59
2016-06-05T10:00:00.000,177,93,84
2016-06-05T11:00:00.000,192,100,92
2016-06-05T12:00:00.000,173,107,66
2016-06-05T13:00:00.000,203,110,93
2016-06-05T14:00:00.000,219,116,103
2016-06-05T15:00:00.000,203,112,91
2016-06-05T16:00:00.000,134,77,57
2016-06-05T17:00:00.000,116,54,62
2016-06-05T18:00:00.000,113,57,56
2016-06-05T19:00:00.000,80,37,43
2016-06-05T20:00:00.000,64,36,28
2016-06-05T21:00:00.000,45,24,21
2016-06-05T22:00:00.000,24,14,10
2016-06-05T23:00:00.000,24,7,17
2016-06-06T00:00:00.000,7,1,6
2016-06-06T01:00:00.000,3,1,2
2016-06-06T02:00:00.000,3,0,3
2016-06-06T03:00:00.000,1,0,1
2016-06-06T04:00:00.000,14,9,5
2016-06-06T05:00:00.000,52,34,18
2016-06-06T06:00:00.000,194,126,68
2016-06-06T07:00:00.000,494,344,150
2016-06-06T08:00:00.000,645,432,213
2016-06-06T09:00:00.000,328,208,120
2016-06-06T10:00:00.000,126,81,45
2016-06-06T11:00:00.000,111,51,60
2016-06-06T12:00:00.000,87,54,33
2016-06-06T13:00:00.000,122,61,61
2016-06-06T14:00:00.000,112,60,52
2016-06-06T15:00:00.000,187,78,109
2016-06-06T16:00:00.000,376,119,257
2016-06-06T17:00:00.000,784,186,598
2016-06-06T18:00:00.000,556,185,371
2016-06-06T19:00:00.000,243,92,151
2016-06-06T20:00:00.000,163,78,85
2016-06-06T21:00:00.000,85,29,56
2016-06-06T22:00:00.000,46,21,25
2016-06-06T23:00:00.000,25,13,12
2016-06-07T00:00:00.000,13,6,7
2016-06-07T01:00:00.000,5,0,5
2016-06-07T02:00:00.000,4,0,4
2016-06-07T03:00:00.000,4,2,2
2016-06-07T04:00:00.000,7,5,2
2016-06-07T05:00:00.000,49,34,15
2016-06-07T06:00:00.000,230,155,75
2016-06-07T07:00:00.000,540,372,168
2016-06-07T08:00:00.000,709,477,232
2016-06-07T09:00:00.000,329,183,146
2016-06-07T10:00:00.000,152,90,62
2016-06-07T11:00:00.000,127,83,44
2016-06-07T12:00:00.000,110,55,55
2016-06-07T13:00:00.000,125,56,69
2016-06-07T14:00:00.000,114,54,60
2016-06-07T15:00:00.000,168,69,99
2016-06-07T16:00:00.000,394,135,259
2016-06-07T17:00:00.000,825,214,611
2016-06-07T18:00:00.000,558,186,372
2016-06-07T19:00:00.000,296,116,180
2016-06-07T20:00:00.000,150,65,85
2016-06-07T21:00:00.000,98,40,58
2016-06-07T22:00:00.000,56,20,36
2016-06-07T23:00:00.000,24,11,13
2016-06-08T00:00:00.000,14,8,6
2016-06-08T01:00:00.000,10,4,6
2016-06-08T02:00:00.000,6,2,4
2016-06-08T03:00:00.000,4,2,2
2016-06-08T04:00:00.000,8,5,3
2016-06-08T05:00:00.000,63,35,28
2016-06-08T06:00:00.000,202,137,65
2016-06-08T07:00:00.000,495,343,152
2016-06-08T08:00:00.000,641,430,211
2016-06-08T09:00:00.000,353,217,136
2016-06-08T10:00:00.000,140,79,61
2016-06-08T11:00:00.000,84,48,36
2016-06-08T12:00:00.000,91,56,35
2016-06-08T13:00:00.000,80,38,42
2016-06-08T14:00:00.000,116,51,65
2016-06-08T15:00:00.000,165,65,100
2016-06-08T16:00:00.000,353,106,247
2016-06-08T17:00:00.000,788,229,559
2016-06-08T18:00:00.000,487,161,326
2016-06-08T19:00:00.000,239,95,144
2016-06-08T20:00:00.000,140,48,92
2016-06-08T21:00:00.000,71,38,33
2016-06-08T22:00:00.000,44,21,23
2016-06-08T23:00:00.000,33,17,16
2016-06-09T00:00:00.000,13,3,10
2016-06-09T01:00:00.000,9,4,5
2016-06-09T02:00:00.000,0,0,0
2016-06-09T03:00:00.000,2,1,1
2016-06-09T04:00:00.000,9,5,4
2016-06-09T05:00:00.000,45,29,16
2016-06-09T06:00:00.000,170,109,61
2016-06-09T07:00:00.000,412,280,132
2016-06-09T08:00:00.000,562,392,170
2016-06-09T09:00:00.000,277,162,115
2016-06-09T10:00:00.000,122,80,42
2016-06-09T11:00:00.000,66,34,32
2016-06-09T12:00:00.000,86,36,50
2016-06-09T13:00:00.000,101,45,56
2016-06-09T14:00:00.000,88,46,42
2016-06-09T15:00:00.000,152,74,78
2016-06-09T16:00:00.000,324,99,225
2016-06-09T17:00:00.000,625,169,456
2016-06-09T18:00:00.000,447,138,309
2016-06-09T19:00:00.000,190,72,118
2016-06-09T20:00:00.000,143,55,88
2016-06-09T21:00:00.000,53,24,29
2016-06-09T22:00:00.000,43,15,28
2016-06-09T23:00:00.000,31,13,18
2016-06-10T00:00:00.000,17,6,11
2016-06-10T01:00:00.000,9,6,3
2016-06-10T02:00:00.000,2,2,0
2016-06-10T03:00:00.000,3,0,3
2016-06-10T04:00:00.000,6,0,6
2016-06-10T05:00:00.000,47,28,19
2016-06-10T06:00:00.000,117,79,38
2016-06-10T07:00:00.000,349,221,128
2016-06-10T08:00:00.000,458,295,163
2016-06-10T09:00:00.000,250,148,102
2016-06-10T10:00:00.000,106,61,45
2016-06-10T11:00:00.000,79,38,41
2016-06-10T12:00:00.000,96,53,43
2016-06-10T13:00:00.000,112,58,54
2016-06-10T14:00:00.000,113,54,59
2016-06-10T15:00:00.000,130,52,78
2016-06-10T16:00:00.000,293,90,203
2016-06-10T17:00:00.000,520,159,361
2016-06-10T18:00:00.000,267,87,180
2016-06-10T19:00:00.000,128,44,84
2016-06-10T20:00:00.000,65,28,37
2016-06-10T21:00:00.000,43,17,26
2016-06-10T22:00:00.000,45,17,28
2016-06-10T23:00:00.000,23,7,16
2016-06-11T00:00:00.000,25,7,18
2016-06-11T01:00:00.000,12,9,3
2016-06-11T02:00:00.000,5,2,3
2016-06-11T03:00:00.000,1,1,0
2016-06-11T04:00:00.000,4,2,2
2016-06-11T05:00:00.000,16,11,5
2016-06-11T06:00:00.000,24,12,12
2016-06-11T07:00:00.000,39,22,17
2016-06-11T08:00:00.000,74,31,43
2016-06-11T09:00:00.000,96,46,50
2016-06-11T10:00:00.000,116,66,50
2016-06-11T11:00:00.000,128,82,46
2016-06-11T12:00:00.000,129,67,62
2016-06-11T13:00:00.000,123,70,53
2016-06-11T14:00:00.000,162,86,76
2016-06-11T15:00:00.000,131,74,57
2016-06-11T16:00:00.000,96,50,46
2016-06-11T17:00:00.000,94,50,44
2016-06-11T18:00:00.000,93,53,40
2016-06-11T19:00:00.000,93,40,53
2016-06-11T20:00:00.000,66,37,29
2016-06-11T21:00:00.000,80,53,27
2016-06-11T22:00:00.000,28,14,14
2016-06-11T23:00:00.000,25,16,9
2016-06-12T00:00:00.000,20,9,11
2016-06-12T01:00:00.000,9,2,7
2016-06-12T02:00:00.000,11,3,8
2016-06-12T03:00:00.000,1,0,1
2016-06-12T04:00:00.000,3,0,3
2016-06-12T05:00:00.000,11,5,6
2016-06-12T06:00:00.000,18,8,10
2016-06-12T07:00:00.000,49,19,30
2016-06-12T08:00:00.000,74,29,45
2016-06-12T09:00:00.000,98,48,50
2016-06-12T10:00:00.000,116,67,49
2016-06-12T11:00:00.000,166,95,71
2016-06-12T12:00:00.000,175,92,83
2016-06-12T13:00:00.000,182,95,87
2016-06-12T14:00:00.000,250,125,125
2016-06-12T15:00:00.000,202,106,96
2016-06-12T16:00:00.000,197,102,95
2016-06-12T17:00:00.000,211,98,113
2016-06-12T18:00:00.000,131,61,70
2016-06-12T19:00:00.000,103,48,55
2016-06-12T20:00:00.000,66,33,33
2016-06-12T21:00:00.000,39,16,23
2016-06-12T22:00:00.000,23,9,14
2016-06-12T23:00:00.000,19,8,11
2016-06-13T00:00:00.000,13,5,8
2016-06-13T01:00:00.000,3,1,2
2016-06-13T02:00:00.000,3,1,2
2016-06-13T03:00:00.000,3,2,1
2016-06-13T04:00:00.000,6,4,2
2016-06-13T05:00:00.000,58,35,23
2016-06-13T06:00:00.000,144,79,65
2016-06-13T07:00:00.000,375,244,131
2016-06-13T08:00:00.000,545,359,186
2016-06-13T09:00:00.000,220,149,71
2016-06-13T10:00:00.000,83,41,42
2016-06-13T11:00:00.000,72,40,32
2016-06-13T12:00:00.000,42,17,25
2016-06-13T13:00:00.000,54,27,27
2016-06-13T14:00:00.000,86,39,47
2016-06-13T15:00:00.000,135,62,73
2016-06-13T16:00:00.000,305,93,212
2016-06-13T17:00:00.000,614,162,452
2016-06-13T18:00:00.000,401,127,274
2016-06-13T19:00:00.000,190,75,115
2016-06-13T20:00:00.000,96,41,55
2016-06-13T21:00:00.000,61,20,41
2016-06-13T22:00:00.000,38,18,20
2016-06-13T23:00:00.000,14,3,11
2016-06-14T00:00:00.000,7,2,5
2016-06-14T01:00:00.000,8,2,6
2016-06-14T02:00:00.000,6,4,2
2016-06-14T03:00:00.000,3,1,2
2016-06-14T04:00:00.000,7,6,1
2016-06-14T05:00:00.000,39,22,17
2016-06-14T06:00:00.000,126,84,42
2016-06-14T07:00:00.000,351,214,137
2016-06-14T08:00:00.000,500,335,165
2016-06-14T09:00:00.000,235,145,90
2016-06-14T10:00:00.000,74,45,29
2016-06-14T11:00:00.000,60,37,23
2016-06-14T12:00:00.000,84,41,43
2016-06-14T13:00:00.000,67,38,29
2016-06-14T14:00:00.000,63,33,30
2016-06-14T15:00:00.000,120,48,72
2016-06-14T16:00:00.000,245,78,167
2016-06-14T17:00:00.000,541,136,405
2016-06-14T18:00:00.000,321,105,216
2016-06-14T19:00:00.000,172,60,112
2016-06-14T20:00:00.000,79,37,42
2016-06-14T21:00:00.000,56,21,35
2016-06-14T22:00:00.000,33,13,20
2016-06-14T23:00:00.000,17,4,13
2016-06-15T00:00:00.000,14,7,7
2016-06-15T01:00:00.000,7,3,4
2016-06-15T02:00:00.000,1,0,1
2016-06-15T03:00:00.000,3,1,2
2016-06-15T04:00:00.000,7,3,4
2016-06-15T05:00:00.000,52,31,21
2016-06-15T06:00:00.000,182,119,63
2016-06-15T07:00:00.000,424,277,147
2016-06-15T08:00:00.000,553,371,182
2016-06-15T09:00:00.000,281,174,107
2016-06-15T10:00:00.000,141,79,62
2016-06-15T11:00:00.000,91,48,43
2016-06-15T12:00:00.000,95,46,49
2016-06-15T13:00:00.000,93,51,42
2016-06-15T14:00:00.000,122,58,64
2016-06-15T15:00:00.000,167,84,83
2016-06-15T16:00:00.000,352,110,242
2016-06-15T17:00:00.000,761,238,523
2016-06-15T18:00:00.000,501,158,343
2016-06-15T19:00:00.000,241,91,150
2016-06-15T20:00:00.000,150,65,85
2016-06-15T21:00:00.000,80,31,49
2016-06-15T22:00:00.000,42,16,26
2016-06-15T23:00:00.000,28,12,16
2016-06-16T00:00:00.000,13,5,8
2016-06-16T01:00:00.000,6,4,2
2016-06-16T02:00:00.000,5,1,4
2016-06-16T03:00:00.000,1,1,0
2016-06-16T04:00:00.000,7,6,1
2016-06-16T05:00:00.000,41,27,14
2016-06-16T06:00:00.000,156,103,53
2016-06-16T07:00:00.000,427,279,148
2016-06-16T08:00:00.000,599,394,205
2016-06-16T09:00:00.000,304,189,115
2016-06-16T10:00:00.000,108,67,41
2016-06-16T11:00:00.000,89,42,47
2016-06-16T12:00:00.000,96,46,50
2016-06-16T13:00:00.000,98,52,46
2016-06-16T14:00:00.000,115,41,74
2016-06-16T15:00:00.000,179,82,97
2016-06-16T16:00:00.000,376,140,236
2016-06-16T17:00:00.000,702,207,495
2016-06-16T18:00:00.000,469,155,314
2016-06-16T19:00:00.000,198,72,126
2016-06-16T20:00:00.000,120,55,65
2016-06-16T21:00:00.000,116,41,75
2016-06-16T22:00:00.000,59,22,37
2016-06-16T23:00:00.000,35,13,22
2016-06-17T00:00:00.000,22,7,15
2016-06-17T01:00:00.000,8,4,4
2016-06-17T02:00:00.000,4,1,3
2016-06-17T03:00:00.000,3,2,1
2016-06-17T04:00:00.000,6,2,4
2016-06-17T05:00:00.000,39,24,15
2016-06-17T06:00:00.000,129,78,51
2016-06-17T07:00:00.000,387,268,119
2016-06-17T08:00:00.000,520,338,182
2016-06-17T09:00:00.000,271,149,122
2016-06-17T10:00:00.000,143,87,56
2016-06-17T11:00:00.000,107,56,51
2016-06-17T12:00:00.000,104,47,57
2016-06-17T13:00:00.000,108,56,52
2016-06-17T14:00:00.000,107,42,65
2016-06-17T15:00:00.000,188,72,116
2016-06-17T16:00:00.000,337,118,219
2016-06-17T17:00:00.000,494,119,375
2016-06-17T18:00:00.000,272,103,169
2016-06-17T19:00:00.000,139,39,100
2016-06-17T20:00:00.000,53,19,34
2016-06-17T21:00:00.000,57,26,31
2016-06-17T22:00:00.000,28,12,16
2016-06-17T23:00:00.000,27,10,17
2016-06-18T00:00:00.000,12,9,3
2016-06-18T01:00:00.000,7,2,5
2016-06-18T02:00:00.000,3,1,2
2016-06-18T03:00:00.000,2,0,2
2016-06-18T04:00:00.000,1,0,1
2016-06-18T05:00:00.000,11,9,2
2016-06-18T06:00:00.000,28,15,13
2016-06-18T07:00:00.000,43,20,23
2016-06-18T08:00:00.000,52,29,23
2016-06-18T09:00:00.000,83,34,49
2016-06-18T10:00:00.000,69,33,36
2016-06-18T11:00:00.000,101,45,56
2016-06-18T12:00:00.000,89,37,52
2016-06-18T13:00:00.000,115,49,66
2016-06-18T14:00:00.000,42,20,22
2016-06-18T15:00:00.000,15,6,9
2016-06-18T16:00:00.000,25,11,14
2016-06-18T17:00:00.000,80,31,49
2016-06-18T18:00:00.000,101,59,42
2016-06-18T19:00:00.000,70,32,38
2016-06-18T20:00:00.000,39,21,18
2016-06-18T21:00:00.000,51,23,28
2016-06-18T22:00:00.000,39,24,15
2016-06-18T23:00:00.000,39,21,18
2016-06-19T00:00:00.000,15,6,9
2016-06-19T01:00:00.000,17,9,8
2016-06-19T02:00:00.000,6,4,2
2016-06-19T03:00:00.000,1,1,0
2016-06-19T04:00:00.000,2,1,1
2016-06-19T05:00:00.000,6,5,1
2016-06-19T06:00:00.000,17,3,14
2016-06-19T07:00:00.000,53,32,21
2016-06-19T08:00:00.000,70,30,40
2016-06-19T09:00:00.000,123,56,67
2016-06-19T10:00:00.000,189,105,84
2016-06-19T11:00:00.000,145,65,80
2016-06-19T12:00:00.000,201,115,86
2016-06-19T13:00:00.000,196,85,111
2016-06-19T14:00:00.000,244,118,126
2016-06-19T15:00:00.000,229,105,124
2016-06-19T16:00:00.000,210,93,117
2016-06-19T17:00:00.000,200,108,92
2016-06-19T18:00:00.000,124,69,55
2016-06-19T19:00:00.000,72,42,30
2016-06-19T20:00:00.000,68,33,35
2016-06-19T21:00:00.000,43,28,15
2016-06-19T22:00:00.000,21,10,11
2016-06-19T23:00:00.000,21,8,13
2016-06-20T00:00:00.000,5,1,4
2016-06-20T01:00:00.000,2,0,2
2016-06-20T02:00:00.000,1,0,1
2016-06-20T03:00:00.000,2,0,2
2016-06-20T04:00:00.000,10,6,4
2016-06-20T05:00:00.000,54,33,21
2016-06-20T06:00:00.000,184,121,63
2016-06-20T07:00:00.000,428,288,140
2016-06-20T08:00:00.000,588,394,194
2016-06-20T09:00:00.000,334,206,128
2016-06-20T10:00:00.000,114,59,55
2016-06-20T11:00:00.000,58,34,24
2016-06-20T12:00:00.000,87,42,45
2016-06-20T13:00:00.000,87,44,43
2016-06-20T14:00:00.000,89,43,46
2016-06-20T15:00:00.000,151,56,95
2016-06-20T16:00:00.000,340,122,218
2016-06-20T17:00:00.000,719,180,539
2016-06-20T18:00:00.000,512,167,345
2016-06-20T19:00:00.000,249,100,149
2016-06-20T20:00:00.000,160,68,92
2016-06-20T21:00:00.000,109,61,48
2016-06-20T22:00:00.000,49,26,23
2016-06-20T23:00:00.000,16,2,14
2016-06-21T00:00:00.000,2,0,2
2016-06-21T01:00:00.000,2,2,0
2016-06-21T02:00:00.000,1,0,1
2016-06-21T03:00:00.000,2,1,1
2016-06-21T04:00:00.000,7,2,5
2016-06-21T05:00:00.000,43,34,9
2016-06-21T06:00:00.000,179,114,65
2016-06-21T07:00:00.000,429,291,138
2016-06-21T08:00:00.000,620,408,212
2016-06-21T09:00:00.000,275,176,99
2016-06-21T10:00:00.000,129,61,68
2016-06-21T11:00:00.000,88,47,41
2016-06-21T12:00:00.000,104,48,56
2016-06-21T13:00:00.000,90,45,45
2016-06-21T14:00:00.000,120,41,79
2016-06-21T15:00:00.000,140,66,74
2016-06-21T16:00:00.000,362,116,246
2016-06-21T17:00:00.000,784,221,563
2016-06-21T18:00:00.000,450,143,307
2016-06-21T19:00:00.000,244,107,137
2016-06-21T20:00:00.000,155,82,73
2016-06-21T21:00:00.000,130,58,72
2016-06-21T22:00:00.000,41,17,24
2016-06-21T23:00:00.000,28,10,18
2016-06-22T00:00:00.000,21,5,16
2016-06-22T01:00:00.000,8,5,3
2016-06-22T02:00:00.000,4,0,4
2016-06-22T03:00:00.000,3,2,1
2016-06-22T04:00:00.000,11,9,2
2016-06-22T05:00:00.000,45,25,20
2016-06-22T06:00:00.000,204,140,64
2016-06-22T07:00:00.000,470,294,176
2016-06-22T08:00:00.000,606,367,239
2016-06-22T09:00:00.000,347,217,130
2016-06-22T10:00:00.000,160,98,62
2016-06-22T11:00:00.000,108,64,44
2016-06-22T12:00:00.000,111,60,51
2016-06-22T13:00:00.000,114,58,56
2016-06-22T14:00:00.000,102,40,62
2016-06-22T15:00:00.000,189,80,109
2016-06-22T16:00:00.000,362,126,236
2016-06-22T17:00:00.000,789,234,555
2016-06-22T18:00:00.000,520,178,342
2016-06-22T19:00:00.000,253,86,167
2016-06-22T20:00:00.000,156,62,94
2016-06-22T21:00:00.000,72,28,44
2016-06-22T22:00:00.000,46,25,21
2016-06-22T23:00:00.000,23,10,13
2016-06-23T00:00:00.000,17,10,7
2016-06-23T01:00:00.000,6,5,1
2016-06-23T02:00:00.000,2,0,2
2016-06-23T03:00:00.000,2,0,2
2016-06-23T04:00:00.000,4,4,0
2016-06-23T05:00:00.000,40,24,16
2016-06-23T06:00:00.000,88,56,32
2016-06-23T07:00:00.000,242,162,80
2016-06-23T08:00:00.000,363,253,110
2016-06-23T09:00:00.000,205,135,70
2016-06-23T10:00:00.000,94,51,43
2016-06-23T11:00:00.000,55,30,25
2016-06-23T12:00:00.000,68,37,31
2016-06-23T13:00:00.000,94,38,56
2016-06-23T14:00:00.000,66,32,34
2016-06-23T15:00:00.000,87,31,56
2016-06-23T16:00:00.000,187,49,138
2016-06-23T17:00:00.000,399,111,288
2016-06-23T18:00:00.000,271,86,185
2016-06-23T19:00:00.000,137,50,87
2016-06-23T20:00:00.000,62,18,44
2016-06-23T21:00:00.000,45,23,22
2016-06-23T22:00:00.000,26,12,14
2016-06-23T23:00:00.000,12,6,6
2016-06-24T00:00:00.000,9,6,3
2016-06-24T01:00:00.000,8,3,5
2016-06-24T02:00:00.000,0,0,0
2016-06-24T03:00:00.000,1,0,1
2016-06-24T04:00:00.000,8,3,5
2016-06-24T05:00:00.000,29,21,8
2016-06-24T06:00:00.000,95,56,39
2016-06-24T07:00:00.000,249,167,82
2016-06-24T08:00:00.000,359,222,137
2016-06-24T09:00:00.000,181,100,81
2016-06-24T10:00:00.000,92,47,45
2016-06-24T11:00:00.000,58,27,31
2016-06-24T12:00:00.000,73,39,34
2016-06-24T13:00:00.000,90,47,43
2016-06-24T14:00:00.000,103,43,60
2016-06-24T15:00:00.000,140,54,86
2016-06-24T16:00:00.000,216,71,145
2016-06-24T17:00:00.000,415,112,303
2016-06-24T18:00:00.000,243,79,164
2016-06-24T19:00:00.000,98,33,65
2016-06-24T20:00:00.000,58,19,39
2016-06-24T21:00:00.000,39,14,25
2016-06-24T22:00:00.000,33,10,23
2016-06-24T23:00:00.000,18,7,11
2016-06-25T00:00:00.000,12,3,9
2016-06-25T01:00:00.000,9,1,8
2016-06-25T02:00:00.000,9,5,4
2016-06-25T03:00:00.000,5,2,3
2016-06-25T04:00:00.000,7,4,3
2016-06-25T05:00:00.000,8,3,5
2016-06-25T06:00:00.000,35,8,27
2016-06-25T07:00:00.000,51,35,16
2016-06-25T08:00:00.000,126,74,52
2016-06-25T09:00:00.000,101,42,59
2016-06-25T10:00:00.000,135,69,66
2016-06-25T11:00:00.000,138,89,49
2016-06-25T12:00:00.000,161,95,66
2016-06-25T13:00:00.000,188,108,80
2016-06-25T14:00:00.000,168,81,87
2016-06-25T15:00:00.000,211,113,98
2016-06-25T16:00:00.000,218,112,106
2016-06-25T17:00:00.000,172,86,86
2016-06-25T18:00:00.000,172,88,84
2016-06-25T19:00:00.000,117,61,56
2016-06-25T20:00:00.000,61,30,31
2016-06-25T21:00:00.000,45,26,19
2016-06-25T22:00:00.000,42,23,19
2016-06-25T23:00:00.000,32,12,20
2016-06-26T00:00:00.000,27,4,23
2016-06-26T01:00:00.000,11,4,7
2016-06-26T02:00:00.000,5,2,3
2016-06-26T03:00:00.000,8,4,4
2016-06-26T04:00:00.000,1,0,1
2016-06-26T05:00:00.000,10,6,4
2016-06-26T06:00:00.000,19,10,9
2016-06-26T07:00:00.000,41,19,22
2016-06-26T08:00:00.000,92,48,44
2016-06-26T09:00:00.000,141,79,62
2016-06-26T10:00:00.000,176,92,84
2016-06-26T11:00:00.000,214,118,96
2016-06-26T12:00:00.000,208,117,91
2016-06-26T13:00:00.000,252,145,107
2016-06-26T14:00:00.000,229,115,114
2016-06-26T15:00:00.000,236,103,133
2016-06-26T16:00:00.000,247,101,146
2016-06-26T17:00:00.000,165,74,91
2016-06-26T18:00:00.000,147,84,63
2016-06-26T19:00:00.000,81,36,45
2016-06-26T20:00:00.000,102,45,57
2016-06-26T21:00:00.000,36,19,17
2016-06-26T22:00:00.000,30,10,20
2016-06-26T23:00:00.000,22,8,14
2016-06-27T00:00:00.000,10,2,8
2016-06-27T01:00:00.000,8,4,4
2016-06-27T02:00:00.000,4,0,4
2016-06-27T03:00:00.000,4,4,0
2016-06-27T04:00:00.000,10,8,2
2016-06-27T05:00:00.000,55,38,17
2016-06-27T06:00:00.000,174,101,73
2016-06-27T07:00:00.000,464,295,169
2016-06-27T08:00:00.000,589,391,198
2016-06-27T09:00:00.000,311,200,111
2016-06-27T10:00:00.000,108,66,42
2016-06-27T11:00:00.000,83,42,41
2016-06-27T12:00:00.000,97,61,36
2016-06-27T13:00:00.000,116,64,52
2016-06-27T14:00:00.000,82,36,46
2016-06-27T15:00:00.000,180,65,115
2016-06-27T16:00:00.000,361,118,243
2016-06-27T17:00:00.000,743,208,535
2016-06-27T18:00:00.000,500,152,348
2016-06-27T19:00:00.000,285,109,176
2016-06-27T20:00:00.000,178,69,109
2016-06-27T21:00:00.000,105,48,57
2016-06-27T22:00:00.000,60,35,25
2016-06-27T23:00:00.000,19,11,8
2016-06-28T00:00:00.000,12,6,6
2016-06-28T01:00:00.000,5,2,3
2016-06-28T02:00:00.000,3,1,2
2016-06-28T03:00:00.000,3,2,1
2016-06-28T04:00:00.000,9,5,4
2016-06-28T05:00:00.000,54,31,23
2016-06-28T06:00:00.000,193,121,72
2016-06-28T07:00:00.000,477,319,158
2016-06-28T08:00:00.000,630,394,236
2016-06-28T09:00:00.000,309,181,128
2016-06-28T10:00:00.000,116,73,43
2016-06-28T11:00:00.000,85,44,41
2016-06-28T12:00:00.000,94,45,49
2016-06-28T13:00:00.000,102,49,53
2016-06-28T14:00:00.000,125,55,70
2016-06-28T15:00:00.000,194,78,116
2016-06-28T16:00:00.000,432,142,290
2016-06-28T17:00:00.000,735,188,547
2016-06-28T18:00:00.000,549,201,348
2016-06-28T19:00:00.000,277,112,165
2016-06-28T20:00:00.000,168,66,102
2016-06-28T21:00:00.000,80,40,40
2016-06-28T22:00:00.000,49,27,22
2016-06-28T23:00:00.000,44,15,29
2016-06-29T00:00:00.000,10,5,5
2016-06-29T01:00:00.000,3,1,2
2016-06-29T02:00:00.000,1,0,1
2016-06-29T03:00:00.000,4,1,3
2016-06-29T04:00:00.000,13,12,1
2016-06-29T05:00:00.000,46,26,20
2016-06-29T06:00:00.000,185,119,66
2016-06-29T07:00:00.000,436,300,136
2016-06-29T08:00:00.000,584,367,217
2016-06-29T09:00:00.000,298,185,113
2016-06-29T10:00:00.000,136,79,57
2016-06-29T11:00:00.000,80,42,38
2016-06-29T12:00:00.000,93,44,49
2016-06-29T13:00:00.000,86,43,43
2016-06-29T14:00:00.000,94,42,52
2016-06-29T15:00:00.000,187,84,103
2016-06-29T16:00:00.000,354,105,249
2016-06-29T17:00:00.000,724,199,525
2016-06-29T18:00:00.000,504,165,339
2016-06-29T19:00:00.000,284,136,148
2016-06-29T20:00:00.000,160,64,96
2016-06-29T21:00:00.000,104,43,61
2016-06-29T22:00:00.000,70,36,34
2016-06-29T23:00:00.000,28,15,13
2016-06-30T00:00:00.000,18,11,7
2016-06-30T01:00:00.000,5,1,4
2016-06-30T02:00:00.000,2,0,2
2016-06-30T03:00:00.000,1,0,1
2016-06-30T04:00:00.000,9,6,3
2016-06-30T05:00:00.000,59,38,21
2016-06-30T06:00:00.000,160,116,44
2016-06-30T07:00:00.000,399,264,135
2016-06-30T08:00:00.000,565,359,206
2016-06-30T09:00:00.000,301,179,122
2016-06-30T10:00:00.000,129,64,65
2016-06-30T11:00:00.000,71,43,28
2016-06-30T12:00:00.000,93,57,36
2016-06-30T13:00:00.000,97,58,39
2016-06-30T14:00:00.000,137,75,62
2016-06-30T15:00:00.000,164,62,102
2016-06-30T16:00:00.000,380,117,263
2016-06-30T17:00:00.000,671,170,501
2016-06-30T18:00:00.000,475,174,301
2016-06-30T19:00:00.000,248,102,146
2016-06-30T20:00:00.000,156,58,98
2016-06-30T21:00:00.000,91,41,50
2016-06-30T22:00:00.000,60,27,33
2016-06-30T23:00:00.000,23,8,15
2016-07-01T00:00:00.000,22,8,14
2016-07-01T01:00:00.000,12,8,4
2016-07-01T02:00:00.000,5,4,1
2016-07-01T03:00:00.000,5,2,3
2016-07-01T04:00:00.000,13,8,5
2016-07-01T05:00:00.000,42,29,13
2016-07-01T06:00:00.000,125,85,40
2016-07-01T07:00:00.000,326,222,104
2016-07-01T08:00:00.000,436,280,156
2016-07-01T09:00:00.000,263,147,116
2016-07-01T10:00:00.000,155,76,79
2016-07-01T11:00:00.000,109,54,55
2016-07-01T12:00:00.000,116,55,61
2016-07-01T13:00:00.000,112,54,58
2016-07-01T14:00:00.000,144,63,81
2016-07-01T15:00:00.000,232,86,146
2016-07-01T16:00:00.000,385,119,266
2016-07-01T17:00:00.000,492,156,336
2016-07-01T18:00:00.000,273,117,156
2016-07-01T19:00:00.000,148,63,85
2016-07-01T20:00:00.000,114,43,71
2016-07-01T21:00:00.000,79,38,41
2016-07-01T22:00:00.000,51,29,22
2016-07-01T23:00:00.000,39,24,15
2016-07-02T00:00:00.000,23,10,13
2016-07-02T01:00:00.000,15,7,8
2016-07-02T02:00:00.000,5,4,1
2016-07-02T03:00:00.000,3,0,3
2016-07-02T04:00:00.000,5,3,2
2016-07-02T05:00:00.000,11,8,3
2016-07-02T06:00:00.000,22,10,12
2016-07-02T07:00:00.000,58,32,26
2016-07-02T08:00:00.000,76,34,42
2016-07-02T09:00:00.000,114,61,53
2016-07-02T10:00:00.000,112,71,41
2016-07-02T11:00:00.000,182,101,81
2016-07-02T12:00:00.000,139,67,72
2016-07-02T13:00:00.000,162,88,74
2016-07-02T14:00:00.000,159,87,72
2016-07-02T15:00:00.000,216,117,99
2016-07-02T16:00:00.000,139,76,63
2016-07-02T17:00:00.000,165,89,76
2016-07-02T18:00:00.000,135,80,55
2016-07-02T19:00:00.000,111,60,51
2016-07-02T20:00:00.000,68,30,38
2016-07-02T21:00:00.000,35,16,19
2016-07-02T22:00:00.000,30,13,17
2016-07-02T23:00:00.000,29,9,20
2016-07-03T00:00:00.000,22,7,15
2016-07-03T01:00:00.000,5,1,4
2016-07-03T02:00:00.000,8,7,1
2016-07-03T03:00:00.000,4,1,3
2016-07-03T04:00:00.000,5,0,5
2016-07-03T05:00:00.000,10,3,7
2016-07-03T06:00:00.000,15,4,11
2016-07-03T07:00:00.000,24,11,13
2016-07-03T08:00:00.000,58,32,26
2016-07-03T09:00:00.000,69,36,33
2016-07-03T10:00:00.000,76,35,41
2016-07-03T11:00:00.000,149,60,89
2016-07-03T12:00:00.000,127,64,63
2016-07-03T13:00:00.000,173,87,86
2016-07-03T14:00:00.000,169,77,92
2016-07-03T15:00:00.000,170,74,96
2016-07-03T16:00:00.000,178,86,92
2016-07-03T17:00:00.000,158,56,102
2016-07-03T18:00:00.000,121,60,61
2016-07-03T19:00:00.000,80,45,35
2016-07-03T20:00:00.000,51,25,26
2016-07-03T21:00:00.000,48,27,21
2016-07-03T22:00:00.000,32,15,17
2016-07-03T23:00:00.000,29,11,18
2016-07-04T00:00:00.000,18,8,10
2016-07-04T01:00:00.000,6,3,3
2016-07-04T02:00:00.000,3,2,1
2016-07-04T03:00:00.000,0,0,0
2016-07-04T04:00:00.000,3,0,3
2016-07-04T05:00:00.000,9,5,4
2016-07-04T06:00:00.000,30,11,19
2016-07-04T07:00:00.000,30,12,18
2016-07-04T08:00:00.000,59,31,28
2016-07-04T09:00:00.000,87,55,32
2016-07-04T10:00:00.000,108,58,50
2016-07-04T11:00:00.000,143,80,63
2016-07-04T12:00:00.000,144,82,62
2016-07-04T13:00:00.000,183,67,116
2016-07-04T14:00:00.000,165,85,80
2016-07-04T15:00:00.000,197,91,106
2016-07-04T16:00:00.000,177,93,84
2016-07-04T17:00:00.000,142,64,78
2016-07-04T18:00:00.000,126,56,70
2016-07-04T19:00:00.000,104,59,45
2016-07-04T20:00:00.000,110,53,57
2016-07-04T21:00:00.000,109,56,53
2016-07-04T22:00:00.000,83,39,44
2016-07-04T23:00:00.000,172,48,124
2016-07-05T00:00:00.000,32,17,15
2016-07-05T01:00:00.000,9,4,5
2016-07-05T02:00:00.000,5,1,4
2016-07-05T03:00:00.000,4,2,2
2016-07-05T04:00:00.000,8,7,1
2016-07-05T05:00:00.000,37,24,13
2016-07-05T06:00:00.000,112,80,32
2016-07-05T07:00:00.000,300,200,100
2016-07-05T08:00:00.000,459,304,155
2016-07-05T09:00:00.000,216,124,92
2016-07-05T10:00:00.000,123,60,63
2016-07-05T11:00:00.000,58,23,35
2016-07-05T12:00:00.000,63,40,23
2016-07-05T13:00:00.000,73,46,27
2016-07-05T14:00:00.000,92,48,44
2016-07-05T15:00:00.000,119,44,75
2016-07-05T16:00:00.000,241,76,165
2016-07-05T17:00:00.000,475,124,351
2016-07-05T18:00:00.000,386,142,244
2016-07-05T19:00:00.000,177,65,112
2016-07-05T20:00:00.000,112,41,71
2016-07-05T21:00:00.000,64,34,30
2016-07-05T22:00:00.000,34,11,23
2016-07-05T23:00:00.000,22,7,15
2016-07-06T00:00:00.000,12,6,6
2016-07-06T01:00:00.000,2,0,2
2016-07-06T02:00:00.000,4,1,3
2016-07-06T03:00:00.000,3,3,0
2016-07-06T04:00:00.000,16,14,2
2016-07-06T05:00:00.000,51,26,25
2016-07-06T06:00:00.000,189,118,71
2016-07-06T07:00:00.000,490,324,166
2016-07-06T08:00:00.000,589,375,214
2016-07-06T09:00:00.000,331,201,130
2016-07-06T10:00:00.000,125,65,60
2016-07-06T11:00:00.000,135,65,70
2016-07-06T12:00:00.000,108,61,47
2016-07-06T13:00:00.000,100,68,32
2016-07-06T14:00:00.000,120,55,65
2016-07-06T15:00:00.000,167,70,97
2016-07-06T16:00:00.000,387,153,234
2016-07-06T17:00:00.000,778,229,549
2016-07-06T18:00:00.000,562,210,352
2016-07-06T19:00:00.000,302,114,188
2016-07-06T20:00:00.000,173,74,99
2016-07-06T21:00:00.000,108,51,57
2016-07-06T22:00:00.000,42,19,23
2016-07-06T23:00:00.000,22,4,18
2016-07-07T00:00:00.000,14,5,9
2016-07-07T01:00:00.000,2,1,1
2016-07-07T02:00:00.000,2,1,1
2016-07-07T03:00:00.000,3,1,2
2016-07-07T04:00:00.000,7,3,4
2016-07-07T05:00:00.000,52,28,24
2016-07-07T06:00:00.000,147,94,53
2016-07-07T07:00:00.000,379,257,122
2016-07-07T08:00:00.000,467,305,162
2016-07-07T09:00:00.000,285,175,110
2016-07-07T10:00:00.000,94,51,43
2016-07-07T11:00:00.000,76,46,30
2016-07-07T12:00:00.000,84,35,49
2016-07-07T13:00:00.000,86,35,51
2016-07-07T14:00:00.000,113,36,77
2016-07-07T15:00:00.000,133,56,77
2016-07-07T16:00:00.000,296,93,203
2016-07-07T17:00:00.000,521,144,377
2016-07-07T18:00:00.000,333,92,241
2016-07-07T19:00:00.000,134,38,96
2016-07-07T20:00:00.000,86,26,60
2016-07-07T21:00:00.000,55,21,34
2016-07-07T22:00:00.000,38,12,26
2016-07-07T23:00:00.000,19,8,11
2016-07-08T00:00:00.000,8,2,6
2016-07-08T01:00:00.000,2,0,2
2016-07-08T02:00:00.000,3,2,1
2016-07-08T03:00:00.000,3,1,2
2016-07-08T04:00:00.000,4,2,2
2016-07-08T05:00:00.000,20,11,9
2016-07-08T06:00:00.000,122,76,46
2016-07-08T07:00:00.000,306,211,95
2016-07-08T08:00:00.000,392,239,153
2016-07-08T09:00:00.000,219,135,84
2016-07-08T10:00:00.000,61,32,29
2016-07-08T11:00:00.000,76,44,32
2016-07-08T12:00:00.000,81,36,45
2016-07-08T13:00:00.000,85,47,38
2016-07-08T14:00:00.000,115,52,63
2016-07-08T15:00:00.000,121,37,84
2016-07-08T16:00:00.000,314,102,212
2016-07-08T17:00:00.000,512,133,379
2016-07-08T18:00:00.000,283,95,188
2016-07-08T19:00:00.000,186,68,118
2016-07-08T20:00:00.000,123,56,67
2016-07-08T21:00:00.000,469,62,407
2016-07-08T22:00:00.000,261,172,89
2016-07-08T23:00:00.000,208,68,140
2016-07-09T00:00:00.000,18,11,7
2016-07-09T01:00:00.000,5,2,3
2016-07-09T02:00:00.000,6,3,3
2016-07-09T03:00:00.000,1,0,1
2016-07-09T04:00:00.000,6,1,5
2016-07-09T05:00:00.000,5,2,3
2016-07-09T06:00:00.000,24,11,13
2016-07-09T07:00:00.000,53,31,22
2016-07-09T08:00:00.000,101,47,54
2016-07-09T09:00:00.000,127,70,57
2016-07-09T10:00:00.000,166,93,73
2016-07-09T11:00:00.000,192,101,91
2016-07-09T12:00:00.000,173,70,103
2016-07-09T13:00:00.000,143,84,59
2016-07-09T14:00:00.000,192,114,78
2016-07-09T15:00:00.000,148,71,77
2016-07-09T16:00:00.000,183,83,100
2016-07-09T17:00:00.000,132,61,71
2016-07-09T18:00:00.000,111,52,59
2016-07-09T19:00:00.000,79,43,36
2016-07-09T20:00:00.000,55,31,24
2016-07-09T21:00:00.000,48,18,30
2016-07-09T22:00:00.000,28,13,15
2016-07-09T23:00:00.000,33,13,20
2016-07-10T00:00:00.000,11,4,7
2016-07-10T01:00:00.000,12,4,8
2016-07-10T02:00:00.000,7,3,4
2016-07-10T03:00:00.000,5,1,4
2016-07-10T04:00:00.000,7,2,5
2016-07-10T05:00:00.000,6,3,3
2016-07-10T06:00:00.000,20,9,11
2016-07-10T07:00:00.000,46,27,19
2016-07-10T08:00:00.000,62,35,27
2016-07-10T09:00:00.000,121,70,51
2016-07-10T10:00:00.000,119,65,54
2016-07-10T11:00:00.000,207,127,80
2016-07-10T12:00:00.000,188,97,91
2016-07-10T13:00:00.000,222,121,101
2016-07-10T14:00:00.000,233,135,98
2016-07-10T15:00:00.000,237,109,128
2016-07-10T16:00:00.000,153,66,87
2016-07-10T17:00:00.000,170,88,82
2016-07-10T18:00:00.000,129,79,50
2016-07-10T19:00:00.000,93,52,41
2016-07-10T20:00:00.000,64,30,34
2016-07-10T21:00:00.000,60,31,29
2016-07-10T22:00:00.000,36,20,16
2016-07-10T23:00:00.000,21,10,11
2016-07-11T00:00:00.000,16,9,7
2016-07-11T01:00:00.000,2,2,0
2016-07-11T02:00:00.000,3,0,3
2016-07-11T03:00:00.000,1,0,1
2016-07-11T04:00:00.000,4,3,1
2016-07-11T05:00:00.000,41,29,12
2016-07-11T06:00:00.000,171,102,69
2016-07-11T07:00:00.000,423,279,144
2016-07-11T08:00:00.000,551,358,193
2016-07-11T09:00:00.000,292,175,117
2016-07-11T10:00:00.000,124,64,60
2016-07-11T11:00:00.000,71,36,35
2016-07-11T12:00:00.000,86,42,44
2016-07-11T13:00:00.000,92,45,47
2016-07-11T14:00:00.000,105,52,53
2016-07-11T15:00:00.000,146,60,86
2016-07-11T16:00:00.000,357,119,238
2016-07-11T17:00:00.000,653,174,479
2016-07-11T18:00:00.000,508,144,364
2016-07-11T19:00:00.000,223,91,132
2016-07-11T20:00:00.000,144,52,92
2016-07-11T21:00:00.000,79,34,45
2016-07-11T22:00:00.000,34,15,19
2016-07-11T23:00:00.000,19,8,11
2016-07-12T00:00:00.000,13,5,8
2016-07-12T01:00:00.000,4,2,2
2016-07-12T02:00:00.000,8,5,3
2016-07-12T03:00:00.000,3,2,1
2016-07-12T04:00:00.000,9,5,4
2016-07-12T05:00:00.000,42,29,13
2016-07-12T06:00:00.000,187,113,74
2016-07-12T07:00:00.000,462,304,158
2016-07-12T08:00:00.000,533,347,186
2016-07-12T09:00:00.000,297,174,123
2016-07-12T10:00:00.000,113,60,53
2016-07-12T11:00:00.000,96,49,47
2016-07-12T12:00:00.000,100,63,37
2016-07-12T13:00:00.000,110,64,46
2016-07-12T14:00:00.000,110,54,56
2016-07-12T15:00:00.000,167,75,92
2016-07-12T16:00:00.000,326,112,214
2016-07-12T17:00:00.000,677,180,497
2016-07-12T18:00:00.000,531,172,359
2016-07-12T19:00:00.000,268,118,150
2016-07-12T20:00:00.000,178,74,104
2016-07-12T21:00:00.000,98,45,53
2016-07-12T22:00:00.000,27,10,17
2016-07-12T23:00:00.000,25,12,13
2016-07-13T00:00:00.000,18,7,11
2016-07-13T01:00:00.000,6,4,2
2016-07-13T02:00:00.000,3,0,3
2016-07-13T03:00:00.000,4,1,3
2016-07-13T04:00:00.000,8,6,2
2016-07-13T05:00:00.000,63,39,24
2016-07-13T06:00:00.000,193,122,71
2016-07-13T07:00:00.000,475,321,154
2016-07-13T08:00:00.000,626,399,227
2016-07-13T09:00:00.000,304,185,119
2016-07-13T10:00:00.000,134,75,59
2016-07-13T11:00:00.000,89,51,38
2016-07-13T12:00:00.000,110,61,49
2016-07-13T13:00:00.000,89,42,47
2016-07-13T14:00:00.000,120,68,52
2016-07-13T15:00:00.000,207,76,131
2016-07-13T16:00:00.000,358,133,225
2016-07-13T17:00:00.000,787,220,567
2016-07-13T18:00:00.000,488,179,309
2016-07-13T19:00:00.000,277,115,162
2016-07-13T20:00:00.000,141,57,84
2016-07-13T21:00:00.000,91,44,47
2016-07-13T22:00:00.000,78,26,52
2016-07-13T23:00:00.000,27,11,16
2016-07-14T00:00:00.000,16,6,10
2016-07-14T01:00:00.000,9,5,4
2016-07-14T02:00:00.000,6,2,4
2016-07-14T03:00:00.000,2,0,2
2016-07-14T04:00:00.000,11,8,3
2016-07-14T05:00:00.000,54,34,20
2016-07-14T06:00:00.000,197,124,73
2016-07-14T07:00:00.000,439,288,151
2016-07-14T08:00:00.000,598,394,204
2016-07-14T09:00:00.000,324,183,141
2016-07-14T10:00:00.000,127,71,56
2016-07-14T11:00:00.000,104,63,41
2016-07-14T12:00:00.000,125,74,51
2016-07-14T13:00:00.000,108,61,47
2016-07-14T14:00:00.000,137,66,71
2016-07-14T15:00:00.000,195,84,111
2016-07-14T16:00:00.000,392,132,260
2016-07-14T17:00:00.000,704,201,503
2016-07-14T18:00:00.000,507,164,343
2016-07-14T19:00:00.000,247,94,153
2016-07-14T20:00:00.000,164,73,91
2016-07-14T21:00:00.000,94,50,44
2016-07-14T22:00:00.000,41,20,21
2016-07-14T23:00:00.000,20,6,14
2016-07-15T00:00:00.000,14,4,10
2016-07-15T01:00:00.000,7,3,4
2016-07-15T02:00:00.000,9,4,5
2016-07-15T03:00:00.000,3,2,1
2016-07-15T04:00:00.000,8,4,4
2016-07-15T05:00:00.000,35,21,14
2016-07-15T06:00:00.000,125,76,49
2016-07-15T07:00:00.000,360,240,120
2016-07-15T08:00:00.000,482,302,180
2016-07-15T09:00:00.000,250,131,119
2016-07-15T10:00:00.000,108,54,54
2016-07-15T11:00:00.000,105,60,45
2016-07-15T12:00:00.000,121,52,69
2016-07-15T13:00:00.000,132,53,79
2016-07-15T14:00:00.000,139,59,80
2016-07-15T15:00:00.000,221,94,127
2016-07-15T16:00:00.000,376,123,253
2016-07-15T17:00:00.000,544,163,381
2016-07-15T18:00:00.000,349,132,217
2016-07-15T19:00:00.000,182,75,107
2016-07-15T20:00:00.000,109,40,69
2016-07-15T21:00:00.000,62,38,24
2016-07-15T22:00:00.000,56,25,31
2016-07-15T23:00:00.000,39,17,22
2016-07-16T00:00:00.000,18,8,10
2016-07-16T01:00:00.000,13,7,6
2016-07-16T02:00:00.000,6,3,3
2016-07-16T03:00:00.000,7,3,4
2016-07-16T04:00:00.000,39,10,29
2016-07-16T05:00:00.000,49,17,32
2016-07-16T06:00:00.000,63,18,45
2016-07-16T07:00:00.000,52,23,29
2016-07-16T08:00:00.000,82,42,40
2016-07-16T09:00:00.000,110,46,64
2016-07-16T10:00:00.000,125,63,62
2016-07-16T11:00:00.000,143,84,59
2016-07-16T12:00:00.000,185,105,80
2016-07-16T13:00:00.000,134,63,71
2016-07-16T14:00:00.000,158,99,59
2016-07-16T15:00:00.000,162,88,74
2016-07-16T16:00:00.000,172,100,72
2016-07-16T17:00:00.000,171,72,99
2016-07-16T18:00:00.000,110,43,67
2016-07-16T19:00:00.000,72,35,37
2016-07-16T20:00:00.000,82,44,38
2016-07-16T21:00:00.000,42,22,20
2016-07-16T22:00:00.000,36,17,19
2016-07-16T23:00:00.000,38,14,24
2016-07-17T00:00:00.000,17,10,7
2016-07-17T01:00:00.000,13,3,10
2016-07-17T02:00:00.000,4,2,2
2016-07-17T03:00:00.000,5,3,2
2016-07-17T04:00:00.000,1,0,1
2016-07-17T05:00:00.000,9,7,2
2016-07-17T06:00:00.000,21,10,11
2016-07-17T07:00:00.000,29,11,18
2016-07-17T08:00:00.000,73,38,35
2016-07-17T09:00:00.000,93,54,39
2016-07-17T10:00:00.000,116,55,61
2016-07-17T11:00:00.000,177,93,84
2016-07-17T12:00:00.000,174,93,81
2016-07-17T13:00:00.000,176,97,79
2016-07-17T14:00:00.000,211,103,108
2016-07-17T15:00:00.000,201,115,86
2016-07-17T16:00:00.000,168,75,93
2016-07-17T17:00:00.000,150,77,73
2016-07-17T18:00:00.000,136,63,73
2016-07-17T19:00:00.000,88,37,51
2016-07-17T20:00:00.000,81,33,48
2016-07-17T21:00:00.000,47,25,22
2016-07-17T22:00:00.000,32,15,17
2016-07-17T23:00:00.000,15,6,9
2016-07-18T00:00:00.000,22,9,13
2016-07-18T01:00:00.000,3,0,3
2016-07-18T02:00:00.000,4,1,3
2016-07-18T03:00:00.000,0,0,0
2016-07-18T04:00:00.000,10,7,3
2016-07-18T05:00:00.000,52,32,20
2016-07-18T06:00:00.000,161,106,55
2016-07-18T07:00:00.000,427,292,135
2016-07-18T08:00:00.000,523,345,178
2016-07-18T09:00:00.000,298,186,112
2016-07-18T10:00:00.000,133,66,67
2016-07-18T11:00:00.000,92,48,44
2016-07-18T12:00:00.000,87,43,44
2016-07-18T13:00:00.000,80,51,29
2016-07-18T14:00:00.000,87,33,54
2016-07-18T15:00:00.000,117,49,68
2016-07-18T16:00:00.000,287,80,207
2016-07-18T17:00:00.000,634,152,482
2016-07-18T18:00:00.000,400,149,251
2016-07-18T19:00:00.000,233,79,154
2016-07-18T20:00:00.000,113,38,75
2016-07-18T21:00:00.000,73,34,39
2016-07-18T22:00:00.000,40,16,24
2016-07-18T23:00:00.000,21,9,12
2016-07-19T00:00:00.000,9,3,6
2016-07-19T01:00:00.000,2,0,2
2016-07-19T02:00:00.000,5,2,3
2016-07-19T03:00:00.000,2,2,0
2016-07-19T04:00:00.000,9,7,2
2016-07-19T05:00:00.000,52,29,23
2016-07-19T06:00:00.000,181,119,62
2016-07-19T07:00:00.000,459,317,142
2016-07-19T08:00:00.000,612,386,226
2016-07-19T09:00:00.000,306,192,114
2016-07-19T10:00:00.000,130,70,60
2016-07-19T11:00:00.000,85,48,37
2016-07-19T12:00:00.000,107,71,36
2016-07-19T13:00:00.000,136,85,51
2016-07-19T14:00:00.000,114,61,53
2016-07-19T15:00:00.000,165,62,103
2016-07-19T16:00:00.000,362,116,246
2016-07-19T17:00:00.000,719,182,537
2016-07-19T18:00:00.000,442,153,289
2016-07-19T19:00:00.000,246,96,150
2016-07-19T20:00:00.000,155,69,86
2016-07-19T21:00:00.000,90,51,39
2016-07-19T22:00:00.000,60,32,28
2016-07-19T23:00:00.000,30,10,20
2016-07-20T00:00:00.000,12,7,5
2016-07-20T01:00:00.000,2,1,1
2016-07-20T02:00:00.000,5,2,3
2016-07-20T03:00:00.000,1,1,0
2016-07-20T04:00:00.000,13,9,4
2016-07-20T05:00:00.000,51,33,18
2016-07-20T06:00:00.000,199,124,75
2016-07-20T07:00:00.000,471,306,165
2016-07-20T08:00:00.000,615,370,245
2016-07-20T09:00:00.000,315,199,116
2016-07-20T10:00:00.000,123,75,48
2016-07-20T11:00:00.000,115,64,51
2016-07-20T12:00:00.000,97,44,53
2016-07-20T13:00:00.000,107,56,51
2016-07-20T14:00:00.000,129,64,65
2016-07-20T15:00:00.000,176,89,87
2016-07-20T16:00:00.000,354,111,243
2016-07-20T17:00:00.000,760,207,553
2016-07-20T18:00:00.000,489,176,313
2016-07-20T19:00:00.000,246,108,138
2016-07-20T20:00:00.000,207,90,117
2016-07-20T21:00:00.000,95,57,38
2016-07-20T22:00:00.000,34,17,17
2016-07-20T23:00:00.000,32,10,22
2016-07-21T00:00:00.000,13,6,7
2016-07-21T01:00:00.000,9,5,4
2016-07-21T02:00:00.000,10,4,6
2016-07-21T03:00:00.000,7,1,6
2016-07-21T04:00:00.000,9,6,3
2016-07-21T05:00:00.000,42,25,17
2016-07-21T06:00:00.000,175,114,61
2016-07-21T07:00:00.000,448,294,154
2016-07-21T08:00:00.000,578,376,202
2016-07-21T09:00:00.000,302,190,112
2016-07-21T10:00:00.000,145,86,59
2016-07-21T11:00:00.000,113,58,55
2016-07-21T12:00:00.000,116,55,61
2016-07-21T13:00:00.000,129,67,62
2016-07-21T14:00:00.000,128,55,73
2016-07-21T15:00:00.000,196,78,118
2016-07-21T16:00:00.000,370,132,238
2016-07-21T17:00:00.000,695,194,501
2016-07-21T18:00:00.000,491,163,328
2016-07-21T19:00:00.000,259,88,171
2016-07-21T20:00:00.000,137,46,91
2016-07-21T21:00:00.000,89,35,54
2016-07-21T22:00:00.000,49,22,27
2016-07-21T23:00:00.000,41,20,21
2016-07-22T00:00:00.000,25,14,11
2016-07-22T01:00:00.000,8,4,4
2016-07-22T02:00:00.000,4,3,1
2016-07-22T03:00:00.000,6,4,2
2016-07-22T04:00:00.000,8,5,3
2016-07-22T05:00:00.000,27,16,11
2016-07-22T06:00:00.000,85,60,25
2016-07-22T07:00:00.000,143,98,45
2016-07-22T08:00:00.000,217,143,74
2016-07-22T09:00:00.000,148,78,70
2016-07-22T10:00:00.000,64,36,28
2016-07-22T11:00:00.000,41,21,20
2016-07-22T12:00:00.000,54,24,30
2016-07-22T13:00:00.000,86,50,36
2016-07-22T14:00:00.000,86,42,44
2016-07-22T15:00:00.000,115,43,72
2016-07-22T16:00:00.000,198,58,140
2016-07-22T17:00:00.000,271,77,194
2016-07-22T18:00:00.000,231,87,144
2016-07-22T19:00:00.000,112,44,68
2016-07-22T20:00:00.000,58,29,29
2016-07-22T21:00:00.000,36,18,18
2016-07-22T22:00:00.000,28,9,19
2016-07-22T23:00:00.000,27,12,15
2016-07-23T00:00:00.000,16,6,10
2016-07-23T01:00:00.000,11,6,5
2016-07-23T02:00:00.000,9,5,4
2016-07-23T03:00:00.000,4,3,1
2016-07-23T04:00:00.000,3,1,2
2016-07-23T05:00:00.000,13,6,7
2016-07-23T06:00:00.000,25,14,11
2016-07-23T07:00:00.000,53,25,28
2016-07-23T08:00:00.000,67,30,37
2016-07-23T09:00:00.000,110,66,44
2016-07-23T10:00:00.000,116,61,55
2016-07-23T11:00:00.000,136,66,70
2016-07-23T12:00:00.000,152,76,76
2016-07-23T13:00:00.000,172,84,88
2016-07-23T14:00:00.000,193,105,88
2016-07-23T15:00:00.000,172,93,79
2016-07-23T16:00:00.000,179,93,86
2016-07-23T17:00:00.000,151,72,79
2016-07-23T18:00:00.000,192,100,92
2016-07-23T19:00:00.000,99,47,52
2016-07-23T20:00:00.000,68,30,38
2016-07-23T21:00:00.000,62,35,27
2016-07-23T22:00:00.000,48,23,25
2016-07-23T23:00:00.000,56,20,36
2016-07-24T00:00:00.000,22,14,8
2016-07-24T01:00:00.000,18,11,7
2016-07-24T02:00:00.000,10,4,6
2016-07-24T03:00:00.000,6,3,3
2016-07-24T04:00:00.000,2,1,1
2016-07-24T05:00:00.000,9,4,5
2016-07-24T06:00:00.000,16,7,9
2016-07-24T07:00:00.000,39,26,13
2016-07-24T08:00:00.000,59,32,27
2016-07-24T09:00:00.000,101,59,42
2016-07-24T10:00:00.000,134,78,56
2016-07-24T11:00:00.000,214,113,101
2016-07-24T12:00:00.000,182,95,87
2016-07-24T13:00:00.000,207,104,103
2016-07-24T14:00:00.000,210,124,86
2016-07-24T15:00:00.000,198,108,90
2016-07-24T16:00:00.000,171,73,98
2016-07-24T17:00:00.000,176,89,87
2016-07-24T18:00:00.000,123,61,62
2016-07-24T19:00:00.000,104,47,57
2016-07-24T20:00:00.000,66,34,32
2016-07-24T21:00:00.000,47,24,23
2016-07-24T22:00:00.000,36,18,18
2016-07-24T23:00:00.000,20,7,13
2016-07-25T00:00:00.000,15,4,11
2016-07-25T01:00:00.000,5,2,3
2016-07-25T02:00:00.000,1,1,0
2016-07-25T03:00:00.000,7,2,5
2016-07-25T04:00:00.000,10,6,4
2016-07-25T05:00:00.000,46,33,13
2016-07-25T06:00:00.000,161,100,61
2016-07-25T07:00:00.000,459,301,158
2016-07-25T08:00:00.000,579,366,213
2016-07-25T09:00:00.000,342,191,151
2016-07-25T10:00:00.000,106,65,41
2016-07-25T11:00:00.000,92,49,43
2016-07-25T12:00:00.000,99,52,47
2016-07-25T13:00:00.000,99,58,41
2016-07-25T14:00:00.000,93,50,43
2016-07-25T15:00:00.000,149,48,101
2016-07-25T16:00:00.000,354,116,238
2016-07-25T17:00:00.000,719,188,531
2016-07-25T18:00:00.000,483,162,321
2016-07-25T19:00:00.000,264,96,168
2016-07-25T20:00:00.000,145,70,75
2016-07-25T21:00:00.000,91,51,40
2016-07-25T22:00:00.000,40,16,24
2016-07-25T23:00:00.000,16,6,10
2016-07-26T00:00:00.000,9,3,6
2016-07-26T01:00:00.000,6,2,4
2016-07-26T02:00:00.000,5,1,4
2016-07-26T03:00:00.000,5,3,2
2016-07-26T04:00:00.000,16,10,6
2016-07-26T05:00:00.000,50,31,19
2016-07-26T06:00:00.000,185,122,63
2016-07-26T07:00:00.000,486,332,154
2016-07-26T08:00:00.000,584,353,231
2016-07-26T09:00:00.000,336,196,140
2016-07-26T10:00:00.000,122,73,49
2016-07-26T11:00:00.000,90,50,40
2016-07-26T12:00:00.000,104,51,53
2016-07-26T13:00:00.000,111,59,52
2016-07-26T14:00:00.000,119,49,70
2016-07-26T15:00:00.000,213,93,120
2016-07-26T16:00:00.000,366,124,242
2016-07-26T17:00:00.000,780,219,561
2016-07-26T18:00:00.000,474,163,311
2016-07-26T19:00:00.000,312,124,188
2016-07-26T20:00:00.000,193,92,101
2016-07-26T21:00:00.000,107,52,55
2016-07-26T22:00:00.000,47,24,23
2016-07-26T23:00:00.000,24,13,11
2016-07-27T00:00:00.000,13,6,7
2016-07-27T01:00:00.000,6,1,5
2016-07-27T02:00:00.000,7,0,7
2016-07-27T03:00:00.000,2,2,0
2016-07-27T04:00:00.000,11,8,3
2016-07-27T05:00:00.000,56,35,21
2016-07-27T06:00:00.000,197,130,67
2016-07-27T07:00:00.000,505,328,177
2016-07-27T08:00:00.000,549,336,213
2016-07-27T09:00:00.000,332,191,141
2016-07-27T10:00:00.000,125,76,49
2016-07-27T11:00:00.000,94,46,48
2016-07-27T12:00:00.000,118,52,66
2016-07-27T13:00:00.000,95,48,47
2016-07-27T14:00:00.000,119,45,74
2016-07-27T15:00:00.000,181,71,110
2016-07-27T16:00:00.000,415,151,264
2016-07-27T17:00:00.000,783,215,568
2016-07-27T18:00:00.000,510,178,332
2016-07-27T19:00:00.000,296,120,176
2016-07-27T20:00:00.000,174,91,83
2016-07-27T21:00:00.000,103,30,73
2016-07-27T22:00:00.000,72,34,38
2016-07-27T23:00:00.000,31,14,17
2016-07-28T00:00:00.000,17,6,11
2016-07-28T01:00:00.000,7,2,5
2016-07-28T02:00:00.000,3,1,2
2016-07-28T03:00:00.000,2,0,2
2016-07-28T04:00:00.000,9,7,2
2016-07-28T05:00:00.000,47,28,19
2016-07-28T06:00:00.000,172,115,57
2016-07-28T07:00:00.000,455,310,145
2016-07-28T08:00:00.000,570,364,206
2016-07-28T09:00:00.000,314,186,128
2016-07-28T10:00:00.000,138,85,53
2016-07-28T11:00:00.000,111,57,54
2016-07-28T12:00:00.000,105,67,38
2016-07-28T13:00:00.000,120,55,65
2016-07-28T14:00:00.000,108,61,47
2016-07-28T15:00:00.000,182,59,123
2016-07-28T16:00:00.000,318,104,214
2016-07-28T17:00:00.000,714,215,499
2016-07-28T18:00:00.000,485,166,319
2016-07-28T19:00:00.000,231,84,147
2016-07-28T20:00:00.000,175,63,112
2016-07-28T21:00:00.000,112,60,52
2016-07-28T22:00:00.000,58,27,31
2016-07-28T23:00:00.000,30,15,15
2016-07-29T00:00:00.000,12,2,10
2016-07-29T01:00:00.000,13,6,7
2016-07-29T02:00:00.000,6,3,3
2016-07-29T03:00:00.000,5,3,2
2016-07-29T04:00:00.000,9,4,5
2016-07-29T05:00:00.000,39,25,14
2016-07-29T06:00:00.000,139,93,46
2016-07-29T07:00:00.000,371,254,117
2016-07-29T08:00:00.000,477,295,182
2016-07-29T09:00:00.000,307,186,121
2016-07-29T10:00:00.000,134,71,63
2016-07-29T11:00:00.000,115,59,56
2016-07-29T12:00:00.000,128,62,66
2016-07-29T13:00:00.000,98,56,42
2016-07-29T14:00:00.000,134,53,81
2016-07-29T15:00:00.000,215,83,132
2016-07-29T16:00:00.000,349,119,230
2016-07-29T17:00:00.000,535,146,389
2016-07-29T18:00:00.000,345,121,224
2016-07-29T19:00:00.000,182,58,124
2016-07-29T20:00:00.000,150,60,90
2016-07-29T21:00:00.000,66,28,38
2016-07-29T22:00:00.000,56,28,28
2016-07-29T23:00:00.000,53,33,20
2016-07-30T00:00:00.000,44,18,26
2016-07-30T01:00:00.000,15,9,6
2016-07-30T02:00:00.000,7,6,1
2016-07-30T03:00:00.000,4,1,3
2016-07-30T04:00:00.000,6,2,4
2016-07-30T05:00:00.000,11,6,5
2016-07-30T06:00:00.000,22,14,8
2016-07-30T07:00:00.000,58,27,31
2016-07-30T08:00:00.000,92,55,37
2016-07-30T09:00:00.000,127,72,55
2016-07-30T10:00:00.000,124,58,66
2016-07-30T11:00:00.000,134,75,59
2016-07-30T12:00:00.000,161,79,82
2016-07-30T13:00:00.000,200,100,100
2016-07-30T14:00:00.000,166,80,86
2016-07-30T15:00:00.000,194,96,98
2016-07-30T16:00:00.000,172,102,70
2016-07-30T17:00:00.000,185,84,101
2016-07-30T18:00:00.000,118,60,58
2016-07-30T19:00:00.000,97,32,65
2016-07-30T20:00:00.000,70,37,33
2016-07-30T21:00:00.000,50,19,31
2016-07-30T22:00:00.000,31,15,16
2016-07-30T23:00:00.000,43,12,31
2016-07-31T00:00:00.000,25,12,13
2016-07-31T01:00:00.000,13,2,11
2016-07-31T02:00:00.000,8,1,7
2016-07-31T03:00:00.000,4,0,4
2016-07-31T04:00:00.000,5,2,3
2016-07-31T05:00:00.000,6,2,4
2016-07-31T06:00:00.000,25,14,11
2016-07-31T07:00:00.000,32,17,15
2016-07-31T08:00:00.000,71,38,33
2016-07-31T09:00:00.000,104,59,45
2016-07-31T10:00:00.000,135,68,67
2016-07-31T11:00:00.000,166,87,79
2016-07-31T12:00:00.000,198,116,82
2016-07-31T13:00:00.000,142,66,76
2016-07-31T14:00:00.000,190,99,91
2016-07-31T15:00:00.000,217,122,95
2016-07-31T16:00:00.000,215,114,101
2016-07-31T17:00:00.000,169,84,85
2016-07-31T18:00:00.000,129,66,63
2016-07-31T19:00:00.000,95,49,46
2016-07-31T20:00:00.000,73,31,42
2016-07-31T21:00:00.000,44,23,21
2016-07-31T22:00:00.000,25,14,11
2016-07-31T23:00:00.000,14,8,6
2016-08-01T00:00:00.000,11,3,8
2016-08-01T01:00:00.000,10,3,7
2016-08-01T02:00:00.000,6,2,4
2016-08-01T03:00:00.000,3,2,1
2016-08-01T04:00:00.000,10,4,6
2016-08-01T05:00:00.000,52,32,20
2016-08-01T06:00:00.000,178,121,57
2016-08-01T07:00:00.000,394,274,120
2016-08-01T08:00:00.000,609,382,227
2016-08-01T09:00:00.000,325,197,128
2016-08-01T10:00:00.000,100,51,49
2016-08-01T11:00:00.000,74,46,28
2016-08-01T12:00:00.000,82,41,41
2016-08-01T13:00:00.000,93,49,44
2016-08-01T14:00:00.000,119,61,58
2016-08-01T15:00:00.000,168,70,98
2016-08-01T16:00:00.000,323,102,221
2016-08-01T17:00:00.000,635,173,462
2016-08-01T18:00:00.000,558,185,373
2016-08-01T19:00:00.000,228,99,129
2016-08-01T20:00:00.000,133,56,77
2016-08-01T21:00:00.000,76,27,49
2016-08-01T22:00:00.000,43,8,35
2016-08-01T23:00:00.000,19,11,8
2016-08-02T00:00:00.000,7,1,6
2016-08-02T01:00:00.000,5,3,2
2016-08-02T02:00:00.000,1,0,1
2016-08-02T03:00:00.000,1,0,1
2016-08-02T04:00:00.000,10,6,4
2016-08-02T05:00:00.000,39,24,15
2016-08-02T06:00:00.000,153,97,56
2016-08-02T07:00:00.000,333,235,98
2016-08-02T08:00:00.000,512,320,192
2016-08-02T09:00:00.000,248,151,97
2016-08-02T10:00:00.000,98,59,39
2016-08-02T11:00:00.000,61,40,21
2016-08-02T12:00:00.000,79,47,32
2016-08-02T13:00:00.000,72,38,34
2016-08-02T14:00:00.000,84,36,48
2016-08-02T15:00:00.000,135,57,78
2016-08-02T16:00:00.000,303,93,210
2016-08-02T17:00:00.000,573,167,406
2016-08-02T18:00:00.000,416,144,272
2016-08-02T19:00:00.000,191,63,128
2016-08-02T20:00:00.000,93,49,44
2016-08-02T21:00:00.000,76,50,26
2016-08-02T22:00:00.000,42,13,29
2016-08-02T23:00:00.000,25,12,13
2016-08-03T00:00:00.000,11,3,8
2016-08-03T01:00:00.000,6,2,4
2016-08-03T02:00:00.000,2,0,2
2016-08-03T03:00:00.000,1,0,1
2016-08-03T04:00:00.000,13,9,4
2016-08-03T05:00:00.000,46,32,14
2016-08-03T06:00:00.000,179,108,71
2016-08-03T07:00:00.000,399,275,124
2016-08-03T08:00:00.000,605,389,216
2016-08-03T09:00:00.000,323,195,128
2016-08-03T10:00:00.000,133,77,56
2016-08-03T11:00:00.000,92,50,42
2016-08-03T12:00:00.000,97,49,48
2016-08-03T13:00:00.000,98,58,40
2016-08-03T14:00:00.000,114,47,67
2016-08-03T15:00:00.000,161,68,93
2016-08-03T16:00:00.000,396,109,287
2016-08-03T17:00:00.000,705,198,507
2016-08-03T18:00:00.000,546,206,340
2016-08-03T19:00:00.000,260,94,166
2016-08-03T20:00:00.000,167,56,111
2016-08-03T21:00:00.000,96,49,47
2016-08-03T22:00:00.000,52,27,25
2016-08-03T23:00:00.000,19,7,12
2016-08-04T00:00:00.000,20,9,11
2016-08-04T01:00:00.000,3,0,3
2016-08-04T02:00:00.000,2,0,2
2016-08-04T03:00:00.000,5,3,2
2016-08-04T04:00:00.000,7,2,5
2016-08-04T05:00:00.000,49,29,20
2016-08-04T06:00:00.000,174,115,59
2016-08-04T07:00:00.000,432,292,140
2016-08-04T08:00:00.000,575,378,197
2016-08-04T09:00:00.000,324,176,148
2016-08-04T10:00:00.000,143,80,63
2016-08-04T11:00:00.000,106,53,53
2016-08-04T12:00:00.000,120,65,55
2016-08-04T13:00:00.000,113,68,45
2016-08-04T14:00:00.000,112,48,64
2016-08-04T15:00:00.000,152,62,90
2016-08-04T16:00:00.000,416,149,267
2016-08-04T17:00:00.000,661,194,467
2016-08-04T18:00:00.000,512,172,340
2016-08-04T19:00:00.000,245,92,153
2016-08-04T20:00:00.000,169,61,108
2016-08-04T21:00:00.000,86,43,43
2016-08-04T22:00:00.000,64,33,31
2016-08-04T23:00:00.000,33,12,21
2016-08-05T00:00:00.000,26,10,16
2016-08-05T01:00:00.000,8,3,5
2016-08-05T02:00:00.000,6,0,6
2016-08-05T03:00:00.000,7,1,6
2016-08-05T04:00:00.000,11,5,6
2016-08-05T05:00:00.000,45,34,11
2016-08-05T06:00:00.000,138,98,40
2016-08-05T07:00:00.000,348,242,106
2016-08-05T08:00:00.000,466,287,179
2016-08-05T09:00:00.000,278,150,128
2016-08-05T10:00:00.000,137,79,58
2016-08-05T11:00:00.000,113,63,50
2016-08-05T12:00:00.000,118,69,49
2016-08-05T13:00:00.000,103,49,54
2016-08-05T14:00:00.000,115,54,61
2016-08-05T15:00:00.000,200,78,122
2016-08-05T16:00:00.000,374,122,252
2016-08-05T17:00:00.000,562,182,380
2016-08-05T18:00:00.000,349,113,236
2016-08-05T19:00:00.000,177,82,95
2016-08-05T20:00:00.000,130,46,84
2016-08-05T21:00:00.000,73,32,41
2016-08-05T22:00:00.000,42,13,29
2016-08-05T23:00:00.000,29,10,19
2016-08-06T00:00:00.000,23,9,14
2016-08-06T01:00:00.000,16,6,10
2016-08-06T02:00:00.000,8,3,5
2016-08-06T03:00:00.000,7,3,4
2016-08-06T04:00:00.000,8,5,3
2016-08-06T05:00:00.000,10,4,6
2016-08-06T06:00:00.000,27,12,15
2016-08-06T07:00:00.000,56,32,24
2016-08-06T08:00:00.000,85,47,38
2016-08-06T09:00:00.000,106,49,57
2016-08-06T10:00:00.000,120,60,60
2016-08-06T11:00:00.000,151,73,78
2016-08-06T12:00:00.000,130,67,63
2016-08-06T13:00:00.000,138,67,71
2016-08-06T14:00:00.000,127,59,68
2016-08-06T15:00:00.000,159,77,82
2016-08-06T16:00:00.000,182,84,98
2016-08-06T17:00:00.000,198,100,98
2016-08-06T18:00:00.000,138,77,61
2016-08-06T19:00:00.000,111,49,62
2016-08-06T20:00:00.000,79,36,43
2016-08-06T21:00:00.000,32,12,20
2016-08-06T22:00:00.000,28,8,20
2016-08-06T23:00:00.000,39,12,27
2016-08-07T00:00:00.000,34,8,26
2016-08-07T01:00:00.000,25,8,17
2016-08-07T02:00:00.000,16,3,13
2016-08-07T03:00:00.000,5,1,4
2016-08-07T04:00:00.000,1,0,1
2016-08-07T05:00:00.000,8,2,6
2016-08-07T06:00:00.000,16,11,5
2016-08-07T07:00:00.000,39,21,18
2016-08-07T08:00:00.000,68,45,23
2016-08-07T09:00:00.000,98,58,40
2016-08-07T10:00:00.000,120,65,55
2016-08-07T11:00:00.000,140,81,59
2016-08-07T12:00:00.000,108,48,60
2016-08-07T13:00:00.000,180,93,87
2016-08-07T14:00:00.000,134,70,64
2016-08-07T15:00:00.000,155,76,79
2016-08-07T16:00:00.000,121,65,56
2016-08-07T17:00:00.000,95,46,49
2016-08-07T18:00:00.000,102,50,52
2016-08-07T19:00:00.000,67,34,33
2016-08-07T20:00:00.000,36,21,15
2016-08-07T21:00:00.000,11,4,7
2016-08-07T22:00:00.000,14,3,11
2016-08-07T23:00:00.000,11,4,7
2016-08-08T00:00:00.000,10,2,8
2016-08-08T01:00:00.000,5,1,4
2016-08-08T02:00:00.000,4,1,3
2016-08-08T03:00:00.000,2,2,0
2016-08-08T04:00:00.000,12,5,7
2016-08-08T05:00:00.000,29,22,7
2016-08-08T06:00:00.000,116,78,38
2016-08-08T07:00:00.000,358,243,115
2016-08-08T08:00:00.000,449,277,172
2016-08-08T09:00:00.000,271,149,122
2016-08-08T10:00:00.000,101,55,46
2016-08-08T11:00:00.000,82,35,47
2016-08-08T12:00:00.000,79,44,35
2016-08-08T13:00:00.000,82,41,41
2016-08-08T14:00:00.000,93,43,50
2016-08-08T15:00:00.000,112,38,74
2016-08-08T16:00:00.000,295,79,216
2016-08-08T17:00:00.000,588,164,424
2016-08-08T18:00:00.000,415,129,286
2016-08-08T19:00:00.000,208,74,134
2016-08-08T20:00:00.000,101,43,58
2016-08-08T21:00:00.000,48,23,25
2016-08-08T22:00:00.000,33,15,18
2016-08-08T23:00:00.000,20,7,13
2016-08-09T00:00:00.000,19,6,13
2016-08-09T01:00:00.000,10,6,4
2016-08-09T02:00:00.000,1,0,1
2016-08-09T03:00:00.000,1,1,0
2016-08-09T04:00:00.000,9,5,4
2016-08-09T05:00:00.000,42,30,12
2016-08-09T06:00:00.000,168,104,64
2016-08-09T07:00:00.000,392,258,134
2016-08-09T08:00:00.000,583,351,232
2016-08-09T09:00:00.000,299,185,114
2016-08-09T10:00:00.000,118,66,52
2016-08-09T11:00:00.000,78,47,31
2016-08-09T12:00:00.000,97,45,52
2016-08-09T13:00:00.000,83,48,35
2016-08-09T14:00:00.000,86,45,41
2016-08-09T15:00:00.000,197,79,118
2016-08-09T16:00:00.000,365,118,247
2016-08-09T17:00:00.000,678,172,506
2016-08-09T18:00:00.000,471,183,288
2016-08-09T19:00:00.000,200,83,117
2016-08-09T20:00:00.000,122,49,73
2016-08-09T21:00:00.000,66,34,32
2016-08-09T22:00:00.000,46,24,22
2016-08-09T23:00:00.000,30,8,22
2016-08-10T00:00:00.000,11,4,7
2016-08-10T01:00:00.000,5,2,3
2016-08-10T02:00:00.000,2,0,2
2016-08-10T03:00:00.000,0,0,0
2016-08-10T04:00:00.000,12,8,4
2016-08-10T05:00:00.000,43,28,15
2016-08-10T06:00:00.000,170,114,56
2016-08-10T07:00:00.000,429,272,157
2016-08-10T08:00:00.000,595,368,227
2016-08-10T09:00:00.000,336,204,132
2016-08-10T10:00:00.000,119,67,52
2016-08-10T11:00:00.000,105,51,54
2016-08-10T12:00:00.000,97,48,49
2016-08-10T13:00:00.000,109,54,55
2016-08-10T14:00:00.000,128,63,65
2016-08-10T15:00:00.000,180,69,111
2016-08-10T16:00:00.000,331,105,226
2016-08-10T17:00:00.000,767,217,550
2016-08-10T18:00:00.000,488,181,307
2016-08-10T19:00:00.000,255,111,144
2016-08-10T20:00:00.000,151,50,101
2016-08-10T21:00:00.000,88,37,51
2016-08-10T22:00:00.000,53,20,33
2016-08-10T23:00:00.000,36,7,29
2016-08-11T00:00:00.000,19,8,11
2016-08-11T01:00:00.000,8,4,4
2016-08-11T02:00:00.000,4,0,4
2016-08-11T03:00:00.000,1,1,0
2016-08-11T04:00:00.000,16,10,6
2016-08-11T05:00:00.000,51,33,18
2016-08-11T06:00:00.000,176,111,65
2016-08-11T07:00:00.000,417,275,142
2016-08-11T08:00:00.000,615,368,247
2016-08-11T09:00:00.000,328,197,131
2016-08-11T10:00:00.000,121,60,61
2016-08-11T11:00:00.000,98,61,37
2016-08-11T12:00:00.000,115,57,58
2016-08-11T13:00:00.000,110,52,58
2016-08-11T14:00:00.000,128,59,69
2016-08-11T15:00:00.000,169,62,107
2016-08-11T16:00:00.000,360,129,231
2016-08-11T17:00:00.000,744,194,550
2016-08-11T18:00:00.000,492,182,310
2016-08-11T19:00:00.000,233,100,133
2016-08-11T20:00:00.000,172,81,91
2016-08-11T21:00:00.000,107,49,58
2016-08-11T22:00:00.000,59,24,35
2016-08-11T23:00:00.000,26,9,17
2016-08-12T00:00:00.000,7,2,5
2016-08-12T01:00:00.000,11,4,7
2016-08-12T02:00:00.000,5,3,2
2016-08-12T03:00:00.000,2,1,1
2016-08-12T04:00:00.000,11,5,6
2016-08-12T05:00:00.000,37,20,17
2016-08-12T06:00:00.000,154,88,66
2016-08-12T07:00:00.000,337,218,119
2016-08-12T08:00:00.000,492,302,190
2016-08-12T09:00:00.000,265,144,121
2016-08-12T10:00:00.000,135,72,63
2016-08-12T11:00:00.000,106,46,60
2016-08-12T12:00:00.000,136,58,78
2016-08-12T13:00:00.000,105,58,47
2016-08-12T14:00:00.000,130,54,76
2016-08-12T15:00:00.000,214,87,127
2016-08-12T16:00:00.000,342,101,241
2016-08-12T17:00:00.000,550,151,399
2016-08-12T18:00:00.000,336,120,216
2016-08-12T19:00:00.000,178,59,119
2016-08-12T20:00:00.000,136,48,88
2016-08-12T21:00:00.000,85,42,43
2016-08-12T22:00:00.000,47,25,22
2016-08-12T23:00:00.000,52,14,38
2016-08-13T00:00:00.000,16,6,10
2016-08-13T01:00:00.000,14,5,9
2016-08-13T02:00:00.000,11,3,8
2016-08-13T03:00:00.000,1,1,0
2016-08-13T04:00:00.000,4,0,4
2016-08-13T05:00:00.000,15,5,10
2016-08-13T06:00:00.000,43,23,20
2016-08-13T07:00:00.000,45,25,20
2016-08-13T08:00:00.000,91,52,39
2016-08-13T09:00:00.000,127,76,51
2016-08-13T10:00:00.000,150,90,60
2016-08-13T11:00:00.000,164,79,85
2016-08-13T12:00:00.000,152,71,81
2016-08-13T13:00:00.000,139,68,71
2016-08-13T14:00:00.000,132,60,72
2016-08-13T15:00:00.000,153,76,77
2016-08-13T16:00:00.000,117,47,70
2016-08-13T17:00:00.000,142,75,67
2016-08-13T18:00:00.000,112,59,53
2016-08-13T19:00:00.000,82,40,42
2016-08-13T20:00:00.000,87,39,48
2016-08-13T21:00:00.000,48,32,16
2016-08-13T22:00:00.000,20,5,15
2016-08-13T23:00:00.000,26,10,16
2016-08-14T00:00:00.000,23,6,17
2016-08-14T01:00:00.000,18,3,15
2016-08-14T02:00:00.000,5,0,5
2016-08-14T03:00:00.000,5,3,2
2016-08-14T04:00:00.000,2,1,1
2016-08-14T05:00:00.000,4,0,4
2016-08-14T06:00:00.000,30,16,14
2016-08-14T07:00:00.000,63,39,24
2016-08-14T08:00:00.000,105,60,45
2016-08-14T09:00:00.000,127,65,62
2016-08-14T10:00:00.000,156,76,80
2016-08-14T11:00:00.000,268,105,163
2016-08-14T12:00:00.000,328,104,224
2016-08-14T13:00:00.000,246,97,149
2016-08-14T14:00:00.000,283,122,161
2016-08-14T15:00:00.000,243,111,132
2016-08-14T16:00:00.000,175,86,89
2016-08-14T17:00:00.000,131,62,69
2016-08-14T18:00:00.000,141,74,67
2016-08-14T19:00:00.000,83,52,31
2016-08-14T20:00:00.000,77,38,39
2016-08-14T21:00:00.000,46,22,24
2016-08-14T22:00:00.000,28,17,11
2016-08-14T23:00:00.000,15,4,11
2016-08-15T00:00:00.000,7,2,5
2016-08-15T01:00:00.000,4,1,3
2016-08-15T02:00:00.000,5,1,4
2016-08-15T03:00:00.000,2,1,1
2016-08-15T04:00:00.000,12,6,6
2016-08-15T05:00:00.000,42,29,13
2016-08-15T06:00:00.000,147,93,54
2016-08-15T07:00:00.000,445,297,148
2016-08-15T08:00:00.000,607,373,234
2016-08-15T09:00:00.000,323,178,145
2016-08-15T10:00:00.000,118,61,57
2016-08-15T11:00:00.000,83,35,48
2016-08-15T12:00:00.000,91,44,47
2016-08-15T13:00:00.000,108,56,52
2016-08-15T14:00:00.000,95,57,38
2016-08-15T15:00:00.000,154,70,84
2016-08-15T16:00:00.000,371,127,244
2016-08-15T17:00:00.000,704,179,525
2016-08-15T18:00:00.000,461,160,301
2016-08-15T19:00:00.000,282,105,177
2016-08-15T20:00:00.000,156,62,94
2016-08-15T21:00:00.000,81,34,47
2016-08-15T22:00:00.000,34,13,21
2016-08-15T23:00:00.000,34,12,22
2016-08-16T00:00:00.000,11,2,9
2016-08-16T01:00:00.000,8,4,4
2016-08-16T02:00:00.000,4,0,4
2016-08-16T03:00:00.000,3,2,1
2016-08-16T04:00:00.000,9,6,3
2016-08-16T05:00:00.000,48,31,17
2016-08-16T06:00:00.000,185,111,74
2016-08-16T07:00:00.000,456,326,130
2016-08-16T08:00:00.000,669,414,255
2016-08-16T09:00:00.000,326,183,143
2016-08-16T10:00:00.000,121,65,56
2016-08-16T11:00:00.000,113,56,57
2016-08-16T12:00:00.000,90,46,44
2016-08-16T13:00:00.000,120,64,56
2016-08-16T14:00:00.000,127,58,69
2016-08-16T15:00:00.000,168,73,95
2016-08-16T16:00:00.000,360,103,257
2016-08-16T17:00:00.000,762,206,556
2016-08-16T18:00:00.000,514,186,328
2016-08-16T19:00:00.000,285,104,181
2016-08-16T20:00:00.000,140,51,89
2016-08-16T21:00:00.000,81,44,37
2016-08-16T22:00:00.000,49,20,29
2016-08-16T23:00:00.000,21,7,14
2016-08-17T00:00:00.000,15,6,9
2016-08-17T01:00:00.000,3,1,2
2016-08-17T02:00:00.000,6,2,4
2016-08-17T03:00:00.000,6,4,2
2016-08-17T04:00:00.000,11,7,4
2016-08-17T05:00:00.000,47,32,15
2016-08-17T06:00:00.000,196,124,72
2016-08-17T07:00:00.000,438,291,147
2016-08-17T08:00:00.000,659,423,236
2016-08-17T09:00:00.000,328,178,150
2016-08-17T10:00:00.000,135,64,71
2016-08-17T11:00:00.000,110,50,60
2016-08-17T12:00:00.000,97,46,51
2016-08-17T13:00:00.000,106,54,52
2016-08-17T14:00:00.000,111,53,58
2016-08-17T15:00:00.000,176,73,103
2016-08-17T16:00:00.000,359,97,262
2016-08-17T17:00:00.000,785,221,564
2016-08-17T18:00:00.000,465,162,303
2016-08-17T19:00:00.000,249,90,159
2016-08-17T20:00:00.000,148,59,89
2016-08-17T21:00:00.000,84,34,50
2016-08-17T22:00:00.000,47,14,33
2016-08-17T23:00:00.000,30,11,19
2016-08-18T00:00:00.000,14,2,12
2016-08-18T01:00:00.000,12,3,9
2016-08-18T02:00:00.000,3,2,1
2016-08-18T03:00:00.000,3,1,2
2016-08-18T04:00:00.000,15,8,7
2016-08-18T05:00:00.000,53,37,16
2016-08-18T06:00:00.000,158,100,58
2016-08-18T07:00:00.000,430,269,161
2016-08-18T08:00:00.000,575,365,210
2016-08-18T09:00:00.000,315,178,137
2016-08-18T10:00:00.000,141,77,64
2016-08-18T11:00:00.000,111,56,55
2016-08-18T12:00:00.000,107,55,52
2016-08-18T13:00:00.000,115,62,53
2016-08-18T14:00:00.000,140,65,75
2016-08-18T15:00:00.000,177,70,107
2016-08-18T16:00:00.000,362,107,255
2016-08-18T17:00:00.000,684,196,488
2016-08-18T18:00:00.000,467,180,287
2016-08-18T19:00:00.000,248,106,142
2016-08-18T20:00:00.000,133,54,79
2016-08-18T21:00:00.000,84,37,47
2016-08-18T22:00:00.000,61,17,44
2016-08-18T23:00:00.000,33,18,15
2016-08-19T00:00:00.000,20,8,12
2016-08-19T01:00:00.000,8,3,5
2016-08-19T02:00:00.000,1,1,0
2016-08-19T03:00:00.000,5,2,3
2016-08-19T04:00:00.000,15,7,8
2016-08-19T05:00:00.000,38,26,12
2016-08-19T06:00:00.000,134,85,49
2016-08-19T07:00:00.000,330,226,104
2016-08-19T08:00:00.000,518,309,209
2016-08-19T09:00:00.000,239,124,115
2016-08-19T10:00:00.000,130,67,63
2016-08-19T11:00:00.000,110,61,49
2016-08-19T12:00:00.000,100,38,62
2016-08-19T13:00:00.000,102,45,57
2016-08-19T14:00:00.000,107,43,64
2016-08-19T15:00:00.000,186,67,119
2016-08-19T16:00:00.000,340,103,237
2016-08-19T17:00:00.000,547,155,392
2016-08-19T18:00:00.000,325,103,222
2016-08-19T19:00:00.000,181,60,121
2016-08-19T20:00:00.000,108,39,69
2016-08-19T21:00:00.000,72,28,44
2016-08-19T22:00:00.000,60,23,37
2016-08-19T23:00:00.000,48,13,35
2016-08-20T00:00:00.000,25,14,11
2016-08-20T01:00:00.000,15,9,6
2016-08-20T02:00:00.000,12,4,8
2016-08-20T03:00:00.000,10,3,7
2016-08-20T04:00:00.000,2,0,2
2016-08-20T05:00:00.000,8,3,5
2016-08-20T06:00:00.000,26,13,13
2016-08-20T07:00:00.000,60,28,32
2016-08-20T08:00:00.000,111,59,52
2016-08-20T09:00:00.000,132,71,61
2016-08-20T10:00:00.000,207,143,64
2016-08-20T11:00:00.000,119,55,64
2016-08-20T12:00:00.000,160,85,75
2016-08-20T13:00:00.000,164,65,99
2016-08-20T14:00:00.000,171,80,91
2016-08-20T15:00:00.000,144,75,69
2016-08-20T16:00:00.000,117,46,71
2016-08-20T17:00:00.000,119,54,65
2016-08-20T18:00:00.000,108,42,66
2016-08-20T19:00:00.000,70,30,40
2016-08-20T20:00:00.000,82,26,56
2016-08-20T21:00:00.000,35,20,15
2016-08-20T22:00:00.000,35,10,25
2016-08-20T23:00:00.000,19,7,12
2016-08-21T00:00:00.000,19,7,12
2016-08-21T01:00:00.000,11,2,9
2016-08-21T02:00:00.000,11,4,7
2016-08-21T03:00:00.000,0,0,0
2016-08-21T04:00:00.000,2,0,2
2016-08-21T05:00:00.000,9,6,3
2016-08-21T06:00:00.000,18,9,9
2016-08-21T07:00:00.000,39,22,17
2016-08-21T08:00:00.000,61,29,32
2016-08-21T09:00:00.000,87,45,42
2016-08-21T10:00:00.000,95,56,39
2016-08-21T11:00:00.000,137,73,64
2016-08-21T12:00:00.000,160,90,70
2016-08-21T13:00:00.000,138,66,72
2016-08-21T14:00:00.000,142,74,68
2016-08-21T15:00:00.000,175,91,84
2016-08-21T16:00:00.000,156,78,78
2016-08-21T17:00:00.000,134,74,60
2016-08-21T18:00:00.000,126,53,73
2016-08-21T19:00:00.000,70,32,38
2016-08-21T20:00:00.000,50,35,15
2016-08-21T21:00:00.000,58,16,42
2016-08-21T22:00:00.000,30,6,24
2016-08-21T23:00:00.000,16,6,10
2016-08-22T00:00:00.000,8,3,5
2016-08-22T01:00:00.000,7,2,5
2016-08-22T02:00:00.000,2,1,1
2016-08-22T03:00:00.000,2,0,2
2016-08-22T04:00:00.000,8,5,3
2016-08-22T05:00:00.000,39,29,10
2016-08-22T06:00:00.000,153,91,62
2016-08-22T07:00:00.000,415,270,145
2016-08-22T08:00:00.000,604,378,226
2016-08-22T09:00:00.000,330,202,128
2016-08-22T10:00:00.000,122,66,56
2016-08-22T11:00:00.000,78,35,43
2016-08-22T12:00:00.000,84,44,40
2016-08-22T13:00:00.000,91,48,43
2016-08-22T14:00:00.000,93,45,48
2016-08-22T15:00:00.000,144,50,94
2016-08-22T16:00:00.000,368,107,261
2016-08-22T17:00:00.000,713,176,537
2016-08-22T18:00:00.000,511,143,368
2016-08-22T19:00:00.000,250,89,161
2016-08-22T20:00:00.000,136,61,75
2016-08-22T21:00:00.000,69,28,41
2016-08-22T22:00:00.000,41,15,26
2016-08-22T23:00:00.000,24,12,12
2016-08-23T00:00:00.000,9,3,6
2016-08-23T01:00:00.000,5,4,1
2016-08-23T02:00:00.000,7,2,5
2016-08-23T03:00:00.000,3,2,1
2016-08-23T04:00:00.000,10,6,4
2016-08-23T05:00:00.000,49,35,14
2016-08-23T06:00:00.000,188,111,77
2016-08-23T07:00:00.000,456,295,161
2016-08-23T08:00:00.000,667,401,266
2016-08-23T09:00:00.000,306,181,125
2016-08-23T10:00:00.000,133,69,64
2016-08-23T11:00:00.000,91,41,50
2016-08-23T12:00:00.000,120,44,76
2016-08-23T13:00:00.000,117,54,63
2016-08-23T14:00:00.000,119,54,65
2016-08-23T15:00:00.000,162,72,90
2016-08-23T16:00:00.000,398,124,274
2016-08-23T17:00:00.000,753,212,541
2016-08-23T18:00:00.000,528,195,333
2016-08-23T19:00:00.000,258,97,161
2016-08-23T20:00:00.000,140,58,82
2016-08-23T21:00:00.000,84,32,52
2016-08-23T22:00:00.000,46,20,26
2016-08-23T23:00:00.000,36,13,23
2016-08-24T00:00:00.000,16,5,11
2016-08-24T01:00:00.000,9,4,5
2016-08-24T02:00:00.000,2,0,2
2016-08-24T03:00:00.000,5,2,3
2016-08-24T04:00:00.000,13,7,6
2016-08-24T05:00:00.000,48,29,19
2016-08-24T06:00:00.000,201,108,93
2016-08-24T07:00:00.000,462,309,153
2016-08-24T08:00:00.000,633,398,235
2016-08-24T09:00:00.000,299,162,137
2016-08-24T10:00:00.000,160,84,76
2016-08-24T11:00:00.000,105,55,50
2016-08-24T12:00:00.000,99,55,44
2016-08-24T13:00:00.000,100,54,46
2016-08-24T14:00:00.000,101,40,61
2016-08-24T15:00:00.000,171,65,106
2016-08-24T16:00:00.000,358,102,256
2016-08-24T17:00:00.000,753,194,559
2016-08-24T18:00:00.000,502,156,346
2016-08-24T19:00:00.000,289,110,179
2016-08-24T20:00:00.000,144,57,87
2016-08-24T21:00:00.000,79,35,44
2016-08-24T22:00:00.000,45,16,29
2016-08-24T23:00:00.000,29,14,15
2016-08-25T00:00:00.000,20,9,11
2016-08-25T01:00:00.000,7,3,4
2016-08-25T02:00:00.000,4,1,3
2016-08-25T03:00:00.000,4,4,0
2016-08-25T04:00:00.000,8,3,5
2016-08-25T05:00:00.000,42,29,13
2016-08-25T06:00:00.000,170,110,60
2016-08-25T07:00:00.000,434,287,147
2016-08-25T08:00:00.000,576,353,223
2016-08-25T09:00:00.000,324,185,139
2016-08-25T10:00:00.000,145,82,63
2016-08-25T11:00:00.000,111,55,56
2016-08-25T12:00:00.000,117,53,64
2016-08-25T13:00:00.000,103,51,52
2016-08-25T14:00:00.000,116,50,66
2016-08-25T15:00:00.000,175,82,93
2016-08-25T16:00:00.000,329,90,239
2016-08-25T17:00:00.000,666,179,487
2016-08-25T18:00:00.000,462,153,309
2016-08-25T19:00:00.000,231,80,151
2016-08-25T20:00:00.000,151,75,76
2016-08-25T21:00:00.000,85,32,53
2016-08-25T22:00:00.000,61,30,31
2016-08-25T23:00:00.000,41,15,26
2016-08-26T00:00:00.000,22,11,11
2016-08-26T01:00:00.000,7,4,3
2016-08-26T02:00:00.000,9,6,3
2016-08-26T03:00:00.000,4,3,1
2016-08-26T04:00:00.000,12,7,5
2016-08-26T05:00:00.000,33,18,15
2016-08-26T06:00:00.000,125,73,52
2016-08-26T07:00:00.000,359,221,138
2016-08-26T08:00:00.000,489,299,190
2016-08-26T09:00:00.000,258,150,108
2016-08-26T10:00:00.000,137,76,61
2016-08-26T11:00:00.000,112,53,59
2016-08-26T12:00:00.000,110,46,64
2016-08-26T13:00:00.000,130,59,71
2016-08-26T14:00:00.000,137,62,75
2016-08-26T15:00:00.000,184,90,94
2016-08-26T16:00:00.000,347,101,246
2016-08-26T17:00:00.000,569,166,403
2016-08-26T18:00:00.000,349,126,223
2016-08-26T19:00:00.000,192,81,111
2016-08-26T20:00:00.000,140,57,83
2016-08-26T21:00:00.000,90,32,58
2016-08-26T22:00:00.000,51,17,34
2016-08-26T23:00:00.000,30,8,22
2016-08-27T00:00:00.000,21,9,12
2016-08-27T01:00:00.000,13,7,6
2016-08-27T02:00:00.000,8,4,4
2016-08-27T03:00:00.000,6,1,5
2016-08-27T04:00:00.000,2,1,1
2016-08-27T05:00:00.000,12,9,3
2016-08-27T06:00:00.000,23,10,13
2016-08-27T07:00:00.000,51,25,26
2016-08-27T08:00:00.000,70,46,24
2016-08-27T09:00:00.000,116,65,51
2016-08-27T10:00:00.000,128,57,71
2016-08-27T11:00:00.000,120,56,64
2016-08-27T12:00:00.000,158,96,62
2016-08-27T13:00:00.000,151,87,64
2016-08-27T14:00:00.000,122,52,70
2016-08-27T15:00:00.000,154,88,66
2016-08-27T16:00:00.000,140,56,84
2016-08-27T17:00:00.000,129,50,79
2016-08-27T18:00:00.000,116,51,65
2016-08-27T19:00:00.000,66,29,37
2016-08-27T20:00:00.000,53,27,26
2016-08-27T21:00:00.000,22,10,12
2016-08-27T22:00:00.000,28,13,15
2016-08-27T23:00:00.000,24,8,16
2016-08-28T00:00:00.000,15,7,8
2016-08-28T01:00:00.000,7,4,3
2016-08-28T02:00:00.000,4,2,2
2016-08-28T03:00:00.000,2,1,1
2016-08-28T04:00:00.000,5,1,4
2016-08-28T05:00:00.000,5,5,0
2016-08-28T06:00:00.000,12,4,8
2016-08-28T07:00:00.000,34,13,21
2016-08-28T08:00:00.000,81,44,37
2016-08-28T09:00:00.000,86,49,37
2016-08-28T10:00:00.000,106,59,47
2016-08-28T11:00:00.000,133,68,65
2016-08-28T12:00:00.000,118,53,65
2016-08-28T13:00:00.000,153,77,76
2016-08-28T14:00:00.000,155,85,70
2016-08-28T15:00:00.000,122,69,53
2016-08-28T16:00:00.000,141,76,65
2016-08-28T17:00:00.000,95,44,51
2016-08-28T18:00:00.000,74,39,35
2016-08-28T19:00:00.000,64,25,39
2016-08-28T20:00:00.000,56,16,40
2016-08-28T21:00:00.000,26,12,14
2016-08-28T22:00:00.000,29,17,12
2016-08-28T23:00:00.000,12,5,7
2016-08-29T00:00:00.000,8,5,3
2016-08-29T01:00:00.000,3,0,3
2016-08-29T02:00:00.000,2,1,1
2016-08-29T03:00:00.000,4,3,1
2016-08-29T04:00:00.000,11,9,2
2016-08-29T05:00:00.000,39,20,19
2016-08-29T06:00:00.000,163,99,64
2016-08-29T07:00:00.000,412,280,132
2016-08-29T08:00:00.000,535,328,207
2016-08-29T09:00:00.000,316,186,130
2016-08-29T10:00:00.000,127,72,55
2016-08-29T11:00:00.000,102,54,48
2016-08-29T12:00:00.000,93,52,41
2016-08-29T13:00:00.000,95,49,46
2016-08-29T14:00:00.000,135,64,71
2016-08-29T15:00:00.000,172,78,94
2016-08-29T16:00:00.000,341,111,230
2016-08-29T17:00:00.000,748,205,543
2016-08-29T18:00:00.000,507,164,343
2016-08-29T19:00:00.000,259,105,154
2016-08-29T20:00:00.000,134,61,73
2016-08-29T21:00:00.000,54,16,38
2016-08-29T22:00:00.000,40,15,25
2016-08-29T23:00:00.000,23,8,15
2016-08-30T00:00:00.000,12,4,8
2016-08-30T01:00:00.000,4,2,2
2016-08-30T02:00:00.000,0,0,0
2016-08-30T03:00:00.000,1,1,0
2016-08-30T04:00:00.000,16,7,9
2016-08-30T05:00:00.000,53,31,22
2016-08-30T06:00:00.000,152,96,56
2016-08-30T07:00:00.000,496,323,173
2016-08-30T08:00:00.000,593,383,210
2016-08-30T09:00:00.000,325,202,123
2016-08-30T10:00:00.000,134,62,72
2016-08-30T11:00:00.000,90,50,40
2016-08-30T12:00:00.000,81,40,41
2016-08-30T13:00:00.000,101,44,57
2016-08-30T14:00:00.000,96,35,61
2016-08-30T15:00:00.000,170,78,92
2016-08-30T16:00:00.000,369,94,275
2016-08-30T17:00:00.000,758,209,549
2016-08-30T18:00:00.000,443,161,282
2016-08-30T19:00:00.000,237,88,149
2016-08-30T20:00:00.000,121,53,68
2016-08-30T21:00:00.000,64,27,37
2016-08-30T22:00:00.000,46,15,31
2016-08-30T23:00:00.000,30,12,18
2016-08-31T00:00:00.000,12,5,7
2016-08-31T01:00:00.000,7,4,3
2016-08-31T02:00:00.000,1,1,0
2016-08-31T03:00:00.000,2,0,2
2016-08-31T04:00:00.000,17,12,5
2016-08-31T05:00:00.000,45,27,18
2016-08-31T06:00:00.000,165,99,66
2016-08-31T07:00:00.000,391,268,123
2016-08-31T08:00:00.000,491,311,180
2016-08-31T09:00:00.000,301,149,152
2016-08-31T10:00:00.000,119,70,49
2016-08-31T11:00:00.000,62,36,26
2016-08-31T12:00:00.000,54,18,36
2016-08-31T13:00:00.000,60,27,33
2016-08-31T14:00:00.000,72,30,42
2016-08-31T15:00:00.000,101,38,63
2016-08-31T16:00:00.000,299,98,201
2016-08-31T17:00:00.000,566,142,424
2016-08-31T18:00:00.000,430,127,303
2016-08-31T19:00:00.000,208,78,130
2016-08-31T20:00:00.000,78,31,47
2016-08-31T21:00:00.000,71,29,42
2016-08-31T22:00:00.000,37,14,23
2016-08-31T23:00:00.000,17,11,6
2016-09-01T00:00:00.000,16,5,11
2016-09-01T01:00:00.000,4,2,2
2016-09-01T02:00:00.000,6,2,4
2016-09-01T03:00:00.000,1,0,1
2016-09-01T04:00:00.000,9,5,4
2016-09-01T05:00:00.000,39,26,13
2016-09-01T06:00:00.000,143,90,53
2016-09-01T07:00:00.000,341,222,119
2016-09-01T08:00:00.000,481,304,177
2016-09-01T09:00:00.000,247,141,106
2016-09-01T10:00:00.000,99,55,44
2016-09-01T11:00:00.000,84,36,48
2016-09-01T12:00:00.000,84,43,41
2016-09-01T13:00:00.000,77,27,50
2016-09-01T14:00:00.000,89,36,53
2016-09-01T15:00:00.000,124,32,92
2016-09-01T16:00:00.000,290,78,212
2016-09-01T17:00:00.000,528,128,400
2016-09-01T18:00:00.000,369,125,244
2016-09-01T19:00:00.000,139,32,107
2016-09-01T20:00:00.000,90,37,53
2016-09-01T21:00:00.000,37,15,22
2016-09-01T22:00:00.000,30,16,14
2016-09-01T23:00:00.000,13,5,8
2016-09-02T00:00:00.000,13,3,10
2016-09-02T01:00:00.000,4,1,3
2016-09-02T02:00:00.000,3,1,2
2016-09-02T03:00:00.000,1,0,1
2016-09-02T04:00:00.000,12,6,6
2016-09-02T05:00:00.000,31,16,15
2016-09-02T06:00:00.000,87,59,28
2016-09-02T07:00:00.000,233,150,83
2016-09-02T08:00:00.000,308,197,111
2016-09-02T09:00:00.000,136,70,66
2016-09-02T10:00:00.000,34,19,15
2016-09-02T11:00:00.000,43,24,19
2016-09-02T12:00:00.000,43,19,24
2016-09-02T13:00:00.000,53,21,32
2016-09-02T14:00:00.000,101,46,55
2016-09-02T15:00:00.000,118,48,70
2016-09-02T16:00:00.000,217,61,156
2016-09-02T17:00:00.000,314,81,233
2016-09-02T18:00:00.000,168,49,119
2016-09-02T19:00:00.000,84,26,58
2016-09-02T20:00:00.000,38,19,19
2016-09-02T21:00:00.000,22,6,16
2016-09-02T22:00:00.000,32,17,15
2016-09-02T23:00:00.000,25,10,15
2016-09-03T00:00:00.000,17,8,9
2016-09-03T01:00:00.000,7,3,4
2016-09-03T02:00:00.000,3,3,0
2016-09-03T03:00:00.000,0,0,0
2016-09-03T04:00:00.000,0,0,0
2016-09-03T05:00:00.000,13,7,6
2016-09-03T06:00:00.000,18,10,8
2016-09-03T07:00:00.000,29,19,10
2016-09-03T08:00:00.000,49,23,26
2016-09-03T09:00:00.000,59,46,13
2016-09-03T10:00:00.000,53,21,32
2016-09-03T11:00:00.000,65,23,42
2016-09-03T12:00:00.000,59,39,20
2016-09-03T13:00:00.000,84,44,40
2016-09-03T14:00:00.000,103,63,40
2016-09-03T15:00:00.000,120,52,68
2016-09-03T16:00:00.000,164,86,78
2016-09-03T17:00:00.000,154,92,62
2016-09-03T18:00:00.000,142,77,65
2016-09-03T19:00:00.000,75,43,32
2016-09-03T20:00:00.000,58,21,37
2016-09-03T21:00:00.000,26,12,14
2016-09-03T22:00:00.000,24,9,15
2016-09-03T23:00:00.000,36,13,23
2016-09-04T00:00:00.000,13,4,9
2016-09-04T01:00:00.000,6,2,4
2016-09-04T02:00:00.000,5,0,5
2016-09-04T03:00:00.000,4,3,1
2016-09-04T04:00:00.000,4,2,2
2016-09-04T05:00:00.000,7,5,2
2016-09-04T06:00:00.000,18,11,7
2016-09-04T07:00:00.000,19,13,6
2016-09-04T08:00:00.000,37,20,17
2016-09-04T09:00:00.000,79,41,38
2016-09-04T10:00:00.000,91,56,35
2016-09-04T11:00:00.000,126,71,55
2016-09-04T12:00:00.000,129,69,60
2016-09-04T13:00:00.000,182,99,83
2016-09-04T14:00:00.000,192,117,75
2016-09-04T15:00:00.000,181,84,97
2016-09-04T16:00:00.000,201,118,83
2016-09-04T17:00:00.000,149,85,64
2016-09-04T18:00:00.000,101,61,40
2016-09-04T19:00:00.000,98,56,42
2016-09-04T20:00:00.000,41,15,26
2016-09-04T21:00:00.000,42,14,28
2016-09-04T22:00:00.000,34,13,21
2016-09-04T23:00:00.000,25,8,17
2016-09-05T00:00:00.000,20,9,11
2016-09-05T01:00:00.000,3,0,3
2016-09-05T02:00:00.000,2,0,2
2016-09-05T03:00:00.000,4,0,4
2016-09-05T04:00:00.000,8,3,5
2016-09-05T05:00:00.000,11,10,1
2016-09-05T06:00:00.000,12,5,7
2016-09-05T07:00:00.000,33,13,20
2016-09-05T08:00:00.000,55,37,18
2016-09-05T09:00:00.000,91,50,41
2016-09-05T10:00:00.000,94,58,36
2016-09-05T11:00:00.000,119,64,55
2016-09-05T12:00:00.000,140,86,54
2016-09-05T13:00:00.000,138,60,78
2016-09-05T14:00:00.000,151,86,65
2016-09-05T15:00:00.000,165,89,76
2016-09-05T16:00:00.000,145,65,80
2016-09-05T17:00:00.000,118,58,60
2016-09-05T18:00:00.000,71,38,33
2016-09-05T19:00:00.000,55,27,28
2016-09-05T20:00:00.000,41,17,24
2016-09-05T21:00:00.000,18,5,13
2016-09-05T22:00:00.000,17,5,12
2016-09-05T23:00:00.000,5,3,2
2016-09-06T00:00:00.000,5,2,3
2016-09-06T01:00:00.000,8,4,4
2016-09-06T02:00:00.000,2,2,0
2016-09-06T03:00:00.000,1,1,0
2016-09-06T04:00:00.000,3,1,2
2016-09-06T05:00:00.000,34,18,16
2016-09-06T06:00:00.000,88,50,38
2016-09-06T07:00:00.000,272,190,82
2016-09-06T08:00:00.000,431,269,162
2016-09-06T09:00:00.000,205,120,85
2016-09-06T10:00:00.000,109,55,54
2016-09-06T11:00:00.000,72,34,38
2016-09-06T12:00:00.000,63,31,32
2016-09-06T13:00:00.000,55,30,25
2016-09-06T14:00:00.000,61,34,27
2016-09-06T15:00:00.000,109,50,59
2016-09-06T16:00:00.000,264,81,183
2016-09-06T17:00:00.000,487,121,366
2016-09-06T18:00:00.000,278,103,175
2016-09-06T19:00:00.000,175,59,116
2016-09-06T20:00:00.000,103,51,52
2016-09-06T21:00:00.000,37,21,16
2016-09-06T22:00:00.000,20,5,15
2016-09-06T23:00:00.000,13,8,5
2016-09-07T00:00:00.000,10,5,5
2016-09-07T01:00:00.000,3,1,2
2016-09-07T02:00:00.000,1,0,1
2016-09-07T03:00:00.000,2,2,0
2016-09-07T04:00:00.000,7,4,3
2016-09-07T05:00:00.000,38,23,15
2016-09-07T06:00:00.000,144,87,57
2016-09-07T07:00:00.000,337,220,117
2016-09-07T08:00:00.000,511,317,194
2016-09-07T09:00:00.000,262,170,92
2016-09-07T10:00:00.000,94,48,46
2016-09-07T11:00:00.000,76,47,29
2016-09-07T12:00:00.000,60,31,29
2016-09-07T13:00:00.000,70,37,33
2016-09-07T14:00:00.000,75,33,42
2016-09-07T15:00:00.000,130,49,81
2016-09-07T16:00:00.000,245,70,175
2016-09-07T17:00:00.000,524,134,390
2016-09-07T18:00:00.000,374,123,251
2016-09-07T19:00:00.000,160,45,115
2016-09-07T20:00:00.000,76,28,48
2016-09-07T21:00:00.000,45,19,26
2016-09-07T22:00:00.000,37,11,26
2016-09-07T23:00:00.000,18,5,13
2016-09-08T00:00:00.000,9,2,7
2016-09-08T01:00:00.000,3,1,2
2016-09-08T02:00:00.000,4,1,3
2016-09-08T03:00:00.000,4,4,0
2016-09-08T04:00:00.000,13,8,5
2016-09-08T05:00:00.000,38,22,16
2016-09-08T06:00:00.000,160,105,55
2016-09-08T07:00:00.000,357,242,115
2016-09-08T08:00:00.000,482,296,186
2016-09-08T09:00:00.000,279,159,120
2016-09-08T10:00:00.000,102,55,47
2016-09-08T11:00:00.000,81,47,34
2016-09-08T12:00:00.000,82,44,38
2016-09-08T13:00:00.000,87,44,43
2016-09-08T14:00:00.000,81,36,45
2016-09-08T15:00:00.000,128,50,78
2016-09-08T16:00:00.000,327,107,220
2016-09-08T17:00:00.000,623,170,453
2016-09-08T18:00:00.000,443,151,292
2016-09-08T19:00:00.000,193,76,117
2016-09-08T20:00:00.000,107,38,69
2016-09-08T21:00:00.000,50,24,26
2016-09-08T22:00:00.000,36,11,25
2016-09-08T23:00:00.000,21,7,14
2016-09-09T00:00:00.000,16,4,12
2016-09-09T01:00:00.000,5,3,2
2016-09-09T02:00:00.000,3,1,2
2016-09-09T03:00:00.000,4,3,1
2016-09-09T04:00:00.000,11,7,4
2016-09-09T05:00:00.000,32,21,11
2016-09-09T06:00:00.000,132,92,40
2016-09-09T07:00:00.000,374,237,137
2016-09-09T08:00:00.000,515,307,208
2016-09-09T09:00:00.000,268,159,109
2016-09-09T10:00:00.000,128,56,72
2016-09-09T11:00:00.000,99,46,53
2016-09-09T12:00:00.000,100,57,43
2016-09-09T13:00:00.000,114,67,47
2016-09-09T14:00:00.000,173,76,97
2016-09-09T15:00:00.000,196,86,110
2016-09-09T16:00:00.000,367,123,244
2016-09-09T17:00:00.000,625,174,451
2016-09-09T18:00:00.000,314,106,208
2016-09-09T19:00:00.000,202,70,132
2016-09-09T20:00:00.000,111,49,62
2016-09-09T21:00:00.000,71,29,42
2016-09-09T22:00:00.000,53,19,34
2016-09-09T23:00:00.000,25,10,15
2016-09-10T00:00:00.000,26,12,14
2016-09-10T01:00:00.000,10,5,5
2016-09-10T02:00:00.000,13,6,7
2016-09-10T03:00:00.000,4,0,4
2016-09-10T04:00:00.000,6,2,4
2016-09-10T05:00:00.000,8,4,4
2016-09-10T06:00:00.000,14,11,3
2016-09-10T07:00:00.000,58,30,28
2016-09-10T08:00:00.000,85,44,41
2016-09-10T09:00:00.000,120,67,53
2016-09-10T10:00:00.000,132,65,67
2016-09-10T11:00:00.000,175,100,75
2016-09-10T12:00:00.000,155,80,75
2016-09-10T13:00:00.000,219,93,126
2016-09-10T14:00:00.000,173,103,70
2016-09-10T15:00:00.000,220,108,112
2016-09-10T16:00:00.000,200,99,101
2016-09-10T17:00:00.000,191,94,97
2016-09-10T18:00:00.000,155,61,94
2016-09-10T19:00:00.000,76,40,36
2016-09-10T20:00:00.000,56,22,34
2016-09-10T21:00:00.000,39,20,19
2016-09-10T22:00:00.000,32,21,11
2016-09-10T23:00:00.000,30,10,20
2016-09-11T00:00:00.000,17,5,12
2016-09-11T01:00:00.000,11,5,6
2016-09-11T02:00:00.000,8,6,2
2016-09-11T03:00:00.000,2,0,2
2016-09-11T04:00:00.000,3,2,1
2016-09-11T05:00:00.000,4,3,1
2016-09-11T06:00:00.000,12,4,8
2016-09-11T07:00:00.000,37,26,11
2016-09-11T08:00:00.000,63,25,38
2016-09-11T09:00:00.000,86,39,47
2016-09-11T10:00:00.000,98,47,51
2016-09-11T11:00:00.000,123,54,69
2016-09-11T12:00:00.000,140,77,63
2016-09-11T13:00:00.000,149,80,69
2016-09-11T14:00:00.000,170,80,90
2016-09-11T15:00:00.000,166,66,100
2016-09-11T16:00:00.000,162,80,82
2016-09-11T17:00:00.000,138,58,80
2016-09-11T18:00:00.000,119,71,48
2016-09-11T19:00:00.000,72,38,34
2016-09-11T20:00:00.000,32,17,15
2016-09-11T21:00:00.000,38,13,25
2016-09-11T22:00:00.000,22,10,12
2016-09-11T23:00:00.000,15,6,9
2016-09-12T00:00:00.000,12,3,9
2016-09-12T01:00:00.000,5,2,3
2016-09-12T02:00:00.000,1,0,1
2016-09-12T03:00:00.000,2,1,1
2016-09-12T04:00:00.000,8,5,3
2016-09-12T05:00:00.000,49,33,16
2016-09-12T06:00:00.000,150,94,56
2016-09-12T07:00:00.000,430,282,148
2016-09-12T08:00:00.000,624,383,241
2016-09-12T09:00:00.000,293,155,138
2016-09-12T10:00:00.000,118,55,63
2016-09-12T11:00:00.000,94,45,49
2016-09-12T12:00:00.000,91,48,43
2016-09-12T13:00:00.000,106,50,56
2016-09-12T14:00:00.000,115,45,70
2016-09-12T15:00:00.000,170,68,102
2016-09-12T16:00:00.000,325,109,216
2016-09-12T17:00:00.000,740,200,540
2016-09-12T18:00:00.000,443,173,270
2016-09-12T19:00:00.000,239,81,158
2016-09-12T20:00:00.000,110,40,70
2016-09-12T21:00:00.000,62,27,35
2016-09-12T22:00:00.000,37,14,23
2016-09-12T23:00:00.000,19,5,14
2016-09-13T00:00:00.000,11,4,7
2016-09-13T01:00:00.000,4,2,2
2016-09-13T02:00:00.000,3,1,2
2016-09-13T03:00:00.000,3,1,2
2016-09-13T04:00:00.000,8,7,1
2016-09-13T05:00:00.000,52,29,23
2016-09-13T06:00:00.000,190,118,72
2016-09-13T07:00:00.000,468,303,165
2016-09-13T08:00:00.000,620,395,225
2016-09-13T09:00:00.000,300,159,141
2016-09-13T10:00:00.000,116,56,60
2016-09-13T11:00:00.000,98,45,53
2016-09-13T12:00:00.000,105,55,50
2016-09-13T13:00:00.000,112,56,56
2016-09-13T14:00:00.000,103,53,50
2016-09-13T15:00:00.000,181,76,105
2016-09-13T16:00:00.000,381,122,259
2016-09-13T17:00:00.000,796,209,587
2016-09-13T18:00:00.000,506,172,334
2016-09-13T19:00:00.000,238,78,160
2016-09-13T20:00:00.000,118,41,77
2016-09-13T21:00:00.000,73,25,48
2016-09-13T22:00:00.000,48,15,33
2016-09-13T23:00:00.000,27,8,19
2016-09-14T00:00:00.000,17,8,9
2016-09-14T01:00:00.000,5,2,3
2016-09-14T02:00:00.000,4,0,4
2016-09-14T03:00:00.000,1,1,0
2016-09-14T04:00:00.000,9,5,4
2016-09-14T05:00:00.000,39,23,16
2016-09-14T06:00:00.000,164,106,58
2016-09-14T07:00:00.000,456,291,165
2016-09-14T08:00:00.000,618,369,249
2016-09-14T09:00:00.000,321,177,144
2016-09-14T10:00:00.000,141,83,58
2016-09-14T11:00:00.000,108,52,56
2016-09-14T12:00:00.000,83,45,38
2016-09-14T13:00:00.000,92,43,49
2016-09-14T14:00:00.000,111,47,64
2016-09-14T15:00:00.000,177,86,91
2016-09-14T16:00:00.000,351,120,231
2016-09-14T17:00:00.000,783,194,589
2016-09-14T18:00:00.000,512,174,338
2016-09-14T19:00:00.000,244,99,145
2016-09-14T20:00:00.000,97,36,61
2016-09-14T21:00:00.000,82,27,55
2016-09-14T22:00:00.000,56,29,27
2016-09-14T23:00:00.000,25,7,18
2016-09-15T00:00:00.000,10,5,5
2016-09-15T01:00:00.000,6,4,2
2016-09-15T02:00:00.000,6,1,5
2016-09-15T03:00:00.000,2,2,0
2016-09-15T04:00:00.000,4,1,3
2016-09-15T05:00:00.000,47,29,18
2016-09-15T06:00:00.000,164,110,54
2016-09-15T07:00:00.000,407,266,141
2016-09-15T08:00:00.000,536,316,220
2016-09-15T09:00:00.000,291,154,137
2016-09-15T10:00:00.000,139,65,74
2016-09-15T11:00:00.000,73,35,38
2016-09-15T12:00:00.000,103,52,51
2016-09-15T13:00:00.000,116,54,62
2016-09-15T14:00:00.000,112,49,63
2016-09-15T15:00:00.000,182,69,113
2016-09-15T16:00:00.000,354,121,233
2016-09-15T17:00:00.000,695,195,500
2016-09-15T18:00:00.000,485,149,336
2016-09-15T19:00:00.000,232,82,150
2016-09-15T20:00:00.000,108,48,60
2016-09-15T21:00:00.000,65,25,40
2016-09-15T22:00:00.000,49,18,31
2016-09-15T23:00:00.000,31,13,18
2016-09-16T00:00:00.000,18,5,13
2016-09-16T01:00:00.000,4,2,2
2016-09-16T02:00:00.000,3,0,3
2016-09-16T03:00:00.000,4,0,4
2016-09-16T04:00:00.000,10,5,5
2016-09-16T05:00:00.000,39,24,15
2016-09-16T06:00:00.000,145,96,49
2016-09-16T07:00:00.000,387,278,109
2016-09-16T08:00:00.000,506,305,201
2016-09-16T09:00:00.000,248,132,116
2016-09-16T10:00:00.000,125,70,55
2016-09-16T11:00:00.000,108,50,58
2016-09-16T12:00:00.000,112,56,56
2016-09-16T13:00:00.000,116,52,64
2016-09-16T14:00:00.000,130,63,67
2016-09-16T15:00:00.000,189,74,115
2016-09-16T16:00:00.000,362,92,270
2016-09-16T17:00:00.000,602,164,438
2016-09-16T18:00:00.000,325,105,220
2016-09-16T19:00:00.000,136,51,85
2016-09-16T20:00:00.000,62,22,40
2016-09-16T21:00:00.000,41,15,26
2016-09-16T22:00:00.000,32,10,22
2016-09-16T23:00:00.000,28,12,16
2016-09-17T00:00:00.000,21,5,16
2016-09-17T01:00:00.000,5,2,3
2016-09-17T02:00:00.000,7,5,2
2016-09-17T03:00:00.000,3,0,3
2016-09-17T04:00:00.000,0,0,0
2016-09-17T05:00:00.000,6,1,5
2016-09-17T06:00:00.000,15,8,7
2016-09-17T07:00:00.000,15,9,6
2016-09-17T08:00:00.000,38,20,18
2016-09-17T09:00:00.000,46,26,20
2016-09-17T10:00:00.000,38,22,16
2016-09-17T11:00:00.000,63,27,36
2016-09-17T12:00:00.000,54,23,31
2016-09-17T13:00:00.000,56,29,27
2016-09-17T14:00:00.000,70,36,34
2016-09-17T15:00:00.000,72,38,34
2016-09-17T16:00:00.000,124,65,59
2016-09-17T17:00:00.000,82,35,47
2016-09-17T18:00:00.000,50,24,26
2016-09-17T19:00:00.000,43,19,24
2016-09-17T20:00:00.000,29,14,15
2016-09-17T21:00:00.000,30,15,15
2016-09-17T22:00:00.000,30,20,10
2016-09-17T23:00:00.000,24,16,8
2016-09-18T00:00:00.000,15,12,3
2016-09-18T01:00:00.000,7,4,3
2016-09-18T02:00:00.000,6,5,1
2016-09-18T03:00:00.000,1,0,1
2016-09-18T04:00:00.000,1,1,0
2016-09-18T05:00:00.000,3,2,1
2016-09-18T06:00:00.000,14,4,10
2016-09-18T07:00:00.000,30,20,10
2016-09-18T08:00:00.000,46,21,25
2016-09-18T09:00:00.000,81,34,47
2016-09-18T10:00:00.000,97,45,52
2016-09-18T11:00:00.000,136,75,61
2016-09-18T12:00:00.000,181,65,116
2016-09-18T13:00:00.000,164,84,80
2016-09-18T14:00:00.000,171,86,85
2016-09-18T15:00:00.000,157,70,87
2016-09-18T16:00:00.000,142,79,63
2016-09-18T17:00:00.000,148,93,55
2016-09-18T18:00:00.000,123,67,56
2016-09-18T19:00:00.000,64,32,32
2016-09-18T20:00:00.000,44,22,22
2016-09-18T21:00:00.000,25,14,11
2016-09-18T22:00:00.000,25,10,15
2016-09-18T23:00:00.000,12,5,7
2016-09-19T00:00:00.000,7,4,3
2016-09-19T01:00:00.000,4,2,2
2016-09-19T02:00:00.000,2,1,1
2016-09-19T03:00:00.000,4,1,3
2016-09-19T04:00:00.000,5,2,3
2016-09-19T05:00:00.000,34,22,12
2016-09-19T06:00:00.000,115,74,41
2016-09-19T07:00:00.000,238,152,86
2016-09-19T08:00:00.000,438,260,178
2016-09-19T09:00:00.000,236,136,100
2016-09-19T10:00:00.000,90,46,44
2016-09-19T11:00:00.000,67,31,36
2016-09-19T12:00:00.000,64,34,30
2016-09-19T13:00:00.000,93,60,33
2016-09-19T14:00:00.000,76,29,47
2016-09-19T15:00:00.000,125,55,70
2016-09-19T16:00:00.000,245,79,166
2016-09-19T17:00:00.000,527,155,372
2016-09-19T18:00:00.000,344,134,210
2016-09-19T19:00:00.000,167,68,99
2016-09-19T20:00:00.000,91,45,46
2016-09-19T21:00:00.000,50,15,35
2016-09-19T22:00:00.000,35,13,22
2016-09-19T23:00:00.000,16,5,11
2016-09-20T00:00:00.000,10,3,7
2016-09-20T01:00:00.000,5,3,2
2016-09-20T02:00:00.000,4,1,3
2016-09-20T03:00:00.000,3,2,1
2016-09-20T04:00:00.000,5,4,1
2016-09-20T05:00:00.000,43,24,19
2016-09-20T06:00:00.000,159,96,63
2016-09-20T07:00:00.000,459,302,157
2016-09-20T08:00:00.000,568,349,219
2016-09-20T09:00:00.000,284,160,124
2016-09-20T10:00:00.000,122,57,65
2016-09-20T11:00:00.000,95,52,43
2016-09-20T12:00:00.000,89,46,43
2016-09-20T13:00:00.000,102,57,45
2016-09-20T14:00:00.000,130,72,58
2016-09-20T15:00:00.000,186,78,108
2016-09-20T16:00:00.000,349,130,219
2016-09-20T17:00:00.000,731,172,559
2016-09-20T18:00:00.000,506,141,365
2016-09-20T19:00:00.000,224,62,162
2016-09-20T20:00:00.000,113,45,68
2016-09-20T21:00:00.000,52,20,32
2016-09-20T22:00:00.000,17,7,10
2016-09-20T23:00:00.000,23,10,13
2016-09-21T00:00:00.000,15,5,10
2016-09-21T01:00:00.000,3,3,0
2016-09-21T02:00:00.000,3,0,3
2016-09-21T03:00:00.000,3,3,0
2016-09-21T04:00:00.000,10,5,5
2016-09-21T05:00:00.000,40,22,18
2016-09-21T06:00:00.000,169,111,58
2016-09-21T07:00:00.000,427,271,156
2016-09-21T08:00:00.000,568,334,234
2016-09-21T09:00:00.000,274,138,136
2016-09-21T10:00:00.000,124,67,57
2016-09-21T11:00:00.000,79,47,32
2016-09-21T12:00:00.000,76,43,33
2016-09-21T13:00:00.000,98,43,55
2016-09-21T14:00:00.000,91,42,49
2016-09-21T15:00:00.000,172,66,106
2016-09-21T16:00:00.000,349,124,225
2016-09-21T17:00:00.000,709,177,532
2016-09-21T18:00:00.000,415,148,267
2016-09-21T19:00:00.000,247,93,154
2016-09-21T20:00:00.000,81,35,46
2016-09-21T21:00:00.000,65,19,46
2016-09-21T22:00:00.000,49,18,31
2016-09-21T23:00:00.000,22,6,16
2016-09-22T00:00:00.000,7,3,4
2016-09-22T01:00:00.000,7,0,7
2016-09-22T02:00:00.000,2,1,1
2016-09-22T03:00:00.000,6,4,2
2016-09-22T04:00:00.000,11,8,3
2016-09-22T05:00:00.000,37,23,14
2016-09-22T06:00:00.000,150,95,55
2016-09-22T07:00:00.000,422,257,165
2016-09-22T08:00:00.000,609,360,249
2016-09-22T09:00:00.000,295,156,139
2016-09-22T10:00:00.000,135,72,63
2016-09-22T11:00:00.000,93,45,48
2016-09-22T12:00:00.000,108,55,53
2016-09-22T13:00:00.000,118,62,56
2016-09-22T14:00:00.000,115,53,62
2016-09-22T15:00:00.000,164,63,101
2016-09-22T16:00:00.000,384,125,259
2016-09-22T17:00:00.000,699,206,493
2016-09-22T18:00:00.000,455,144,311
2016-09-22T19:00:00.000,222,79,143
2016-09-22T20:00:00.000,100,34,66
2016-09-22T21:00:00.000,66,32,34
2016-09-22T22:00:00.000,57,22,35
2016-09-22T23:00:00.000,30,18,12
2016-09-23T00:00:00.000,16,7,9
2016-09-23T01:00:00.000,9,5,4
2016-09-23T02:00:00.000,3,1,2
2016-09-23T03:00:00.000,3,2,1
2016-09-23T04:00:00.000,9,5,4
2016-09-23T05:00:00.000,41,28,13
2016-09-23T06:00:00.000,84,47,37
2016-09-23T07:00:00.000,276,175,101
2016-09-23T08:00:00.000,402,249,153
2016-09-23T09:00:00.000,210,111,99
2016-09-23T10:00:00.000,87,45,42
2016-09-23T11:00:00.000,71,41,30
2016-09-23T12:00:00.000,62,21,41
2016-09-23T13:00:00.000,45,21,24
2016-09-23T14:00:00.000,65,25,40
2016-09-23T15:00:00.000,114,35,79
2016-09-23T16:00:00.000,251,96,155
2016-09-23T17:00:00.000,414,108,306
2016-09-23T18:00:00.000,260,69,191
2016-09-23T19:00:00.000,125,45,80
2016-09-23T20:00:00.000,48,16,32
2016-09-23T21:00:00.000,39,17,22
2016-09-23T22:00:00.000,63,23,40
2016-09-23T23:00:00.000,22,8,14
2016-09-24T00:00:00.000,14,7,7
2016-09-24T01:00:00.000,13,7,6
2016-09-24T02:00:00.000,10,3,7
2016-09-24T03:00:00.000,8,8,0
2016-09-24T04:00:00.000,1,0,1
2016-09-24T05:00:00.000,10,3,7
2016-09-24T06:00:00.000,17,12,5
2016-09-24T07:00:00.000,31,15,16
2016-09-24T08:00:00.000,70,47,23
2016-09-24T09:00:00.000,81,49,32
2016-09-24T10:00:00.000,114,72,42
2016-09-24T11:00:00.000,125,80,45
2016-09-24T12:00:00.000,172,95,77
2016-09-24T13:00:00.000,149,81,68
2016-09-24T14:00:00.000,161,80,81
2016-09-24T15:00:00.000,161,70,91
2016-09-24T16:00:00.000,172,86,86
2016-09-24T17:00:00.000,144,71,73
2016-09-24T18:00:00.000,81,33,48
2016-09-24T19:00:00.000,59,24,35
2016-09-24T20:00:00.000,30,20,10
2016-09-24T21:00:00.000,31,18,13
2016-09-24T22:00:00.000,19,9,10
2016-09-24T23:00:00.000,37,25,12
2016-09-25T00:00:00.000,16,8,8
2016-09-25T01:00:00.000,12,7,5
2016-09-25T02:00:00.000,5,4,1
2016-09-25T03:00:00.000,1,0,1
2016-09-25T04:00:00.000,1,1,0
2016-09-25T05:00:00.000,3,1,2
2016-09-25T06:00:00.000,10,5,5
2016-09-25T07:00:00.000,34,21,13
2016-09-25T08:00:00.000,58,32,26
2016-09-25T09:00:00.000,81,34,47
2016-09-25T10:00:00.000,107,49,58
2016-09-25T11:00:00.000,123,62,61
2016-09-25T12:00:00.000,139,59,80
2016-09-25T13:00:00.000,147,68,79
2016-09-25T14:00:00.000,154,72,82
2016-09-25T15:00:00.000,179,83,96
2016-09-25T16:00:00.000,169,82,87
2016-09-25T17:00:00.000,158,90,68
2016-09-25T18:00:00.000,118,61,57
2016-09-25T19:00:00.000,61,34,27
2016-09-25T20:00:00.000,34,13,21
2016-09-25T21:00:00.000,35,18,17
2016-09-25T22:00:00.000,19,2,17
2016-09-25T23:00:00.000,9,2,7
2016-09-26T00:00:00.000,6,1,5
2016-09-26T01:00:00.000,1,0,1
2016-09-26T02:00:00.000,1,0,1
2016-09-26T03:00:00.000,0,0,0
2016-09-26T04:00:00.000,8,4,4
2016-09-26T05:00:00.000,33,23,10
2016-09-26T06:00:00.000,173,112,61
2016-09-26T07:00:00.000,423,290,133
2016-09-26T08:00:00.000,615,381,234
2016-09-26T09:00:00.000,305,159,146
2016-09-26T10:00:00.000,121,69,52
2016-09-26T11:00:00.000,93,48,45
2016-09-26T12:00:00.000,119,58,61
2016-09-26T13:00:00.000,113,68,45
2016-09-26T14:00:00.000,136,55,81
2016-09-26T15:00:00.000,197,79,118
2016-09-26T16:00:00.000,424,159,265
2016-09-26T17:00:00.000,868,220,648
2016-09-26T18:00:00.000,388,139,249
2016-09-26T19:00:00.000,139,47,92
2016-09-26T20:00:00.000,114,44,70
2016-09-26T21:00:00.000,66,26,40
2016-09-26T22:00:00.000,27,8,19
2016-09-26T23:00:00.000,12,8,4
2016-09-27T00:00:00.000,8,3,5
2016-09-27T01:00:00.000,9,4,5
2016-09-27T02:00:00.000,3,2,1
2016-09-27T03:00:00.000,1,0,1
2016-09-27T04:00:00.000,4,3,1
2016-09-27T05:00:00.000,45,30,15
2016-09-27T06:00:00.000,170,108,62
2016-09-27T07:00:00.000,441,298,143
2016-09-27T08:00:00.000,604,373,231
2016-09-27T09:00:00.000,265,138,127
2016-09-27T10:00:00.000,114,54,60
2016-09-27T11:00:00.000,96,55,41
2016-09-27T12:00:00.000,63,30,33
2016-09-27T13:00:00.000,101,57,44
2016-09-27T14:00:00.000,129,53,76
2016-09-27T15:00:00.000,158,64,94
2016-09-27T16:00:00.000,368,127,241
2016-09-27T17:00:00.000,735,191,544
2016-09-27T18:00:00.000,463,138,325
2016-09-27T19:00:00.000,205,69,136
2016-09-27T20:00:00.000,89,37,52
2016-09-27T21:00:00.000,56,26,30
2016-09-27T22:00:00.000,32,12,20
2016-09-27T23:00:00.000,23,15,8
2016-09-28T00:00:00.000,11,3,8
2016-09-28T01:00:00.000,9,7,2
2016-09-28T02:00:00.000,2,1,1
2016-09-28T03:00:00.000,4,2,2
2016-09-28T04:00:00.000,10,5,5
2016-09-28T05:00:00.000,41,26,15
2016-09-28T06:00:00.000,151,92,59
2016-09-28T07:00:00.000,429,279,150
2016-09-28T08:00:00.000,591,349,242
2016-09-28T09:00:00.000,298,154,144
2016-09-28T10:00:00.000,140,80,60
2016-09-28T11:00:00.000,107,71,36
2016-09-28T12:00:00.000,87,35,52
2016-09-28T13:00:00.000,104,53,51
2016-09-28T14:00:00.000,140,60,80
2016-09-28T15:00:00.000,165,78,87
2016-09-28T16:00:00.000,385,120,265
2016-09-28T17:00:00.000,651,196,455
2016-09-28T18:00:00.000,534,174,360
2016-09-28T19:00:00.000,179,72,107
2016-09-28T20:00:00.000,113,40,73
2016-09-28T21:00:00.000,72,25,47
2016-09-28T22:00:00.000,64,20,44
2016-09-28T23:00:00.000,26,10,16
2016-09-29T00:00:00.000,14,10,4
2016-09-29T01:00:00.000,5,2,3
2016-09-29T02:00:00.000,1,1,0
2016-09-29T03:00:00.000,3,2,1
2016-09-29T04:00:00.000,11,9,2
2016-09-29T05:00:00.000,38,23,15
2016-09-29T06:00:00.000,154,93,61
2016-09-29T07:00:00.000,386,257,129
2016-09-29T08:00:00.000,566,338,228
2016-09-29T09:00:00.000,311,172,139
2016-09-29T10:00:00.000,119,58,61
2016-09-29T11:00:00.000,88,47,41
2016-09-29T12:00:00.000,113,46,67
2016-09-29T13:00:00.000,109,55,54
2016-09-29T14:00:00.000,107,44,63
2016-09-29T15:00:00.000,169,65,104
2016-09-29T16:00:00.000,339,117,222
2016-09-29T17:00:00.000,651,151,500
2016-09-29T18:00:00.000,448,157,291
2016-09-29T19:00:00.000,161,53,108
2016-09-29T20:00:00.000,80,27,53
2016-09-29T21:00:00.000,63,27,36
2016-09-29T22:00:00.000,39,16,23
2016-09-29T23:00:00.000,18,6,12
2016-09-30T00:00:00.000,15,8,7
2016-09-30T01:00:00.000,7,4,3
2016-09-30T02:00:00.000,4,1,3
2016-09-30T03:00:00.000,4,3,1
2016-09-30T04:00:00.000,8,5,3
2016-09-30T05:00:00.000,42,24,18
2016-09-30T06:00:00.000,115,69,46
2016-09-30T07:00:00.000,327,207,120
2016-09-30T08:00:00.000,485,300,185
2016-09-30T09:00:00.000,286,173,113
2016-09-30T10:00:00.000,137,81,56
2016-09-30T11:00:00.000,82,36,46
2016-09-30T12:00:00.000,97,44,53
2016-09-30T13:00:00.000,117,49,68
2016-09-30T14:00:00.000,136,66,70
2016-09-30T15:00:00.000,233,91,142
2016-09-30T16:00:00.000,398,122,276
2016-09-30T17:00:00.000,531,166,365
2016-09-30T18:00:00.000,334,125,209
2016-09-30T19:00:00.000,141,48,93
2016-09-30T20:00:00.000,71,24,47
2016-09-30T21:00:00.000,70,39,31
2016-09-30T22:00:00.000,69,29,40
2016-09-30T23:00:00.000,36,11,25
2016-10-01T00:00:00.000,25,11,14
2016-10-01T01:00:00.000,7,5,2
2016-10-01T02:00:00.000,7,3,4
2016-10-01T03:00:00.000,5,1,4
2016-10-01T04:00:00.000,2,1,1
2016-10-01T05:00:00.000,7,5,2
2016-10-01T06:00:00.000,23,14,9
2016-10-01T07:00:00.000,32,23,9
2016-10-01T08:00:00.000,62,42,20
2016-10-01T09:00:00.000,88,40,48
2016-10-01T10:00:00.000,99,60,39
2016-10-01T11:00:00.000,92,42,50
2016-10-01T12:00:00.000,107,59,48
2016-10-01T13:00:00.000,67,32,35
2016-10-01T14:00:00.000,58,25,33
2016-10-01T15:00:00.000,55,21,34
2016-10-01T16:00:00.000,91,49,42
2016-10-01T17:00:00.000,73,32,41
2016-10-01T18:00:00.000,72,39,33
2016-10-01T19:00:00.000,36,15,21
2016-10-01T20:00:00.000,19,5,14
2016-10-01T21:00:00.000,15,9,6
2016-10-01T22:00:00.000,19,6,13
2016-10-01T23:00:00.000,15,5,10
2016-10-02T00:00:00.000,10,4,6
2016-10-02T01:00:00.000,2,0,2
2016-10-02T02:00:00.000,1,0,1
2016-10-02T03:00:00.000,2,0,2
2016-10-02T04:00:00.000,2,1,1
2016-10-02T05:00:00.000,7,6,1
2016-10-02T06:00:00.000,10,4,6
2016-10-02T07:00:00.000,17,7,10
2016-10-02T08:00:00.000,66,31,35
2016-10-02T09:00:00.000,72,38,34
2016-10-02T10:00:00.000,79,44,35
2016-10-02T11:00:00.000,119,62,57
2016-10-02T12:00:00.000,118,60,58
2016-10-02T13:00:00.000,156,83,73
2016-10-02T14:00:00.000,200,87,113
2016-10-02T15:00:00.000,150,60,90
2016-10-02T16:00:00.000,222,118,104
2016-10-02T17:00:00.000,135,66,69
2016-10-02T18:00:00.000,95,56,39
2016-10-02T19:00:00.000,47,28,19
2016-10-02T20:00:00.000,33,10,23
2016-10-02T21:00:00.000,15,6,9
2016-10-02T22:00:00.000,13,7,6
2016-10-02T23:00:00.000,15,7,8
2016-10-03T00:00:00.000,11,5,6
2016-10-03T01:00:00.000,5,2,3
2016-10-03T02:00:00.000,5,4,1
2016-10-03T03:00:00.000,2,0,2
2016-10-03T04:00:00.000,12,7,5
2016-10-03T05:00:00.000,33,18,15
2016-10-03T06:00:00.000,163,103,60
2016-10-03T07:00:00.000,378,244,134
2016-10-03T08:00:00.000,565,342,223
2016-10-03T09:00:00.000,248,144,104
2016-10-03T10:00:00.000,113,59,54
2016-10-03T11:00:00.000,74,38,36
2016-10-03T12:00:00.000,83,34,49
2016-10-03T13:00:00.000,65,32,33
2016-10-03T14:00:00.000,83,42,41
2016-10-03T15:00:00.000,142,63,79
2016-10-03T16:00:00.000,322,101,221
2016-10-03T17:00:00.000,687,163,524
2016-10-03T18:00:00.000,417,137,280
2016-10-03T19:00:00.000,156,41,115
2016-10-03T20:00:00.000,84,32,52
2016-10-03T21:00:00.000,41,15,26
2016-10-03T22:00:00.000,16,6,10
2016-10-03T23:00:00.000,10,5,5
2016-10-04T00:00:00.000,3,1,2
2016-10-04T01:00:00.000,6,5,1
2016-10-04T02:00:00.000,5,2,3
2016-10-04T03:00:00.000,5,3,2
2016-10-04T04:00:00.000,9,7,2
2016-10-04T05:00:00.000,37,20,17
2016-10-04T06:00:00.000,122,79,43
2016-10-04T07:00:00.000,321,205,116
2016-10-04T08:00:00.000,497,331,166
2016-10-04T09:00:00.000,221,123,98
2016-10-04T10:00:00.000,89,42,47
2016-10-04T11:00:00.000,59,33,26
2016-10-04T12:00:00.000,67,37,30
2016-10-04T13:00:00.000,61,30,31
2016-10-04T14:00:00.000,55,25,30
2016-10-04T15:00:00.000,107,39,68
2016-10-04T16:00:00.000,244,69,175
2016-10-04T17:00:00.000,503,137,366
2016-10-04T18:00:00.000,285,89,196
2016-10-04T19:00:00.000,141,60,81
2016-10-04T20:00:00.000,80,21,59
2016-10-04T21:00:00.000,35,17,18
2016-10-04T22:00:00.000,23,15,8
2016-10-04T23:00:00.000,6,1,5
2016-10-05T00:00:00.000,12,9,3
2016-10-05T01:00:00.000,4,3,1
2016-10-05T02:00:00.000,4,4,0
2016-10-05T03:00:00.000,0,0,0
2016-10-05T04:00:00.000,13,8,5
2016-10-05T05:00:00.000,43,24,19
2016-10-05T06:00:00.000,117,69,48
2016-10-05T07:00:00.000,323,204,119
2016-10-05T08:00:00.000,480,293,187
2016-10-05T09:00:00.000,234,135,99
2016-10-05T10:00:00.000,107,46,61
2016-10-05T11:00:00.000,55,32,23
2016-10-05T12:00:00.000,62,27,35
2016-10-05T13:00:00.000,83,32,51
2016-10-05T14:00:00.000,72,25,47
2016-10-05T15:00:00.000,157,68,89
2016-10-05T16:00:00.000,294,100,194
2016-10-05T17:00:00.000,580,162,418
2016-10-05T18:00:00.000,399,140,259
2016-10-05T19:00:00.000,199,75,124
2016-10-05T20:00:00.000,94,29,65
2016-10-05T21:00:00.000,63,26,37
2016-10-05T22:00:00.000,44,18,26
2016-10-05T23:00:00.000,21,9,12
2016-10-06T00:00:00.000,14,7,7
2016-10-06T01:00:00.000,6,3,3
2016-10-06T02:00:00.000,5,5,0
2016-10-06T03:00:00.000,2,0,2
2016-10-06T04:00:00.000,12,6,6
2016-10-06T05:00:00.000,33,21,12
2016-10-06T06:00:00.000,128,83,45
2016-10-06T07:00:00.000,337,210,127
2016-10-06T08:00:00.000,503,306,197
2016-10-06T09:00:00.000,250,124,126
2016-10-06T10:00:00.000,113,52,61
2016-10-06T11:00:00.000,87,42,45
2016-10-06T12:00:00.000,85,42,43
2016-10-06T13:00:00.000,84,38,46
2016-10-06T14:00:00.000,84,41,43
2016-10-06T15:00:00.000,140,50,90
2016-10-06T16:00:00.000,254,82,172
2016-10-06T17:00:00.000,532,136,396
2016-10-06T18:00:00.000,314,85,229
2016-10-06T19:00:00.000,136,53,83
2016-10-06T20:00:00.000,66,21,45
2016-10-06T21:00:00.000,52,22,30
2016-10-06T22:00:00.000,33,11,22
2016-10-06T23:00:00.000,10,4,6
2016-10-07T00:00:00.000,2,1,1
2016-10-07T01:00:00.000,3,2,1
2016-10-07T02:00:00.000,0,0,0
2016-10-07T03:00:00.000,3,2,1
2016-10-07T04:00:00.000,8,2,6
2016-10-07T05:00:00.000,28,13,15
2016-10-07T06:00:00.000,92,49,43
2016-10-07T07:00:00.000,241,158,83
2016-10-07T08:00:00.000,351,208,143
2016-10-07T09:00:00.000,189,102,87
2016-10-07T10:00:00.000,89,49,40
2016-10-07T11:00:00.000,63,37,26
2016-10-07T12:00:00.000,54,29,25
2016-10-07T13:00:00.000,64,30,34
2016-10-07T14:00:00.000,70,34,36
2016-10-07T15:00:00.000,136,46,90
2016-10-07T16:00:00.000,224,75,149
2016-10-07T17:00:00.000,439,129,310
2016-10-07T18:00:00.000,250,79,171
2016-10-07T19:00:00.000,82,27,55
2016-10-07T20:00:00.000,44,15,29
2016-10-07T21:00:00.000,22,6,16
2016-10-07T22:00:00.000,21,5,16
2016-10-07T23:00:00.000,20,7,13
2016-10-08T00:00:00.000,12,6,6
2016-10-08T01:00:00.000,15,7,8
2016-10-08T02:00:00.000,3,3,0
2016-10-08T03:00:00.000,1,0,1
2016-10-08T04:00:00.000,2,0,2
2016-10-08T05:00:00.000,4,1,3
2016-10-08T06:00:00.000,8,5,3
2016-10-08T07:00:00.000,17,10,7
2016-10-08T08:00:00.000,41,24,17
2016-10-08T09:00:00.000,51,34,17
2016-10-08T10:00:00.000,66,42,24
2016-10-08T11:00:00.000,65,36,29
2016-10-08T12:00:00.000,87,54,33
2016-10-08T13:00:00.000,55,28,27
2016-10-08T14:00:00.000,51,25,26
2016-10-08T15:00:00.000,48,22,26
2016-10-08T16:00:00.000,37,14,23
2016-10-08T17:00:00.000,26,15,11
2016-10-08T18:00:00.000,30,7,23
2016-10-08T19:00:00.000,20,13,7
2016-10-08T20:00:00.000,22,11,11
2016-10-08T21:00:00.000,22,8,14
2016-10-08T22:00:00.000,7,0,7
2016-10-08T23:00:00.000,10,7,3
2016-10-09T00:00:00.000,5,2,3
2016-10-09T01:00:00.000,4,2,2
2016-10-09T02:00:00.000,1,1,0
2016-10-09T03:00:00.000,2,1,1
2016-10-09T04:00:00.000,1,1,0
2016-10-09T05:00:00.000,5,4,1
2016-10-09T06:00:00.000,6,3,3
2016-10-09T07:00:00.000,18,11,7
2016-10-09T08:00:00.000,30,15,15
2016-10-09T09:00:00.000,57,24,33
2016-10-09T10:00:00.000,63,35,28
2016-10-09T11:00:00.000,76,31,45
2016-10-09T12:00:00.000,102,49,53
2016-10-09T13:00:00.000,105,53,52
2016-10-09T14:00:00.000,134,65,69
2016-10-09T15:00:00.000,112,63,49
2016-10-09T16:00:00.000,129,61,68
2016-10-09T17:00:00.000,94,45,49
2016-10-09T18:00:00.000,48,24,24
2016-10-09T19:00:00.000,15,8,7
2016-10-09T20:00:00.000,23,10,13
2016-10-09T21:00:00.000,17,8,9
2016-10-09T22:00:00.000,20,9,11
2016-10-09T23:00:00.000,10,5,5
2016-10-10T00:00:00.000,3,1,2
2016-10-10T01:00:00.000,5,4,1
2016-10-10T02:00:00.000,0,0,0
2016-10-10T03:00:00.000,5,3,2
2016-10-10T04:00:00.000,5,2,3
2016-10-10T05:00:00.000,30,20,10
2016-10-10T06:00:00.000,126,90,36
2016-10-10T07:00:00.000,375,246,129
2016-10-10T08:00:00.000,539,337,202
2016-10-10T09:00:00.000,263,133,130
2016-10-10T10:00:00.000,125,61,64
2016-10-10T11:00:00.000,68,33,35
2016-10-10T12:00:00.000,75,34,41
2016-10-10T13:00:00.000,77,36,41
2016-10-10T14:00:00.000,98,50,48
2016-10-10T15:00:00.000,134,59,75
2016-10-10T16:00:00.000,290,94,196
2016-10-10T17:00:00.000,674,171,503
2016-10-10T18:00:00.000,393,119,274
2016-10-10T19:00:00.000,153,59,94
2016-10-10T20:00:00.000,78,36,42
2016-10-10T21:00:00.000,44,9,35
2016-10-10T22:00:00.000,23,6,17
2016-10-10T23:00:00.000,15,5,10
2016-10-11T00:00:00.000,11,2,9
2016-10-11T01:00:00.000,2,2,0
2016-10-11T02:00:00.000,4,1,3
2016-10-11T03:00:00.000,1,1,0
2016-10-11T04:00:00.000,13,9,4
2016-10-11T05:00:00.000,44,28,16
2016-10-11T06:00:00.000,159,107,52
2016-10-11T07:00:00.000,390,239,151
2016-10-11T08:00:00.000,560,352,208
2016-10-11T09:00:00.000,295,171,124
2016-10-11T10:00:00.000,112,59,53
2016-10-11T11:00:00.000,99,50,49
2016-10-11T12:00:00.000,92,48,44
2016-10-11T13:00:00.000,96,39,57
2016-10-11T14:00:00.000,117,55,62
2016-10-11T15:00:00.000,168,83,85
2016-10-11T16:00:00.000,340,102,238
2016-10-11T17:00:00.000,659,184,475
2016-10-11T18:00:00.000,447,133,314
2016-10-11T19:00:00.000,176,57,119
2016-10-11T20:00:00.000,95,33,62
2016-10-11T21:00:00.000,69,23,46
2016-10-11T22:00:00.000,29,12,17
2016-10-11T23:00:00.000,21,6,15
2016-10-12T00:00:00.000,15,9,6
2016-10-12T01:00:00.000,5,2,3
2016-10-12T02:00:00.000,0,0,0
2016-10-12T03:00:00.000,1,1,0
2016-10-12T04:00:00.000,7,3,4
2016-10-12T05:00:00.000,31,18,13
2016-10-12T06:00:00.000,127,74,53
2016-10-12T07:00:00.000,387,243,144
2016-10-12T08:00:00.000,554,333,221
2016-10-12T09:00:00.000,282,135,147
2016-10-12T10:00:00.000,114,61,53
2016-10-12T11:00:00.000,77,36,41
2016-10-12T12:00:00.000,98,42,56
2016-10-12T13:00:00.000,103,59,44
2016-10-12T14:00:00.000,122,48,74
2016-10-12T15:00:00.000,164,68,96
2016-10-12T16:00:00.000,363,133,230
2016-10-12T17:00:00.000,702,187,515
2016-10-12T18:00:00.000,391,134,257
2016-10-12T19:00:00.000,158,58,100
2016-10-12T20:00:00.000,76,24,52
2016-10-12T21:00:00.000,41,15,26
2016-10-12T22:00:00.000,50,13,37
2016-10-12T23:00:00.000,12,6,6
2016-10-13T00:00:00.000,5,3,2
2016-10-13T01:00:00.000,3,2,1
2016-10-13T02:00:00.000,2,0,2
2016-10-13T03:00:00.000,0,0,0
2016-10-13T04:00:00.000,3,1,2
2016-10-13T05:00:00.000,28,20,8
2016-10-13T06:00:00.000,64,39,25
2016-10-13T07:00:00.000,174,108,66
2016-10-13T08:00:00.000,235,142,93
2016-10-13T09:00:00.000,129,79,50
2016-10-13T10:00:00.000,44,23,21
2016-10-13T11:00:00.000,23,10,13
2016-10-13T12:00:00.000,23,10,13
2016-10-13T13:00:00.000,19,9,10
2016-10-13T14:00:00.000,34,10,24
2016-10-13T15:00:00.000,55,25,30
2016-10-13T16:00:00.000,99,30,69
2016-10-13T17:00:00.000,236,54,182
2016-10-13T18:00:00.000,162,50,112
2016-10-13T19:00:00.000,66,24,42
2016-10-13T20:00:00.000,32,17,15
2016-10-13T21:00:00.000,17,5,12
2016-10-13T22:00:00.000,12,6,6
2016-10-13T23:00:00.000,12,8,4
2016-10-14T00:00:00.000,3,2,1
2016-10-14T01:00:00.000,2,1,1
2016-10-14T02:00:00.000,2,2,0
2016-10-14T03:00:00.000,3,2,1
2016-10-14T04:00:00.000,4,1,3
2016-10-14T05:00:00.000,18,11,7
2016-10-14T06:00:00.000,40,26,14
2016-10-14T07:00:00.000,77,48,29
2016-10-14T08:00:00.000,130,87,43
2016-10-14T09:00:00.000,75,46,29
2016-10-14T10:00:00.000,42,24,18
2016-10-14T11:00:00.000,20,8,12
2016-10-14T12:00:00.000,16,6,10
2016-10-14T13:00:00.000,15,6,9
2016-10-14T14:00:00.000,18,7,11
2016-10-14T15:00:00.000,43,19,24
2016-10-14T16:00:00.000,91,38,53
2016-10-14T17:00:00.000,165,56,109
2016-10-14T18:00:00.000,91,36,55
2016-10-14T19:00:00.000,38,14,24
2016-10-14T20:00:00.000,19,3,16
2016-10-14T21:00:00.000,11,5,6
2016-10-14T22:00:00.000,16,8,8
2016-10-14T23:00:00.000,3,1,2
2016-10-15T00:00:00.000,3,3,0
2016-10-15T01:00:00.000,5,5,0
2016-10-15T02:00:00.000,1,1,0
2016-10-15T03:00:00.000,2,1,1
2016-10-15T04:00:00.000,1,0,1
2016-10-15T05:00:00.000,1,0,1
2016-10-15T06:00:00.000,8,4,4
2016-10-15T07:00:00.000,12,8,4
2016-10-15T08:00:00.000,26,12,14
2016-10-15T09:00:00.000,13,7,6
2016-10-15T10:00:00.000,27,12,15
2016-10-15T11:00:00.000,26,11,15
2016-10-15T12:00:00.000,22,10,12
2016-10-15T13:00:00.000,17,6,11
2016-10-15T14:00:00.000,18,9,9
2016-10-15T15:00:00.000,26,14,12
2016-10-15T16:00:00.000,17,13,4
2016-10-15T17:00:00.000,14,5,9
2016-10-15T18:00:00.000,17,6,11
2016-10-15T19:00:00.000,10,4,6
2016-10-15T20:00:00.000,8,2,6
2016-10-15T21:00:00.000,13,5,8
2016-10-15T22:00:00.000,3,1,2
2016-10-15T23:00:00.000,2,2,0
2016-10-16T00:00:00.000,8,5,3
2016-10-16T01:00:00.000,4,3,1
2016-10-16T02:00:00.000,1,1,0
2016-10-16T03:00:00.000,2,2,0
2016-10-16T04:00:00.000,0,0,0
2016-10-16T05:00:00.000,1,0,1
2016-10-16T06:00:00.000,5,1,4
2016-10-16T07:00:00.000,2,1,1
2016-10-16T08:00:00.000,10,3,7
2016-10-16T09:00:00.000,24,12,12
2016-10-16T10:00:00.000,30,12,18
2016-10-16T11:00:00.000,39,25,14
2016-10-16T12:00:00.000,34,16,18
2016-10-16T13:00:00.000,48,32,16
2016-10-16T14:00:00.000,43,27,16
2016-10-16T15:00:00.000,47,20,27
2016-10-16T16:00:00.000,42,21,21
2016-10-16T17:00:00.000,49,31,18
2016-10-16T18:00:00.000,28,14,14
2016-10-16T19:00:00.000,29,10,19
2016-10-16T20:00:00.000,20,7,13
2016-10-16T21:00:00.000,10,4,6
2016-10-16T22:00:00.000,11,7,4
2016-10-16T23:00:00.000,2,1,1
2016-10-17T00:00:00.000,2,2,0
2016-10-17T01:00:00.000,1,0,1
2016-10-17T02:00:00.000,1,1,0
2016-10-17T03:00:00.000,0,0,0
2016-10-17T04:00:00.000,6,4,2
2016-10-17T05:00:00.000,31,19,12
2016-10-17T06:00:00.000,95,57,38
2016-10-17T07:00:00.000,297,188,109
2016-10-17T08:00:00.000,422,266,156
2016-10-17T09:00:00.000,219,116,103
2016-10-17T10:00:00.000,95,45,50
2016-10-17T11:00:00.000,45,24,21
2016-10-17T12:00:00.000,51,26,25
2016-10-17T13:00:00.000,42,23,19
2016-10-17T14:00:00.000,58,25,33
2016-10-17T15:00:00.000,106,37,69
2016-10-17T16:00:00.000,219,83,136
2016-10-17T17:00:00.000,491,129,362
2016-10-17T18:00:00.000,346,85,261
2016-10-17T19:00:00.000,132,60,72
2016-10-17T20:00:00.000,78,26,52
2016-10-17T21:00:00.000,39,16,23
2016-10-17T22:00:00.000,14,6,8
2016-10-17T23:00:00.000,8,2,6
2016-10-18T00:00:00.000,5,3,2
2016-10-18T01:00:00.000,4,0,4
2016-10-18T02:00:00.000,5,5,0
2016-10-18T03:00:00.000,2,2,0
2016-10-18T04:00:00.000,4,3,1
2016-10-18T05:00:00.000,28,15,13
2016-10-18T06:00:00.000,118,76,42
2016-10-18T07:00:00.000,314,202,112
2016-10-18T08:00:00.000,413,259,154
2016-10-18T09:00:00.000,234,129,105
2016-10-18T10:00:00.000,70,33,37
2016-10-18T11:00:00.000,63,36,27
2016-10-18T12:00:00.000,65,39,26
2016-10-18T13:00:00.000,59,28,31
2016-10-18T14:00:00.000,52,28,24
2016-10-18T15:00:00.000,138,57,81
2016-10-18T16:00:00.000,267,106,161
2016-10-18T17:00:00.000,500,137,363
2016-10-18T18:00:00.000,340,107,233
2016-10-18T19:00:00.000,132,52,80
2016-10-18T20:00:00.000,93,32,61
2016-10-18T21:00:00.000,41,18,23
2016-10-18T22:00:00.000,26,11,15
2016-10-18T23:00:00.000,16,8,8
2016-10-19T00:00:00.000,5,3,2
2016-10-19T01:00:00.000,9,6,3
2016-10-19T02:00:00.000,4,3,1
2016-10-19T03:00:00.000,3,2,1
2016-10-19T04:00:00.000,11,7,4
2016-10-19T05:00:00.000,41,23,18
2016-10-19T06:00:00.000,136,81,55
2016-10-19T07:00:00.000,351,214,137
2016-10-19T08:00:00.000,521,312,209
2016-10-19T09:00:00.000,276,157,119
2016-10-19T10:00:00.000,125,56,69
2016-10-19T11:00:00.000,83,49,34
2016-10-19T12:00:00.000,75,45,30
2016-10-19T13:00:00.000,97,45,52
2016-10-19T14:00:00.000,90,36,54
2016-10-19T15:00:00.000,159,75,84
2016-10-19T16:00:00.000,319,103,216
2016-10-19T17:00:00.000,601,155,446
2016-10-19T18:00:00.000,320,108,212
2016-10-19T19:00:00.000,131,52,79
2016-10-19T20:00:00.000,56,24,32
2016-10-19T21:00:00.000,45,13,32
2016-10-19T22:00:00.000,22,10,12
2016-10-19T23:00:00.000,6,2,4
2016-10-20T00:00:00.000,4,1,3
2016-10-20T01:00:00.000,3,0,3
2016-10-20T02:00:00.000,3,2,1
2016-10-20T03:00:00.000,0,0,0
2016-10-20T04:00:00.000,3,2,1
2016-10-20T05:00:00.000,22,13,9
2016-10-20T06:00:00.000,63,34,29
2016-10-20T07:00:00.000,218,147,71
2016-10-20T08:00:00.000,284,169,115
2016-10-20T09:00:00.000,136,85,51
2016-10-20T10:00:00.000,48,33,15
2016-10-20T11:00:00.000,29,18,11
2016-10-20T12:00:00.000,38,21,17
2016-10-20T13:00:00.000,44,22,22
2016-10-20T14:00:00.000,37,15,22
2016-10-20T15:00:00.000,85,32,53
2016-10-20T16:00:00.000,172,62,110
2016-10-20T17:00:00.000,340,91,249
2016-10-20T18:00:00.000,244,78,166
2016-10-20T19:00:00.000,113,34,79
2016-10-20T20:00:00.000,51,26,25
2016-10-20T21:00:00.000,38,13,25
2016-10-20T22:00:00.000,27,13,14
2016-10-20T23:00:00.000,8,2,6
2016-10-21T00:00:00.000,8,3,5
2016-10-21T01:00:00.000,6,4,2
2016-10-21T02:00:00.000,5,1,4
2016-10-21T03:00:00.000,0,0,0
2016-10-21T04:00:00.000,9,4,5
2016-10-21T05:00:00.000,25,17,8
2016-10-21T06:00:00.000,98,52,46
2016-10-21T07:00:00.000,270,177,93
2016-10-21T08:00:00.000,388,228,160
2016-10-21T09:00:00.000,223,119,104
2016-10-21T10:00:00.000,101,66,35
2016-10-21T11:00:00.000,79,52,27
2016-10-21T12:00:00.000,85,47,38
2016-10-21T13:00:00.000,103,40,63
2016-10-21T14:00:00.000,95,45,50
2016-10-21T15:00:00.000,129,57,72
2016-10-21T16:00:00.000,259,73,186
2016-10-21T17:00:00.000,395,115,280
2016-10-21T18:00:00.000,244,63,181
2016-10-21T19:00:00.000,93,29,64
2016-10-21T20:00:00.000,72,26,46
2016-10-21T21:00:00.000,35,13,22
2016-10-21T22:00:00.000,16,6,10
2016-10-21T23:00:00.000,21,6,15
2016-10-22T00:00:00.000,9,5,4
2016-10-22T01:00:00.000,9,5,4
2016-10-22T02:00:00.000,8,4,4
2016-10-22T03:00:00.000,3,1,2
2016-10-22T04:00:00.000,1,0,1
2016-10-22T05:00:00.000,4,2,2
2016-10-22T06:00:00.000,7,2,5
2016-10-22T07:00:00.000,24,15,9
2016-10-22T08:00:00.000,66,36,30
2016-10-22T09:00:00.000,75,40,35
2016-10-22T10:00:00.000,86,50,36
2016-10-22T11:00:00.000,129,75,54
2016-10-22T12:00:00.000,135,54,81
2016-10-22T13:00:00.000,138,70,68
2016-10-22T14:00:00.000,153,70,83
2016-10-22T15:00:00.000,163,86,77
2016-10-22T16:00:00.000,121,63,58
2016-10-22T17:00:00.000,132,60,72
2016-10-22T18:00:00.000,84,42,42
2016-10-22T19:00:00.000,58,31,27
2016-10-22T20:00:00.000,29,14,15
2016-10-22T21:00:00.000,31,17,14
2016-10-22T22:00:00.000,22,10,12
2016-10-22T23:00:00.000,23,7,16
2016-10-23T00:00:00.000,9,5,4
2016-10-23T01:00:00.000,9,2,7
2016-10-23T02:00:00.000,5,2,3
2016-10-23T03:00:00.000,0,0,0
2016-10-23T04:00:00.000,0,0,0
2016-10-23T05:00:00.000,3,0,3
2016-10-23T06:00:00.000,5,1,4
2016-10-23T07:00:00.000,19,12,7
2016-10-23T08:00:00.000,39,14,25
2016-10-23T09:00:00.000,43,21,22
2016-10-23T10:00:00.000,59,32,27
2016-10-23T11:00:00.000,94,47,47
2016-10-23T12:00:00.000,121,50,71
2016-10-23T13:00:00.000,117,66,51
2016-10-23T14:00:00.000,124,71,53
2016-10-23T15:00:00.000,118,55,63
2016-10-23T16:00:00.000,104,54,50
2016-10-23T17:00:00.000,89,47,42
2016-10-23T18:00:00.000,47,19,28
2016-10-23T19:00:00.000,30,10,20
2016-10-23T20:00:00.000,23,14,9
2016-10-23T21:00:00.000,26,12,14
2016-10-23T22:00:00.000,14,6,8
2016-10-23T23:00:00.000,11,5,6
2016-10-24T00:00:00.000,9,6,3
2016-10-24T01:00:00.000,3,2,1
2016-10-24T02:00:00.000,2,0,2
2016-10-24T03:00:00.000,0,0,0
2016-10-24T04:00:00.000,9,5,4
2016-10-24T05:00:00.000,38,25,13
2016-10-24T06:00:00.000,110,72,38
2016-10-24T07:00:00.000,344,215,129
2016-10-24T08:00:00.000,488,300,188
2016-10-24T09:00:00.000,259,131,128
2016-10-24T10:00:00.000,102,52,50
2016-10-24T11:00:00.000,67,29,38
2016-10-24T12:00:00.000,78,34,44
2016-10-24T13:00:00.000,72,35,37
2016-10-24T14:00:00.000,64,30,34
2016-10-24T15:00:00.000,119,48,71
2016-10-24T16:00:00.000,238,75,163
2016-10-24T17:00:00.000,454,110,344
2016-10-24T18:00:00.000,306,93,213
2016-10-24T19:00:00.000,118,35,83
2016-10-24T20:00:00.000,59,16,43
2016-10-24T21:00:00.000,33,20,13
2016-10-24T22:00:00.000,12,4,8
2016-10-24T23:00:00.000,12,6,6
2016-10-25T00:00:00.000,3,2,1
2016-10-25T01:00:00.000,5,2,3
2016-10-25T02:00:00.000,2,1,1
2016-10-25T03:00:00.000,0,0,0
2016-10-25T04:00:00.000,7,6,1
2016-10-25T05:00:00.000,50,35,15
2016-10-25T06:00:00.000,130,81,49
2016-10-25T07:00:00.000,341,220,121
2016-10-25T08:00:00.000,474,288,186
2016-10-25T09:00:00.000,243,137,106
2016-10-25T10:00:00.000,119,59,60
2016-10-25T11:00:00.000,66,41,25
2016-10-25T12:00:00.000,80,38,42
2016-10-25T13:00:00.000,83,47,36
2016-10-25T14:00:00.000,87,43,44
2016-10-25T15:00:00.000,126,53,73
2016-10-25T16:00:00.000,287,97,190
2016-10-25T17:00:00.000,570,149,421
2016-10-25T18:00:00.000,370,116,254
2016-10-25T19:00:00.000,151,50,101
2016-10-25T20:00:00.000,74,25,49
2016-10-25T21:00:00.000,53,12,41
2016-10-25T22:00:00.000,43,18,25
2016-10-25T23:00:00.000,16,5,11
2016-10-26T00:00:00.000,11,6,5
2016-10-26T01:00:00.000,7,5,2
2016-10-26T02:00:00.000,1,1,0
2016-10-26T03:00:00.000,1,1,0
2016-10-26T04:00:00.000,7,5,2
2016-10-26T05:00:00.000,33,23,10
2016-10-26T06:00:00.000,102,66,36
2016-10-26T07:00:00.000,218,139,79
2016-10-26T08:00:00.000,294,170,124
2016-10-26T09:00:00.000,163,83,80
2016-10-26T10:00:00.000,56,30,26
2016-10-26T11:00:00.000,36,20,16
2016-10-26T12:00:00.000,23,12,11
2016-10-26T13:00:00.000,29,15,14
2016-10-26T14:00:00.000,27,14,13
2016-10-26T15:00:00.000,61,21,40
2016-10-26T16:00:00.000,148,47,101
2016-10-26T17:00:00.000,303,67,236
2016-10-26T18:00:00.000,234,59,175
2016-10-26T19:00:00.000,87,32,55
2016-10-26T20:00:00.000,55,15,40
2016-10-26T21:00:00.000,21,5,16
2016-10-26T22:00:00.000,9,2,7
2016-10-26T23:00:00.000,9,4,5
2016-10-27T00:00:00.000,5,1,4
2016-10-27T01:00:00.000,3,1,2
2016-10-27T02:00:00.000,1,1,0
2016-10-27T03:00:00.000,1,0,1
2016-10-27T04:00:00.000,11,7,4
2016-10-27T05:00:00.000,34,22,12
2016-10-27T06:00:00.000,100,57,43
2016-10-27T07:00:00.000,274,169,105
2016-10-27T08:00:00.000,432,255,177
2016-10-27T09:00:00.000,204,109,95
2016-10-27T10:00:00.000,96,50,46
2016-10-27T11:00:00.000,57,28,29
2016-10-27T12:00:00.000,58,34,24
2016-10-27T13:00:00.000,69,37,32
2016-10-27T14:00:00.000,77,34,43
2016-10-27T15:00:00.000,123,47,76
2016-10-27T16:00:00.000,220,79,141
2016-10-27T17:00:00.000,466,115,351
2016-10-27T18:00:00.000,281,86,195
2016-10-27T19:00:00.000,121,43,78
2016-10-27T20:00:00.000,85,51,34
2016-10-27T21:00:00.000,44,17,27
2016-10-27T22:00:00.000,44,17,27
2016-10-27T23:00:00.000,11,5,6
2016-10-28T00:00:00.000,5,3,2
2016-10-28T01:00:00.000,5,3,2
2016-10-28T02:00:00.000,9,8,1
2016-10-28T03:00:00.000,2,1,1
2016-10-28T04:00:00.000,7,5,2
2016-10-28T05:00:00.000,33,22,11
2016-10-28T06:00:00.000,104,62,42
2016-10-28T07:00:00.000,274,171,103
2016-10-28T08:00:00.000,399,238,161
2016-10-28T09:00:00.000,245,128,117
2016-10-28T10:00:00.000,115,73,42
2016-10-28T11:00:00.000,95,57,38
2016-10-28T12:00:00.000,87,45,42
2016-10-28T13:00:00.000,99,44,55
2016-10-28T14:00:00.000,98,49,49
2016-10-28T15:00:00.000,204,93,111
2016-10-28T16:00:00.000,317,120,197
2016-10-28T17:00:00.000,507,158,349
2016-10-28T18:00:00.000,307,103,204
2016-10-28T19:00:00.000,119,44,75
2016-10-28T20:00:00.000,78,24,54
2016-10-28T21:00:00.000,35,15,20
2016-10-28T22:00:00.000,26,14,12
2016-10-28T23:00:00.000,32,20,12
2016-10-29T00:00:00.000,18,9,9
2016-10-29T01:00:00.000,10,4,6
2016-10-29T02:00:00.000,12,5,7
2016-10-29T03:00:00.000,3,1,2
2016-10-29T04:00:00.000,4,2,2
2016-10-29T05:00:00.000,5,3,2
2016-10-29T06:00:00.000,17,9,8
2016-10-29T07:00:00.000,21,9,12
2016-10-29T08:00:00.000,38,18,20
2016-10-29T09:00:00.000,29,16,13
2016-10-29T10:00:00.000,38,17,21
2016-10-29T11:00:00.000,37,20,17
2016-10-29T12:00:00.000,23,11,12
2016-10-29T13:00:00.000,33,16,17
2016-10-29T14:00:00.000,46,20,26
2016-10-29T15:00:00.000,85,52,33
2016-10-29T16:00:00.000,68,39,29
2016-10-29T17:00:00.000,95,44,51
2016-10-29T18:00:00.000,59,27,32
2016-10-29T19:00:00.000,49,11,38
2016-10-29T20:00:00.000,25,9,16
2016-10-29T21:00:00.000,41,23,18
2016-10-29T22:00:00.000,19,8,11
2016-10-29T23:00:00.000,13,8,5
2016-10-30T00:00:00.000,10,4,6
2016-10-30T01:00:00.000,15,5,10
2016-10-30T02:00:00.000,7,2,5
2016-10-30T03:00:00.000,3,1,2
2016-10-30T04:00:00.000,2,1,1
2016-10-30T05:00:00.000,6,2,4
2016-10-30T06:00:00.000,10,7,3
2016-10-30T07:00:00.000,14,10,4
2016-10-30T08:00:00.000,47,23,24
2016-10-30T09:00:00.000,74,38,36
2016-10-30T10:00:00.000,69,37,32
2016-10-30T11:00:00.000,87,40,47
2016-10-30T12:00:00.000,98,39,59
2016-10-30T13:00:00.000,86,47,39
2016-10-30T14:00:00.000,65,31,34
2016-10-30T15:00:00.000,57,32,25
2016-10-30T16:00:00.000,55,30,25
2016-10-30T17:00:00.000,48,25,23
2016-10-30T18:00:00.000,33,16,17
2016-10-30T19:00:00.000,22,9,13
2016-10-30T20:00:00.000,19,5,14
2016-10-30T21:00:00.000,14,5,9
2016-10-30T22:00:00.000,9,5,4
2016-10-30T23:00:00.000,9,3,6
2016-10-31T00:00:00.000,4,1,3
2016-10-31T01:00:00.000,3,0,3
2016-10-31T02:00:00.000,1,0,1
2016-10-31T03:00:00.000,2,1,1
2016-10-31T04:00:00.000,4,3,1
2016-10-31T05:00:00.000,33,20,13
2016-10-31T06:00:00.000,89,54,35
2016-10-31T07:00:00.000,269,172,97
2016-10-31T08:00:00.000,330,189,141
2016-10-31T09:00:00.000,131,73,58
2016-10-31T10:00:00.000,60,31,29
2016-10-31T11:00:00.000,37,18,19
2016-10-31T12:00:00.000,29,11,18
2016-10-31T13:00:00.000,46,23,23
2016-10-31T14:00:00.000,50,24,26
2016-10-31T15:00:00.000,99,33,66
2016-10-31T16:00:00.000,248,69,179
2016-10-31T17:00:00.000,401,91,310
2016-10-31T18:00:00.000,202,73,129
2016-10-31T19:00:00.000,72,23,49
2016-10-31T20:00:00.000,44,15,29
2016-10-31T21:00:00.000,21,8,13
2016-10-31T22:00:00.000,10,5,5
2016-10-31T23:00:00.000,13,5,8
2016-11-01T00:00:00.000,8,2,6
2016-11-01T01:00:00.000,6,3,3
2016-11-01T02:00:00.000,1,0,1
2016-11-01T03:00:00.000,1,0,1
2016-11-01T04:00:00.000,7,5,2
2016-11-01T05:00:00.000,32,20,12
2016-11-01T06:00:00.000,107,67,40
2016-11-01T07:00:00.000,267,175,92
2016-11-01T08:00:00.000,354,219,135
2016-11-01T09:00:00.000,185,101,84
2016-11-01T10:00:00.000,64,27,37
2016-11-01T11:00:00.000,35,20,15
2016-11-01T12:00:00.000,42,27,15
2016-11-01T13:00:00.000,49,28,21
2016-11-01T14:00:00.000,49,23,26
2016-11-01T15:00:00.000,95,53,42
2016-11-01T16:00:00.000,226,72,154
2016-11-01T17:00:00.000,433,104,329
2016-11-01T18:00:00.000,272,82,190
2016-11-01T19:00:00.000,128,39,89
2016-11-01T20:00:00.000,62,22,40
2016-11-01T21:00:00.000,46,12,34
2016-11-01T22:00:00.000,22,8,14
2016-11-01T23:00:00.000,9,5,4
2016-11-02T00:00:00.000,4,2,2
2016-11-02T01:00:00.000,2,2,0
2016-11-02T02:00:00.000,1,1,0
2016-11-02T03:00:00.000,0,0,0
2016-11-02T04:00:00.000,9,3,6
2016-11-02T05:00:00.000,33,19,14
2016-11-02T06:00:00.000,127,69,58
2016-11-02T07:00:00.000,249,152,97
2016-11-02T08:00:00.000,330,197,133
2016-11-02T09:00:00.000,200,100,100
2016-11-02T10:00:00.000,60,36,24
2016-11-02T11:00:00.000,42,20,22
2016-11-02T12:00:00.000,26,11,15
2016-11-02T13:00:00.000,41,22,19
2016-11-02T14:00:00.000,48,25,23
2016-11-02T15:00:00.000,91,37,54
2016-11-02T16:00:00.000,232,68,164
2016-11-02T17:00:00.000,442,119,323
2016-11-02T18:00:00.000,270,85,185
2016-11-02T19:00:00.000,107,46,61
2016-11-02T20:00:00.000,68,25,43
2016-11-02T21:00:00.000,40,14,26
2016-11-02T22:00:00.000,22,8,14
2016-11-02T23:00:00.000,9,2,7
2016-11-03T00:00:00.000,3,2,1
2016-11-03T01:00:00.000,4,2,2
2016-11-03T02:00:00.000,2,0,2
2016-11-03T03:00:00.000,3,2,1
2016-11-03T04:00:00.000,2,1,1
2016-11-03T05:00:00.000,32,19,13
2016-11-03T06:00:00.000,123,77,46
2016-11-03T07:00:00.000,366,218,148
2016-11-03T08:00:00.000,534,304,230
2016-11-03T09:00:00.000,261,129,132
2016-11-03T10:00:00.000,110,57,53
2016-11-03T11:00:00.000,96,47,49
2016-11-03T12:00:00.000,87,44,43
2016-11-03T13:00:00.000,97,56,41
2016-11-03T14:00:00.000,112,50,62
2016-11-03T15:00:00.000,148,64,84
2016-11-03T16:00:00.000,329,116,213
2016-11-03T17:00:00.000,609,144,465
2016-11-03T18:00:00.000,362,117,245
2016-11-03T19:00:00.000,137,39,98
2016-11-03T20:00:00.000,106,41,65
2016-11-03T21:00:00.000,55,18,37
2016-11-03T22:00:00.000,35,14,21
2016-11-03T23:00:00.000,22,9,13
2016-11-04T00:00:00.000,16,8,8
2016-11-04T01:00:00.000,8,5,3
2016-11-04T02:00:00.000,1,0,1
2016-11-04T03:00:00.000,2,0,2
2016-11-04T04:00:00.000,9,5,4
2016-11-04T05:00:00.000,38,24,14
2016-11-04T06:00:00.000,116,72,44
2016-11-04T07:00:00.000,288,193,95
2016-11-04T08:00:00.000,423,253,170
2016-11-04T09:00:00.000,247,145,102
2016-11-04T10:00:00.000,123,69,54
2016-11-04T11:00:00.000,96,47,49
2016-11-04T12:00:00.000,106,55,51
2016-11-04T13:00:00.000,131,75,56
2016-11-04T14:00:00.000,123,67,56
2016-11-04T15:00:00.000,192,76,116
2016-11-04T16:00:00.000,314,118,196
2016-11-04T17:00:00.000,530,130,400
2016-11-04T18:00:00.000,287,97,190
2016-11-04T19:00:00.000,102,42,60
2016-11-04T20:00:00.000,58,19,39
2016-11-04T21:00:00.000,52,19,33
2016-11-04T22:00:00.000,30,12,18
2016-11-04T23:00:00.000,26,10,16
2016-11-05T00:00:00.000,18,7,11
2016-11-05T01:00:00.000,13,8,5
2016-11-05T02:00:00.000,4,1,3
2016-11-05T03:00:00.000,6,0,6
2016-11-05T04:00:00.000,4,0,4
2016-11-05T05:00:00.000,5,1,4
2016-11-05T06:00:00.000,9,8,1
2016-11-05T07:00:00.000,13,8,5
2016-11-05T08:00:00.000,37,18,19
2016-11-05T09:00:00.000,19,13,6
2016-11-05T10:00:00.000,24,15,9
2016-11-05T11:00:00.000,38,28,10
2016-11-05T12:00:00.000,25,16,9
2016-11-05T13:00:00.000,37,16,21
2016-11-05T14:00:00.000,22,11,11
2016-11-05T15:00:00.000,19,14,5
2016-11-05T16:00:00.000,36,23,13
2016-11-05T17:00:00.000,27,13,14
2016-11-05T18:00:00.000,18,11,7
2016-11-05T19:00:00.000,24,13,11
2016-11-05T20:00:00.000,8,4,4
2016-11-05T21:00:00.000,10,7,3
2016-11-05T22:00:00.000,14,7,7
2016-11-05T23:00:00.000,9,3,6
2016-11-06T00:00:00.000,7,5,2
2016-11-06T01:00:00.000,14,2,12
2016-11-06T02:00:00.000,3,0,3
2016-11-06T03:00:00.000,1,1,0
2016-11-06T04:00:00.000,1,0,1
2016-11-06T05:00:00.000,2,1,1
2016-11-06T06:00:00.000,11,5,6
2016-11-06T07:00:00.000,21,15,6
2016-11-06T08:00:00.000,50,23,27
2016-11-06T09:00:00.000,94,46,48
2016-11-06T10:00:00.000,155,101,54
2016-11-06T11:00:00.000,129,64,65
2016-11-06T12:00:00.000,142,73,69
2016-11-06T13:00:00.000,172,86,86
2016-11-06T14:00:00.000,178,84,94
2016-11-06T15:00:00.000,182,91,91
2016-11-06T16:00:00.000,130,64,66
2016-11-06T17:00:00.000,67,42,25
2016-11-06T18:00:00.000,43,16,27
2016-11-06T19:00:00.000,40,22,18
2016-11-06T20:00:00.000,26,11,15
2016-11-06T21:00:00.000,19,5,14
2016-11-06T22:00:00.000,10,4,6
2016-11-06T23:00:00.000,12,4,8
2016-11-07T00:00:00.000,4,2,2
2016-11-07T01:00:00.000,5,2,3
2016-11-07T02:00:00.000,1,0,1
2016-11-07T03:00:00.000,0,0,0
2016-11-07T04:00:00.000,0,0,0
2016-11-07T05:00:00.000,38,27,11
2016-11-07T06:00:00.000,126,76,50
2016-11-07T07:00:00.000,417,282,135
2016-11-07T08:00:00.000,479,281,198
2016-11-07T09:00:00.000,227,127,100
2016-11-07T10:00:00.000,89,41,48
2016-11-07T11:00:00.000,61,34,27
2016-11-07T12:00:00.000,61,39,22
2016-11-07T13:00:00.000,64,38,26
2016-11-07T14:00:00.000,78,34,44
2016-11-07T15:00:00.000,126,50,76
2016-11-07T16:00:00.000,318,80,238
2016-11-07T17:00:00.000,595,120,475
2016-11-07T18:00:00.000,267,79,188
2016-11-07T19:00:00.000,119,35,84
2016-11-07T20:00:00.000,72,27,45
2016-11-07T21:00:00.000,59,15,44
2016-11-07T22:00:00.000,24,8,16
2016-11-07T23:00:00.000,13,3,10
2016-11-08T00:00:00.000,5,1,4
2016-11-08T01:00:00.000,4,1,3
2016-11-08T02:00:00.000,1,0,1
2016-11-08T03:00:00.000,3,3,0
2016-11-08T04:00:00.000,11,7,4
2016-11-08T05:00:00.000,49,28,21
2016-11-08T06:00:00.000,163,98,65
2016-11-08T07:00:00.000,474,313,161
2016-11-08T08:00:00.000,538,322,216
2016-11-08T09:00:00.000,252,145,107
2016-11-08T10:00:00.000,113,63,50
2016-11-08T11:00:00.000,100,52,48
2016-11-08T12:00:00.000,121,68,53
2016-11-08T13:00:00.000,111,64,47
2016-11-08T14:00:00.000,124,54,70
2016-11-08T15:00:00.000,204,89,115
2016-11-08T16:00:00.000,458,121,337
2016-11-08T17:00:00.000,604,148,456
2016-11-08T18:00:00.000,316,110,206
2016-11-08T19:00:00.000,107,44,63
2016-11-08T20:00:00.000,80,18,62
2016-11-08T21:00:00.000,47,16,31
2016-11-08T22:00:00.000,40,17,23
2016-11-08T23:00:00.000,22,11,11
2016-11-09T00:00:00.000,9,5,4
2016-11-09T01:00:00.000,5,1,4
2016-11-09T02:00:00.000,1,0,1
2016-11-09T03:00:00.000,3,3,0
2016-11-09T04:00:00.000,9,5,4
2016-11-09T05:00:00.000,29,19,10
2016-11-09T06:00:00.000,105,68,37
2016-11-09T07:00:00.000,286,195,91
2016-11-09T08:00:00.000,397,240,157
2016-11-09T09:00:00.000,180,103,77
2016-11-09T10:00:00.000,64,33,31
2016-11-09T11:00:00.000,47,27,20
2016-11-09T12:00:00.000,48,18,30
2016-11-09T13:00:00.000,67,31,36
2016-11-09T14:00:00.000,68,32,36
2016-11-09T15:00:00.000,123,56,67
2016-11-09T16:00:00.000,261,93,168
2016-11-09T17:00:00.000,471,110,361
2016-11-09T18:00:00.000,292,81,211
2016-11-09T19:00:00.000,123,39,84
2016-11-09T20:00:00.000,92,35,57
2016-11-09T21:00:00.000,55,28,27
2016-11-09T22:00:00.000,35,10,25
2016-11-09T23:00:00.000,12,2,10
2016-11-10T00:00:00.000,10,6,4
2016-11-10T01:00:00.000,3,2,1
2016-11-10T02:00:00.000,2,0,2
2016-11-10T03:00:00.000,4,3,1
2016-11-10T04:00:00.000,5,2,3
2016-11-10T05:00:00.000,32,24,8
2016-11-10T06:00:00.000,119,76,43
2016-11-10T07:00:00.000,378,228,150
2016-11-10T08:00:00.000,485,290,195
2016-11-10T09:00:00.000,255,136,119
2016-11-10T10:00:00.000,91,47,44
2016-11-10T11:00:00.000,90,53,37
2016-11-10T12:00:00.000,70,30,40
2016-11-10T13:00:00.000,96,55,41
2016-11-10T14:00:00.000,129,69,60
2016-11-10T15:00:00.000,171,68,103
2016-11-10T16:00:00.000,308,99,209
2016-11-10T17:00:00.000,538,148,390
2016-11-10T18:00:00.000,329,103,226
2016-11-10T19:00:00.000,150,51,99
2016-11-10T20:00:00.000,96,37,59
2016-11-10T21:00:00.000,55,20,35
2016-11-10T22:00:00.000,50,14,36
2016-11-10T23:00:00.000,14,5,9
2016-11-11T00:00:00.000,13,8,5
2016-11-11T01:00:00.000,4,2,2
2016-11-11T02:00:00.000,4,1,3
2016-11-11T03:00:00.000,2,1,1
2016-11-11T04:00:00.000,7,3,4
2016-11-11T05:00:00.000,25,16,9
2016-11-11T06:00:00.000,81,49,32
2016-11-11T07:00:00.000,216,133,83
2016-11-11T08:00:00.000,348,211,137
2016-11-11T09:00:00.000,182,94,88
2016-11-11T10:00:00.000,83,49,34
2016-11-11T11:00:00.000,93,45,48
2016-11-11T12:00:00.000,95,43,52
2016-11-11T13:00:00.000,88,43,45
2016-11-11T14:00:00.000,107,42,65
2016-11-11T15:00:00.000,146,60,86
2016-11-11T16:00:00.000,247,73,174
2016-11-11T17:00:00.000,361,84,277
2016-11-11T18:00:00.000,191,47,144
2016-11-11T19:00:00.000,93,40,53
2016-11-11T20:00:00.000,42,13,29
2016-11-11T21:00:00.000,35,11,24
2016-11-11T22:00:00.000,18,8,10
2016-11-11T23:00:00.000,27,13,14
2016-11-12T00:00:00.000,20,12,8
2016-11-12T01:00:00.000,7,2,5
2016-11-12T02:00:00.000,4,1,3
2016-11-12T03:00:00.000,4,3,1
2016-11-12T04:00:00.000,1,1,0
2016-11-12T05:00:00.000,8,3,5
2016-11-12T06:00:00.000,8,5,3
2016-11-12T07:00:00.000,17,9,8
2016-11-12T08:00:00.000,51,25,26
2016-11-12T09:00:00.000,39,25,14
2016-11-12T10:00:00.000,49,31,18
2016-11-12T11:00:00.000,43,21,22
2016-11-12T12:00:00.000,67,28,39
2016-11-12T13:00:00.000,67,37,30
2016-11-12T14:00:00.000,65,24,41
2016-11-12T15:00:00.000,83,46,37
2016-11-12T16:00:00.000,73,31,42
2016-11-12T17:00:00.000,55,17,38
2016-11-12T18:00:00.000,64,41,23
2016-11-12T19:00:00.000,38,17,21
2016-11-12T20:00:00.000,41,24,17
2016-11-12T21:00:00.000,35,11,24
2016-11-12T22:00:00.000,21,7,14
2016-11-12T23:00:00.000,21,10,11
2016-11-13T00:00:00.000,16,5,11
2016-11-13T01:00:00.000,6,2,4
2016-11-13T02:00:00.000,4,3,1
2016-11-13T03:00:00.000,4,3,1
2016-11-13T04:00:00.000,2,1,1
2016-11-13T05:00:00.000,2,1,1
2016-11-13T06:00:00.000,8,3,5
2016-11-13T07:00:00.000,18,5,13
2016-11-13T08:00:00.000,25,12,13
2016-11-13T09:00:00.000,29,11,18
2016-11-13T10:00:00.000,39,19,20
2016-11-13T11:00:00.000,51,29,22
2016-11-13T12:00:00.000,54,29,25
2016-11-13T13:00:00.000,59,37,22
2016-11-13T14:00:00.000,59,37,22
2016-11-13T15:00:00.000,47,23,24
2016-11-13T16:00:00.000,55,31,24
2016-11-13T17:00:00.000,35,17,18
2016-11-13T18:00:00.000,25,11,14
2016-11-13T19:00:00.000,15,4,11
2016-11-13T20:00:00.000,17,6,11
2016-11-13T21:00:00.000,17,6,11
2016-11-13T22:00:00.000,14,3,11
2016-11-13T23:00:00.000,5,3,2
2016-11-14T00:00:00.000,8,3,5
2016-11-14T01:00:00.000,0,0,0
2016-11-14T02:00:00.000,0,0,0
2016-11-14T03:00:00.000,0,0,0
2016-11-14T04:00:00.000,5,5,0
2016-11-14T05:00:00.000,31,21,10
2016-11-14T06:00:00.000,103,56,47
2016-11-14T07:00:00.000,318,205,113
2016-11-14T08:00:00.000,481,271,210
2016-11-14T09:00:00.000,228,123,105
2016-11-14T10:00:00.000,78,43,35
2016-11-14T11:00:00.000,74,37,37
2016-11-14T12:00:00.000,67,34,33
2016-11-14T13:00:00.000,62,28,34
2016-11-14T14:00:00.000,82,45,37
2016-11-14T15:00:00.000,140,63,77
2016-11-14T16:00:00.000,250,80,170
2016-11-14T17:00:00.000,497,122,375
2016-11-14T18:00:00.000,356,86,270
2016-11-14T19:00:00.000,134,42,92
2016-11-14T20:00:00.000,89,28,61
2016-11-14T21:00:00.000,37,10,27
2016-11-14T22:00:00.000,30,11,19
2016-11-14T23:00:00.000,14,4,10
2016-11-15T00:00:00.000,5,2,3
2016-11-15T01:00:00.000,3,1,2
2016-11-15T02:00:00.000,2,1,1
2016-11-15T03:00:00.000,1,1,0
2016-11-15T04:00:00.000,9,5,4
2016-11-15T05:00:00.000,27,17,10
2016-11-15T06:00:00.000,99,60,39
2016-11-15T07:00:00.000,278,170,108
2016-11-15T08:00:00.000,373,237,136
2016-11-15T09:00:00.000,212,113,99
2016-11-15T10:00:00.000,89,46,43
2016-11-15T11:00:00.000,41,29,12
2016-11-15T12:00:00.000,49,20,29
2016-11-15T13:00:00.000,48,31,17
2016-11-15T14:00:00.000,53,24,29
2016-11-15T15:00:00.000,96,35,61
2016-11-15T16:00:00.000,205,57,148
2016-11-15T17:00:00.000,425,96,329
2016-11-15T18:00:00.000,237,64,173
2016-11-15T19:00:00.000,122,45,77
2016-11-15T20:00:00.000,44,16,28
2016-11-15T21:00:00.000,29,10,19
2016-11-15T22:00:00.000,22,4,18
2016-11-15T23:00:00.000,6,0,6
2016-11-16T00:00:00.000,5,2,3
2016-11-16T01:00:00.000,2,2,0
2016-11-16T02:00:00.000,2,1,1
2016-11-16T03:00:00.000,1,0,1
2016-11-16T04:00:00.000,12,8,4
2016-11-16T05:00:00.000,37,21,16
2016-11-16T06:00:00.000,131,68,63
2016-11-16T07:00:00.000,304,194,110
2016-11-16T08:00:00.000,414,260,154
2016-11-16T09:00:00.000,230,121,109
2016-11-16T10:00:00.000,93,48,45
2016-11-16T11:00:00.000,50,27,23
2016-11-16T12:00:00.000,62,35,27
2016-11-16T13:00:00.000,66,30,36
2016-11-16T14:00:00.000,59,23,36
2016-11-16T15:00:00.000,143,53,90
2016-11-16T16:00:00.000,241,77,164
2016-11-16T17:00:00.000,480,106,374
2016-11-16T18:00:00.000,288,85,203
2016-11-16T19:00:00.000,142,38,104
2016-11-16T20:00:00.000,68,22,46
2016-11-16T21:00:00.000,54,18,36
2016-11-16T22:00:00.000,35,12,23
2016-11-16T23:00:00.000,11,4,7
2016-11-17T00:00:00.000,4,4,0
2016-11-17T01:00:00.000,5,4,1
2016-11-17T02:00:00.000,7,5,2
2016-11-17T03:00:00.000,1,1,0
2016-11-17T04:00:00.000,4,3,1
2016-11-17T05:00:00.000,24,15,9
2016-11-17T06:00:00.000,116,62,54
2016-11-17T07:00:00.000,320,201,119
2016-11-17T08:00:00.000,426,249,177
2016-11-17T09:00:00.000,223,121,102
2016-11-17T10:00:00.000,110,52,58
2016-11-17T11:00:00.000,69,39,30
2016-11-17T12:00:00.000,78,48,30
2016-11-17T13:00:00.000,71,28,43
2016-11-17T14:00:00.000,86,33,53
2016-11-17T15:00:00.000,123,55,68
2016-11-17T16:00:00.000,261,86,175
2016-11-17T17:00:00.000,448,109,339
2016-11-17T18:00:00.000,307,95,212
2016-11-17T19:00:00.000,149,47,102
2016-11-17T20:00:00.000,89,24,65
2016-11-17T21:00:00.000,64,18,46
2016-11-17T22:00:00.000,45,15,30
2016-11-17T23:00:00.000,27,11,16
2016-11-18T00:00:00.000,5,1,4
2016-11-18T01:00:00.000,9,2,7
2016-11-18T02:00:00.000,4,2,2
2016-11-18T03:00:00.000,2,0,2
2016-11-18T04:00:00.000,5,1,4
2016-11-18T05:00:00.000,29,18,11
2016-11-18T06:00:00.000,105,62,43
2016-11-18T07:00:00.000,246,161,85
2016-11-18T08:00:00.000,415,248,167
2016-11-18T09:00:00.000,215,116,99
2016-11-18T10:00:00.000,109,60,49
2016-11-18T11:00:00.000,83,43,40
2016-11-18T12:00:00.000,64,26,38
2016-11-18T13:00:00.000,83,50,33
2016-11-18T14:00:00.000,86,35,51
2016-11-18T15:00:00.000,119,40,79
2016-11-18T16:00:00.000,270,82,188
2016-11-18T17:00:00.000,408,99,309
2016-11-18T18:00:00.000,230,63,167
2016-11-18T19:00:00.000,98,28,70
2016-11-18T20:00:00.000,42,15,27
2016-11-18T21:00:00.000,44,14,30
2016-11-18T22:00:00.000,30,14,16
2016-11-18T23:00:00.000,18,6,12
2016-11-19T00:00:00.000,14,2,12
2016-11-19T01:00:00.000,6,2,4
2016-11-19T02:00:00.000,6,1,5
2016-11-19T03:00:00.000,2,1,1
2016-11-19T04:00:00.000,0,0,0
2016-11-19T05:00:00.000,6,3,3
2016-11-19T06:00:00.000,11,5,6
2016-11-19T07:00:00.000,20,13,7
2016-11-19T08:00:00.000,42,22,20
2016-11-19T09:00:00.000,42,29,13
2016-11-19T10:00:00.000,47,21,26
2016-11-19T11:00:00.000,54,24,30
2016-11-19T12:00:00.000,88,50,38
2016-11-19T13:00:00.000,58,33,25
2016-11-19T14:00:00.000,70,24,46
2016-11-19T15:00:00.000,82,41,41
2016-11-19T16:00:00.000,68,35,33
2016-11-19T17:00:00.000,42,23,19
2016-11-19T18:00:00.000,36,19,17
2016-11-19T19:00:00.000,40,17,23
2016-11-19T20:00:00.000,29,17,12
2016-11-19T21:00:00.000,32,8,24
2016-11-19T22:00:00.000,28,9,19
2016-11-19T23:00:00.000,16,4,12
2016-11-20T00:00:00.000,17,7,10
2016-11-20T01:00:00.000,7,3,4
2016-11-20T02:00:00.000,3,3,0
2016-11-20T03:00:00.000,0,0,0
2016-11-20T04:00:00.000,2,1,1
2016-11-20T05:00:00.000,3,3,0
2016-11-20T06:00:00.000,3,0,3
2016-11-20T07:00:00.000,11,6,5
2016-11-20T08:00:00.000,20,12,8
2016-11-20T09:00:00.000,24,18,6
2016-11-20T10:00:00.000,34,16,18
2016-11-20T11:00:00.000,36,17,19
2016-11-20T12:00:00.000,48,27,21
2016-11-20T13:00:00.000,48,23,25
2016-11-20T14:00:00.000,40,20,20
2016-11-20T15:00:00.000,54,26,28
2016-11-20T16:00:00.000,35,18,17
2016-11-20T17:00:00.000,44,24,20
2016-11-20T18:00:00.000,36,12,24
2016-11-20T19:00:00.000,21,7,14
2016-11-20T20:00:00.000,16,7,9
2016-11-20T21:00:00.000,18,12,6
2016-11-20T22:00:00.000,15,9,6
2016-11-20T23:00:00.000,9,4,5
2016-11-21T00:00:00.000,0,0,0
2016-11-21T01:00:00.000,2,0,2
2016-11-21T02:00:00.000,0,0,0
2016-11-21T03:00:00.000,1,1,0
2016-11-21T04:00:00.000,7,6,1
2016-11-21T05:00:00.000,28,19,9
2016-11-21T06:00:00.000,127,74,53
2016-11-21T07:00:00.000,302,194,108
2016-11-21T08:00:00.000,392,226,166
2016-11-21T09:00:00.000,238,132,106
2016-11-21T10:00:00.000,106,70,36
2016-11-21T11:00:00.000,44,20,24
2016-11-21T12:00:00.000,74,34,40
2016-11-21T13:00:00.000,71,38,33
2016-11-21T14:00:00.000,116,55,61
2016-11-21T15:00:00.000,135,56,79
2016-11-21T16:00:00.000,278,91,187
2016-11-21T17:00:00.000,456,98,358
2016-11-21T18:00:00.000,312,85,227
2016-11-21T19:00:00.000,108,43,65
2016-11-21T20:00:00.000,88,34,54
2016-11-21T21:00:00.000,32,11,21
2016-11-21T22:00:00.000,30,12,18
2016-11-21T23:00:00.000,9,4,5
2016-11-22T00:00:00.000,9,4,5
2016-11-22T01:00:00.000,1,0,1
2016-11-22T02:00:00.000,1,0,1
2016-11-22T03:00:00.000,1,1,0
2016-11-22T04:00:00.000,8,5,3
2016-11-22T05:00:00.000,28,17,11
2016-11-22T06:00:00.000,108,67,41
2016-11-22T07:00:00.000,231,136,95
2016-11-22T08:00:00.000,332,196,136
2016-11-22T09:00:00.000,172,91,81
2016-11-22T10:00:00.000,81,41,40
2016-11-22T11:00:00.000,50,34,16
2016-11-22T12:00:00.000,55,35,20
2016-11-22T13:00:00.000,54,23,31
2016-11-22T14:00:00.000,55,21,34
2016-11-22T15:00:00.000,92,39,53
2016-11-22T16:00:00.000,174,62,112
2016-11-22T17:00:00.000,306,66,240
2016-11-22T18:00:00.000,185,39,146
2016-11-22T19:00:00.000,90,22,68
2016-11-22T20:00:00.000,49,16,33
2016-11-22T21:00:00.000,22,8,14
2016-11-22T22:00:00.000,22,6,16
2016-11-22T23:00:00.000,10,5,5
2016-11-23T00:00:00.000,7,3,4
2016-11-23T01:00:00.000,4,2,2
2016-11-23T02:00:00.000,2,0,2
2016-11-23T03:00:00.000,0,0,0
2016-11-23T04:00:00.000,3,1,2
2016-11-23T05:00:00.000,32,18,14
2016-11-23T06:00:00.000,67,40,27
2016-11-23T07:00:00.000,159,98,61
2016-11-23T08:00:00.000,255,158,97
2016-11-23T09:00:00.000,147,84,63
2016-11-23T10:00:00.000,80,32,48
2016-11-23T11:00:00.000,50,29,21
2016-11-23T12:00:00.000,55,26,29
2016-11-23T13:00:00.000,65,26,39
2016-11-23T14:00:00.000,91,28,63
2016-11-23T15:00:00.000,131,36,95
2016-11-23T16:00:00.000,210,59,151
2016-11-23T17:00:00.000,191,62,129
2016-11-23T18:00:00.000,133,33,100
2016-11-23T19:00:00.000,51,22,29
2016-11-23T20:00:00.000,37,14,23
2016-11-23T21:00:00.000,13,6,7
2016-11-23T22:00:00.000,8,3,5
2016-11-23T23:00:00.000,3,0,3
2016-11-24T00:00:00.000,2,0,2
2016-11-24T01:00:00.000,2,1,1
2016-11-24T02:00:00.000,1,0,1
2016-11-24T03:00:00.000,1,0,1
2016-11-24T04:00:00.000,1,0,1
2016-11-24T05:00:00.000,0,0,0
2016-11-24T06:00:00.000,3,2,1
2016-11-24T07:00:00.000,7,3,4
2016-11-24T08:00:00.000,12,4,8
2016-11-24T09:00:00.000,16,9,7
2016-11-24T10:00:00.000,17,11,6
2016-11-24T11:00:00.000,11,4,7
2016-11-24T12:00:00.000,24,3,21
2016-11-24T13:00:00.000,13,6,7
2016-11-24T14:00:00.000,10,7,3
2016-11-24T15:00:00.000,9,4,5
2016-11-24T16:00:00.000,3,1,2
2016-11-24T17:00:00.000,5,4,1
2016-11-24T18:00:00.000,0,0,0
2016-11-24T19:00:00.000,3,3,0
2016-11-24T20:00:00.000,25,2,23
2016-11-24T21:00:00.000,4,2,2
2016-11-24T22:00:00.000,4,2,2
2016-11-24T23:00:00.000,6,1,5
2016-11-25T00:00:00.000,3,2,1
2016-11-25T01:00:00.000,0,0,0
2016-11-25T02:00:00.000,2,1,1
2016-11-25T03:00:00.000,1,0,1
2016-11-25T04:00:00.000,7,4,3
2016-11-25T05:00:00.000,8,5,3
2016-11-25T06:00:00.000,13,7,6
2016-11-25T07:00:00.000,27,14,13
2016-11-25T08:00:00.000,45,25,20
2016-11-25T09:00:00.000,49,28,21
2016-11-25T10:00:00.000,77,44,33
2016-11-25T11:00:00.000,95,41,54
2016-11-25T12:00:00.000,111,63,48
2016-11-25T13:00:00.000,104,51,53
2016-11-25T14:00:00.000,91,37,54
2016-11-25T15:00:00.000,93,37,56
2016-11-25T16:00:00.000,62,27,35
2016-11-25T17:00:00.000,49,14,35
2016-11-25T18:00:00.000,49,17,32
2016-11-25T19:00:00.000,21,3,18
2016-11-25T20:00:00.000,26,15,11
2016-11-25T21:00:00.000,13,6,7
2016-11-25T22:00:00.000,9,4,5
2016-11-25T23:00:00.000,12,6,6
2016-11-26T00:00:00.000,10,5,5
2016-11-26T01:00:00.000,0,0,0
2016-11-26T02:00:00.000,1,1,0
2016-11-26T03:00:00.000,0,0,0
2016-11-26T04:00:00.000,2,2,0
2016-11-26T05:00:00.000,4,1,3
2016-11-26T06:00:00.000,6,3,3
2016-11-26T07:00:00.000,7,4,3
2016-11-26T08:00:00.000,20,6,14
2016-11-26T09:00:00.000,20,8,12
2016-11-26T10:00:00.000,14,9,5
2016-11-26T11:00:00.000,24,12,12
2016-11-26T12:00:00.000,39,25,14
2016-11-26T13:00:00.000,47,27,20
2016-11-26T14:00:00.000,42,17,25
2016-11-26T15:00:00.000,43,15,28
2016-11-26T16:00:00.000,27,13,14
2016-11-26T17:00:00.000,29,12,17
2016-11-26T18:00:00.000,31,12,19
2016-11-26T19:00:00.000,22,11,11
2016-11-26T20:00:00.000,13,7,6
2016-11-26T21:00:00.000,14,5,9
2016-11-26T22:00:00.000,6,2,4
2016-11-26T23:00:00.000,7,5,2
2016-11-27T00:00:00.000,9,5,4
2016-11-27T01:00:00.000,5,3,2
2016-11-27T02:00:00.000,2,1,1
2016-11-27T03:00:00.000,0,0,0
2016-11-27T04:00:00.000,1,1,0
2016-11-27T05:00:00.000,5,3,2
2016-11-27T06:00:00.000,6,2,4
2016-11-27T07:00:00.000,7,7,0
2016-11-27T08:00:00.000,29,18,11
2016-11-27T09:00:00.000,51,20,31
2016-11-27T10:00:00.000,61,34,27
2016-11-27T11:00:00.000,61,33,28
2016-11-27T12:00:00.000,61,31,30
2016-11-27T13:00:00.000,31,19,12
2016-11-27T14:00:00.000,25,14,11
2016-11-27T15:00:00.000,24,13,11
2016-11-27T16:00:00.000,30,13,17
2016-11-27T17:00:00.000,19,13,6
2016-11-27T18:00:00.000,14,5,9
2016-11-27T19:00:00.000,20,8,12
2016-11-27T20:00:00.000,10,4,6
2016-11-27T21:00:00.000,8,4,4
2016-11-27T22:00:00.000,8,3,5
2016-11-27T23:00:00.000,3,0,3
2016-11-28T00:00:00.000,3,1,2
2016-11-28T01:00:00.000,0,0,0
2016-11-28T02:00:00.000,0,0,0
2016-11-28T03:00:00.000,2,1,1
2016-11-28T04:00:00.000,6,2,4
2016-11-28T05:00:00.000,40,26,14
2016-11-28T06:00:00.000,104,61,43
2016-11-28T07:00:00.000,312,208,104
2016-11-28T08:00:00.000,388,244,144
2016-11-28T09:00:00.000,222,120,102
2016-11-28T10:00:00.000,88,44,44
2016-11-28T11:00:00.000,62,31,31
2016-11-28T12:00:00.000,51,23,28
2016-11-28T13:00:00.000,56,28,28
2016-11-28T14:00:00.000,68,30,38
2016-11-28T15:00:00.000,112,45,67
2016-11-28T16:00:00.000,232,79,153
2016-11-28T17:00:00.000,474,101,373
2016-11-28T18:00:00.000,291,86,205
2016-11-28T19:00:00.000,135,46,89
2016-11-28T20:00:00.000,63,21,42
2016-11-28T21:00:00.000,44,18,26
2016-11-28T22:00:00.000,19,4,15
2016-11-28T23:00:00.000,9,3,6
2016-11-29T00:00:00.000,7,3,4
2016-11-29T01:00:00.000,3,1,2
2016-11-29T02:00:00.000,0,0,0
2016-11-29T03:00:00.000,1,0,1
2016-11-29T04:00:00.000,7,5,2
2016-11-29T05:00:00.000,43,28,15
2016-11-29T06:00:00.000,120,71,49
2016-11-29T07:00:00.000,307,196,111
2016-11-29T08:00:00.000,462,270,192
2016-11-29T09:00:00.000,231,122,109
2016-11-29T10:00:00.000,116,68,48
2016-11-29T11:00:00.000,59,34,25
2016-11-29T12:00:00.000,49,24,25
2016-11-29T13:00:00.000,81,42,39
2016-11-29T14:00:00.000,78,37,41
2016-11-29T15:00:00.000,122,46,76
2016-11-29T16:00:00.000,258,82,176
2016-11-29T17:00:00.000,509,129,380
2016-11-29T18:00:00.000,307,97,210
2016-11-29T19:00:00.000,128,42,86
2016-11-29T20:00:00.000,62,22,40
2016-11-29T21:00:00.000,45,19,26
2016-11-29T22:00:00.000,26,15,11
2016-11-29T23:00:00.000,5,3,2
2016-11-30T00:00:00.000,3,3,0
2016-11-30T01:00:00.000,2,1,1
2016-11-30T02:00:00.000,3,2,1
2016-11-30T03:00:00.000,0,0,0
2016-11-30T04:00:00.000,8,6,2
2016-11-30T05:00:00.000,28,22,6
2016-11-30T06:00:00.000,108,68,40
2016-11-30T07:00:00.000,247,154,93
2016-11-30T08:00:00.000,365,221,144
2016-11-30T09:00:00.000,193,100,93
2016-11-30T10:00:00.000,76,29,47
2016-11-30T11:00:00.000,39,25,14
2016-11-30T12:00:00.000,45,19,26
2016-11-30T13:00:00.000,50,24,26
2016-11-30T14:00:00.000,56,31,25
2016-11-30T15:00:00.000,87,34,53
2016-11-30T16:00:00.000,198,56,142
2016-11-30T17:00:00.000,365,89,276
2016-11-30T18:00:00.000,254,80,174
2016-11-30T19:00:00.000,109,45,64
2016-11-30T20:00:00.000,76,30,46
2016-11-30T21:00:00.000,38,22,16
2016-11-30T22:00:00.000,28,12,16
2016-11-30T23:00:00.000,13,3,10
2016-12-01T00:00:00.000,11,7,4
2016-12-01T01:00:00.000,3,2,1
2016-12-01T02:00:00.000,2,0,2
2016-12-01T03:00:00.000,0,0,0
2016-12-01T04:00:00.000,5,1,4
2016-12-01T05:00:00.000,35,27,8
2016-12-01T06:00:00.000,119,70,49
2016-12-01T07:00:00.000,295,204,91
2016-12-01T08:00:00.000,414,243,171
2016-12-01T09:00:00.000,197,101,96
2016-12-01T10:00:00.000,98,53,45
2016-12-01T11:00:00.000,66,41,25
2016-12-01T12:00:00.000,53,28,25
2016-12-01T13:00:00.000,67,34,33
2016-12-01T14:00:00.000,56,23,33
2016-12-01T15:00:00.000,94,39,55
2016-12-01T16:00:00.000,227,76,151
2016-12-01T17:00:00.000,454,114,340
2016-12-01T18:00:00.000,306,87,219
2016-12-01T19:00:00.000,141,48,93
2016-12-01T20:00:00.000,74,24,50
2016-12-01T21:00:00.000,48,19,29
2016-12-01T22:00:00.000,33,10,23
2016-12-01T23:00:00.000,8,3,5
2016-12-02T00:00:00.000,7,0,7
2016-12-02T01:00:00.000,7,5,2
2016-12-02T02:00:00.000,0,0,0
2016-12-02T03:00:00.000,0,0,0
2016-12-02T04:00:00.000,8,6,2
2016-12-02T05:00:00.000,21,12,9
2016-12-02T06:00:00.000,65,40,25
2016-12-02T07:00:00.000,209,137,72
2016-12-02T08:00:00.000,240,153,87
2016-12-02T09:00:00.000,144,77,67
2016-12-02T10:00:00.000,59,31,28
2016-12-02T11:00:00.000,35,19,16
2016-12-02T12:00:00.000,45,23,22
2016-12-02T13:00:00.000,56,27,29
2016-12-02T14:00:00.000,37,19,18
2016-12-02T15:00:00.000,67,25,42
2016-12-02T16:00:00.000,139,38,101
2016-12-02T17:00:00.000,295,70,225
2016-12-02T18:00:00.000,153,40,113
2016-12-02T19:00:00.000,55,17,38
2016-12-02T20:00:00.000,29,13,16
2016-12-02T21:00:00.000,20,7,13
2016-12-02T22:00:00.000,30,11,19
2016-12-02T23:00:00.000,11,6,5
2016-12-03T00:00:00.000,9,6,3
2016-12-03T01:00:00.000,2,0,2
2016-12-03T02:00:00.000,2,1,1
2016-12-03T03:00:00.000,2,2,0
2016-12-03T04:00:00.000,3,0,3
2016-12-03T05:00:00.000,7,2,5
2016-12-03T06:00:00.000,17,9,8
2016-12-03T07:00:00.000,16,9,7
2016-12-03T08:00:00.000,58,33,25
2016-12-03T09:00:00.000,72,42,30
2016-12-03T10:00:00.000,58,28,30
2016-12-03T11:00:00.000,76,38,38
2016-12-03T12:00:00.000,91,59,32
2016-12-03T13:00:00.000,60,30,30
2016-12-03T14:00:00.000,76,44,32
2016-12-03T15:00:00.000,69,29,40
2016-12-03T16:00:00.000,74,49,25
2016-12-03T17:00:00.000,49,17,32
2016-12-03T18:00:00.000,30,11,19
2016-12-03T19:00:00.000,19,12,7
2016-12-03T20:00:00.000,17,8,9
2016-12-03T21:00:00.000,21,17,4
2016-12-03T22:00:00.000,9,2,7
2016-12-03T23:00:00.000,10,5,5
2016-12-04T00:00:00.000,12,6,6
2016-12-04T01:00:00.000,7,3,4
2016-12-04T02:00:00.000,2,0,2
2016-12-04T03:00:00.000,0,0,0
2016-12-04T04:00:00.000,3,2,1
2016-12-04T05:00:00.000,2,1,1
2016-12-04T06:00:00.000,3,1,2
2016-12-04T07:00:00.000,11,5,6
2016-12-04T08:00:00.000,20,11,9
2016-12-04T09:00:00.000,43,29,14
2016-12-04T10:00:00.000,48,21,27
2016-12-04T11:00:00.000,91,56,35
2016-12-04T12:00:00.000,104,63,41
2016-12-04T13:00:00.000,119,56,63
2016-12-04T14:00:00.000,107,59,48
2016-12-04T15:00:00.000,112,62,50
2016-12-04T16:00:00.000,76,38,38
2016-12-04T17:00:00.000,48,24,24
2016-12-04T18:00:00.000,42,24,18
2016-12-04T19:00:00.000,20,10,10
2016-12-04T20:00:00.000,13,5,8
2016-12-04T21:00:00.000,11,4,7
2016-12-04T22:00:00.000,10,3,7
2016-12-04T23:00:00.000,12,3,9
2016-12-05T00:00:00.000,2,1,1
2016-12-05T01:00:00.000,2,1,1
2016-12-05T02:00:00.000,0,0,0
2016-12-05T03:00:00.000,1,1,0
2016-12-05T04:00:00.000,7,4,3
2016-12-05T05:00:00.000,31,23,8
2016-12-05T06:00:00.000,77,46,31
2016-12-05T07:00:00.000,169,104,65
2016-12-05T08:00:00.000,220,138,82
2016-12-05T09:00:00.000,114,63,51
2016-12-05T10:00:00.000,41,20,21
2016-12-05T11:00:00.000,27,11,16
2016-12-05T12:00:00.000,22,11,11
2016-12-05T13:00:00.000,28,14,14
2016-12-05T14:00:00.000,35,15,20
2016-12-05T15:00:00.000,61,26,35
2016-12-05T16:00:00.000,110,34,76
2016-12-05T17:00:00.000,266,58,208
2016-12-05T18:00:00.000,163,39,124
2016-12-05T19:00:00.000,66,18,48
2016-12-05T20:00:00.000,38,19,19
2016-12-05T21:00:00.000,13,7,6
2016-12-05T22:00:00.000,12,4,8
2016-12-05T23:00:00.000,8,3,5
2016-12-06T00:00:00.000,6,3,3
2016-12-06T01:00:00.000,1,1,0
2016-12-06T02:00:00.000,1,0,1
2016-12-06T03:00:00.000,0,0,0
2016-12-06T04:00:00.000,4,3,1
2016-12-06T05:00:00.000,14,7,7
2016-12-06T06:00:00.000,66,39,27
2016-12-06T07:00:00.000,197,126,71
2016-12-06T08:00:00.000,274,149,125
2016-12-06T09:00:00.000,179,93,86
2016-12-06T10:00:00.000,58,32,26
2016-12-06T11:00:00.000,49,26,23
2016-12-06T12:00:00.000,48,28,20
2016-12-06T13:00:00.000,49,25,24
2016-12-06T14:00:00.000,48,23,25
2016-12-06T15:00:00.000,89,34,55
2016-12-06T16:00:00.000,181,57,124
2016-12-06T17:00:00.000,308,78,230
2016-12-06T18:00:00.000,217,67,150
2016-12-06T19:00:00.000,77,20,57
2016-12-06T20:00:00.000,49,17,32
2016-12-06T21:00:00.000,30,11,19
2016-12-06T22:00:00.000,16,6,10
2016-12-06T23:00:00.000,11,3,8
2016-12-07T00:00:00.000,6,3,3
2016-12-07T01:00:00.000,5,2,3
2016-12-07T02:00:00.000,0,0,0
2016-12-07T03:00:00.000,2,2,0
2016-12-07T04:00:00.000,5,4,1
2016-12-07T05:00:00.000,30,18,12
2016-12-07T06:00:00.000,73,41,32
2016-12-07T07:00:00.000,196,120,76
2016-12-07T08:00:00.000,278,164,114
2016-12-07T09:00:00.000,166,97,69
2016-12-07T10:00:00.000,76,36,40
2016-12-07T11:00:00.000,35,21,14
2016-12-07T12:00:00.000,46,25,21
2016-12-07T13:00:00.000,60,28,32
2016-12-07T14:00:00.000,47,19,28
2016-12-07T15:00:00.000,84,27,57
2016-12-07T16:00:00.000,157,55,102
2016-12-07T17:00:00.000,278,59,219
2016-12-07T18:00:00.000,200,64,136
2016-12-07T19:00:00.000,90,31,59
2016-12-07T20:00:00.000,48,12,36
2016-12-07T21:00:00.000,24,8,16
2016-12-07T22:00:00.000,27,10,17
2016-12-07T23:00:00.000,7,3,4
2016-12-08T00:00:00.000,5,3,2
2016-12-08T01:00:00.000,2,1,1
2016-12-08T02:00:00.000,1,1,0
2016-12-08T03:00:00.000,0,0,0
2016-12-08T04:00:00.000,7,6,1
2016-12-08T05:00:00.000,30,16,14
2016-12-08T06:00:00.000,53,35,18
2016-12-08T07:00:00.000,152,90,62
2016-12-08T08:00:00.000,232,130,102
2016-12-08T09:00:00.000,152,91,61
2016-12-08T10:00:00.000,53,26,27
2016-12-08T11:00:00.000,32,15,17
2016-12-08T12:00:00.000,34,14,20
2016-12-08T13:00:00.000,32,20,12
2016-12-08T14:00:00.000,42,23,19
2016-12-08T15:00:00.000,90,36,54
2016-12-08T16:00:00.000,160,49,111
2016-12-08T17:00:00.000,257,67,190
2016-12-08T18:00:00.000,126,39,87
2016-12-08T19:00:00.000,63,26,37
2016-12-08T20:00:00.000,34,15,19
2016-12-08T21:00:00.000,32,7,25
2016-12-08T22:00:00.000,11,6,5
2016-12-08T23:00:00.000,4,3,1
2016-12-09T00:00:00.000,1,0,1
2016-12-09T01:00:00.000,2,0,2
2016-12-09T02:00:00.000,1,1,0
2016-12-09T03:00:00.000,1,0,1
2016-12-09T04:00:00.000,5,0,5
2016-12-09T05:00:00.000,18,12,6
2016-12-09T06:00:00.000,13,6,7
2016-12-09T07:00:00.000,50,22,28
2016-12-09T08:00:00.000,55,28,27
2016-12-09T09:00:00.000,45,16,29
2016-12-09T10:00:00.000,36,18,18
2016-12-09T11:00:00.000,19,7,12
2016-12-09T12:00:00.000,14,4,10
2016-12-09T13:00:00.000,17,11,6
2016-12-09T14:00:00.000,21,9,12
2016-12-09T15:00:00.000,27,9,18
2016-12-09T16:00:00.000,46,15,31
2016-12-09T17:00:00.000,83,17,66
2016-12-09T18:00:00.000,45,15,30
2016-12-09T19:00:00.000,29,10,19
2016-12-09T20:00:00.000,15,3,12
2016-12-09T21:00:00.000,6,2,4
2016-12-09T22:00:00.000,12,3,9
2016-12-09T23:00:00.000,5,3,2
2016-12-10T00:00:00.000,3,2,1
2016-12-10T01:00:00.000,2,0,2
2016-12-10T02:00:00.000,2,1,1
2016-12-10T03:00:00.000,0,0,0
2016-12-10T04:00:00.000,1,1,0
2016-12-10T05:00:00.000,7,3,4
2016-12-10T06:00:00.000,7,2,5
2016-12-10T07:00:00.000,9,3,6
2016-12-10T08:00:00.000,37,19,18
2016-12-10T09:00:00.000,37,25,12
2016-12-10T10:00:00.000,44,28,16
2016-12-10T11:00:00.000,47,23,24
2016-12-10T12:00:00.000,23,11,12
2016-12-10T13:00:00.000,15,9,6
2016-12-10T14:00:00.000,23,9,14
2016-12-10T15:00:00.000,29,15,14
2016-12-10T16:00:00.000,24,10,14
2016-12-10T17:00:00.000,19,5,14
2016-12-10T18:00:00.000,31,14,17
2016-12-10T19:00:00.000,13,5,8
2016-12-10T20:00:00.000,17,8,9
2016-12-10T21:00:00.000,11,6,5
2016-12-10T22:00:00.000,8,3,5
2016-12-10T23:00:00.000,12,5,7
2016-12-11T00:00:00.000,9,5,4
2016-12-11T01:00:00.000,2,1,1
2016-12-11T02:00:00.000,1,1,0
2016-12-11T03:00:00.000,0,0,0
2016-12-11T04:00:00.000,2,1,1
2016-12-11T05:00:00.000,1,0,1
2016-12-11T06:00:00.000,7,3,4
2016-12-11T07:00:00.000,8,5,3
2016-12-11T08:00:00.000,20,10,10
2016-12-11T09:00:00.000,22,10,12
2016-12-11T10:00:00.000,39,25,14
2016-12-11T11:00:00.000,42,24,18
2016-12-11T12:00:00.000,39,23,16
2016-12-11T13:00:00.000,44,17,27
2016-12-11T14:00:00.000,46,19,27
2016-12-11T15:00:00.000,43,18,25
2016-12-11T16:00:00.000,39,19,20
2016-12-11T17:00:00.000,17,9,8
2016-12-11T18:00:00.000,26,18,8
2016-12-11T19:00:00.000,21,9,12
2016-12-11T20:00:00.000,10,4,6
2016-12-11T21:00:00.000,10,5,5
2016-12-11T22:00:00.000,5,1,4
2016-12-11T23:00:00.000,3,2,1
2016-12-12T00:00:00.000,5,3,2
2016-12-12T01:00:00.000,3,0,3
2016-12-12T02:00:00.000,2,2,0
2016-12-12T03:00:00.000,0,0,0
2016-12-12T04:00:00.000,9,5,4
2016-12-12T05:00:00.000,24,16,8
2016-12-12T06:00:00.000,84,53,31
2016-12-12T07:00:00.000,214,134,80
2016-12-12T08:00:00.000,293,172,121
2016-12-12T09:00:00.000,181,100,81
2016-12-12T10:00:00.000,57,21,36
2016-12-12T11:00:00.000,29,12,17
2016-12-12T12:00:00.000,33,16,17
2016-12-12T13:00:00.000,42,26,16
2016-12-12T14:00:00.000,26,13,13
2016-12-12T15:00:00.000,66,25,41
2016-12-12T16:00:00.000,166,50,116
2016-12-12T17:00:00.000,338,79,259
2016-12-12T18:00:00.000,227,61,166
2016-12-12T19:00:00.000,103,34,69
2016-12-12T20:00:00.000,53,14,39
2016-12-12T21:00:00.000,30,10,20
2016-12-12T22:00:00.000,10,4,6
2016-12-12T23:00:00.000,13,6,7
2016-12-13T00:00:00.000,6,2,4
2016-12-13T01:00:00.000,2,1,1
2016-12-13T02:00:00.000,0,0,0
2016-12-13T03:00:00.000,0,0,0
2016-12-13T04:00:00.000,6,3,3
2016-12-13T05:00:00.000,26,19,7
2016-12-13T06:00:00.000,89,51,38
2016-12-13T07:00:00.000,246,164,82
2016-12-13T08:00:00.000,344,201,143
2016-12-13T09:00:00.000,192,120,72
2016-12-13T10:00:00.000,79,35,44
2016-12-13T11:00:00.000,44,19,25
2016-12-13T12:00:00.000,55,24,31
2016-12-13T13:00:00.000,60,28,32
2016-12-13T14:00:00.000,49,25,24
2016-12-13T15:00:00.000,92,34,58
2016-12-13T16:00:00.000,181,51,130
2016-12-13T17:00:00.000,344,80,264
2016-12-13T18:00:00.000,242,66,176
2016-12-13T19:00:00.000,93,29,64
2016-12-13T20:00:00.000,52,18,34
2016-12-13T21:00:00.000,37,13,24
2016-12-13T22:00:00.000,23,7,16
2016-12-13T23:00:00.000,12,5,7
2016-12-14T00:00:00.000,11,4,7
2016-12-14T01:00:00.000,2,1,1
2016-12-14T02:00:00.000,0,0,0
2016-12-14T03:00:00.000,0,0,0
2016-12-14T04:00:00.000,4,2,2
2016-12-14T05:00:00.000,21,14,7
2016-12-14T06:00:00.000,83,44,39
2016-12-14T07:00:00.000,190,118,72
2016-12-14T08:00:00.000,295,174,121
2016-12-14T09:00:00.000,191,93,98
2016-12-14T10:00:00.000,79,38,41
2016-12-14T11:00:00.000,41,24,17
2016-12-14T12:00:00.000,50,23,27
2016-12-14T13:00:00.000,45,20,25
2016-12-14T14:00:00.000,58,26,32
2016-12-14T15:00:00.000,86,26,60
2016-12-14T16:00:00.000,145,50,95
2016-12-14T17:00:00.000,299,82,217
2016-12-14T18:00:00.000,206,46,160
2016-12-14T19:00:00.000,88,25,63
2016-12-14T20:00:00.000,50,18,32
2016-12-14T21:00:00.000,31,12,19
2016-12-14T22:00:00.000,22,4,18
2016-12-14T23:00:00.000,8,5,3
2016-12-15T00:00:00.000,4,2,2
2016-12-15T01:00:00.000,4,1,3
2016-12-15T02:00:00.000,1,0,1
2016-12-15T03:00:00.000,0,0,0
2016-12-15T04:00:00.000,3,1,2
2016-12-15T05:00:00.000,20,11,9
2016-12-15T06:00:00.000,63,32,31
2016-12-15T07:00:00.000,199,131,68
2016-12-15T08:00:00.000,252,147,105
2016-12-15T09:00:00.000,159,89,70
2016-12-15T10:00:00.000,69,32,37
2016-12-15T11:00:00.000,35,21,14
2016-12-15T12:00:00.000,39,17,22
2016-12-15T13:00:00.000,57,28,29
2016-12-15T14:00:00.000,40,19,21
2016-12-15T15:00:00.000,83,32,51
2016-12-15T16:00:00.000,177,51,126
2016-12-15T17:00:00.000,326,86,240
2016-12-15T18:00:00.000,173,59,114
2016-12-15T19:00:00.000,83,22,61
2016-12-15T20:00:00.000,36,9,27
2016-12-15T21:00:00.000,23,8,15
2016-12-15T22:00:00.000,22,9,13
2016-12-15T23:00:00.000,7,4,3
2016-12-16T00:00:00.000,4,0,4
2016-12-16T01:00:00.000,1,1,0
2016-12-16T02:00:00.000,0,0,0
2016-12-16T03:00:00.000,1,0,1
2016-12-16T04:00:00.000,1,0,1
2016-12-16T05:00:00.000,16,11,5
2016-12-16T06:00:00.000,47,31,16
2016-12-16T07:00:00.000,138,79,59
2016-12-16T08:00:00.000,205,132,73
2016-12-16T09:00:00.000,127,68,59
2016-12-16T10:00:00.000,63,30,33
2016-12-16T11:00:00.000,41,17,24
2016-12-16T12:00:00.000,38,20,18
2016-12-16T13:00:00.000,34,17,17
2016-12-16T14:00:00.000,44,15,29
2016-12-16T15:00:00.000,82,26,56
2016-12-16T16:00:00.000,163,42,121
2016-12-16T17:00:00.000,228,58,170
2016-12-16T18:00:00.000,134,44,90
2016-12-16T19:00:00.000,46,11,35
2016-12-16T20:00:00.000,31,7,24
2016-12-16T21:00:00.000,30,13,17
2016-12-16T22:00:00.000,18,3,15
2016-12-16T23:00:00.000,16,5,11
2016-12-17T00:00:00.000,9,4,5
2016-12-17T01:00:00.000,3,0,3
2016-12-17T02:00:00.000,3,1,2
2016-12-17T03:00:00.000,3,0,3
2016-12-17T04:00:00.000,0,0,0
2016-12-17T05:00:00.000,5,2,3
2016-12-17T06:00:00.000,11,7,4
2016-12-17T07:00:00.000,8,2,6
2016-12-17T08:00:00.000,18,10,8
2016-12-17T09:00:00.000,25,14,11
2016-12-17T10:00:00.000,31,18,13
2016-12-17T11:00:00.000,40,21,19
2016-12-17T12:00:00.000,34,17,17
2016-12-17T13:00:00.000,47,25,22
2016-12-17T14:00:00.000,47,20,27
2016-12-17T15:00:00.000,57,22,35
2016-12-17T16:00:00.000,46,19,27
2016-12-17T17:00:00.000,36,15,21
2016-12-17T18:00:00.000,32,18,14
2016-12-17T19:00:00.000,12,2,10
2016-12-17T20:00:00.000,8,3,5
2016-12-17T21:00:00.000,9,3,6
2016-12-17T22:00:00.000,14,4,10
2016-12-17T23:00:00.000,20,9,11
2016-12-18T00:00:00.000,10,2,8
2016-12-18T01:00:00.000,8,4,4
2016-12-18T02:00:00.000,3,2,1
2016-12-18T03:00:00.000,0,0,0
2016-12-18T04:00:00.000,1,1,0
2016-12-18T05:00:00.000,1,0,1
2016-12-18T06:00:00.000,4,2,2
2016-12-18T07:00:00.000,4,3,1
2016-12-18T08:00:00.000,15,9,6
2016-12-18T09:00:00.000,17,8,9
2016-12-18T10:00:00.000,26,14,12
2016-12-18T11:00:00.000,48,26,22
2016-12-18T12:00:00.000,49,27,22
2016-12-18T13:00:00.000,50,27,23
2016-12-18T14:00:00.000,51,25,26
2016-12-18T15:00:00.000,43,17,26
2016-12-18T16:00:00.000,33,16,17
2016-12-18T17:00:00.000,22,11,11
2016-12-18T18:00:00.000,20,13,7
2016-12-18T19:00:00.000,12,3,9
2016-12-18T20:00:00.000,6,4,2
2016-12-18T21:00:00.000,20,14,6
2016-12-18T22:00:00.000,5,3,2
2016-12-18T23:00:00.000,8,0,8
2016-12-19T00:00:00.000,2,1,1
2016-12-19T01:00:00.000,6,1,5
2016-12-19T02:00:00.000,1,1,0
2016-12-19T03:00:00.000,0,0,0
2016-12-19T04:00:00.000,3,2,1
2016-12-19T05:00:00.000,18,11,7
2016-12-19T06:00:00.000,56,38,18
2016-12-19T07:00:00.000,140,85,55
2016-12-19T08:00:00.000,194,121,73
2016-12-19T09:00:00.000,130,70,60
2016-12-19T10:00:00.000,54,30,24
2016-12-19T11:00:00.000,31,16,15
2016-12-19T12:00:00.000,18,7,11
2016-12-19T13:00:00.000,25,11,14
2016-12-19T14:00:00.000,34,16,18
2016-12-19T15:00:00.000,62,24,38
2016-12-19T16:00:00.000,139,47,92
2016-12-19T17:00:00.000,229,51,178
2016-12-19T18:00:00.000,172,49,123
2016-12-19T19:00:00.000,55,12,43
2016-12-19T20:00:00.000,32,11,21
2016-12-19T21:00:00.000,13,4,9
2016-12-19T22:00:00.000,6,2,4
2016-12-19T23:00:00.000,7,2,5
2016-12-20T00:00:00.000,3,1,2
2016-12-20T01:00:00.000,1,0,1
2016-12-20T02:00:00.000,0,0,0
2016-12-20T03:00:00.000,1,0,1
2016-12-20T04:00:00.000,5,2,3
2016-12-20T05:00:00.000,18,9,9
2016-12-20T06:00:00.000,62,39,23
2016-12-20T07:00:00.000,176,105,71
2016-12-20T08:00:00.000,229,133,96
2016-12-20T09:00:00.000,160,82,78
2016-12-20T10:00:00.000,78,44,34
2016-12-20T11:00:00.000,50,28,22
2016-12-20T12:00:00.000,46,23,23
2016-12-20T13:00:00.000,59,30,29
2016-12-20T14:00:00.000,61,33,28
2016-12-20T15:00:00.000,84,33,51
2016-12-20T16:00:00.000,174,49,125
2016-12-20T17:00:00.000,272,70,202
2016-12-20T18:00:00.000,194,52,142
2016-12-20T19:00:00.000,80,18,62
2016-12-20T20:00:00.000,33,12,21
2016-12-20T21:00:00.000,24,11,13
2016-12-20T22:00:00.000,13,7,6
2016-12-20T23:00:00.000,7,2,5
2016-12-21T00:00:00.000,6,3,3
2016-12-21T01:00:00.000,1,0,1
2016-12-21T02:00:00.000,0,0,0
2016-12-21T03:00:00.000,0,0,0
2016-12-21T04:00:00.000,3,2,1
2016-12-21T05:00:00.000,31,18,13
2016-12-21T06:00:00.000,73,40,33
2016-12-21T07:00:00.000,199,125,74
2016-12-21T08:00:00.000,258,154,104
2016-12-21T09:00:00.000,136,74,62
2016-12-21T10:00:00.000,74,35,39
2016-12-21T11:00:00.000,48,28,20
2016-12-21T12:00:00.000,56,35,21
2016-12-21T13:00:00.000,67,37,30
2016-12-21T14:00:00.000,69,32,37
2016-12-21T15:00:00.000,102,47,55
2016-12-21T16:00:00.000,171,50,121
2016-12-21T17:00:00.000,315,72,243
2016-12-21T18:00:00.000,196,60,136
2016-12-21T19:00:00.000,83,35,48
2016-12-21T20:00:00.000,44,11,33
2016-12-21T21:00:00.000,27,15,12
2016-12-21T22:00:00.000,22,10,12
2016-12-21T23:00:00.000,17,4,13
2016-12-22T00:00:00.000,9,4,5
2016-12-22T01:00:00.000,2,2,0
2016-12-22T02:00:00.000,1,0,1
2016-12-22T03:00:00.000,0,0,0
2016-12-22T04:00:00.000,4,1,3
2016-12-22T05:00:00.000,24,15,9
2016-12-22T06:00:00.000,67,42,25
2016-12-22T07:00:00.000,129,78,51
2016-12-22T08:00:00.000,199,113,86
2016-12-22T09:00:00.000,116,64,52
2016-12-22T10:00:00.000,69,40,29
2016-12-22T11:00:00.000,18,10,8
2016-12-22T12:00:00.000,30,15,15
2016-12-22T13:00:00.000,37,22,15
2016-12-22T14:00:00.000,38,11,27
2016-12-22T15:00:00.000,75,30,45
2016-12-22T16:00:00.000,144,46,98
2016-12-22T17:00:00.000,201,47,154
2016-12-22T18:00:00.000,129,43,86
2016-12-22T19:00:00.000,44,13,31
2016-12-22T20:00:00.000,27,7,20
2016-12-22T21:00:00.000,19,12,7
2016-12-22T22:00:00.000,19,8,11
2016-12-22T23:00:00.000,7,3,4
2016-12-23T00:00:00.000,6,2,4
2016-12-23T01:00:00.000,0,0,0
2016-12-23T02:00:00.000,1,1,0
2016-12-23T03:00:00.000,1,1,0
2016-12-23T04:00:00.000,2,1,1
2016-12-23T05:00:00.000,15,9,6
2016-12-23T06:00:00.000,26,16,10
2016-12-23T07:00:00.000,45,32,13
2016-12-23T08:00:00.000,63,31,32
2016-12-23T09:00:00.000,45,24,21
2016-12-23T10:00:00.000,24,9,15
2016-12-23T11:00:00.000,19,9,10
2016-12-23T12:00:00.000,19,8,11
2016-12-23T13:00:00.000,24,14,10
2016-12-23T14:00:00.000,25,13,12
2016-12-23T15:00:00.000,42,14,28
2016-12-23T16:00:00.000,50,13,37
2016-12-23T17:00:00.000,51,20,31
2016-12-23T18:00:00.000,44,15,29
2016-12-23T19:00:00.000,13,7,6
2016-12-23T20:00:00.000,13,4,9
2016-12-23T21:00:00.000,12,4,8
2016-12-23T22:00:00.000,7,4,3
2016-12-23T23:00:00.000,8,2,6
2016-12-24T00:00:00.000,2,2,0
2016-12-24T01:00:00.000,4,3,1
2016-12-24T02:00:00.000,0,0,0
2016-12-24T03:00:00.000,0,0,0
2016-12-24T04:00:00.000,1,0,1
2016-12-24T05:00:00.000,8,5,3
2016-12-24T06:00:00.000,10,6,4
2016-12-24T07:00:00.000,7,4,3
2016-12-24T08:00:00.000,32,18,14
2016-12-24T09:00:00.000,25,9,16
2016-12-24T10:00:00.000,21,13,8
2016-12-24T11:00:00.000,37,21,16
2016-12-24T12:00:00.000,44,26,18
2016-12-24T13:00:00.000,42,23,19
2016-12-24T14:00:00.000,33,19,14
2016-12-24T15:00:00.000,48,23,25
2016-12-24T16:00:00.000,20,8,12
2016-12-24T17:00:00.000,19,9,10
2016-12-24T18:00:00.000,10,1,9
2016-12-24T19:00:00.000,6,3,3
2016-12-24T20:00:00.000,8,5,3
2016-12-24T21:00:00.000,4,3,1
2016-12-24T22:00:00.000,1,1,0
2016-12-24T23:00:00.000,3,0,3
2016-12-25T00:00:00.000,4,2,2
2016-12-25T01:00:00.000,0,0,0
2016-12-25T02:00:00.000,1,0,1
2016-12-25T03:00:00.000,1,1,0
2016-12-25T04:00:00.000,0,0,0
2016-12-25T05:00:00.000,2,2,0
2016-12-25T06:00:00.000,2,1,1
2016-12-25T07:00:00.000,5,2,3
2016-12-25T08:00:00.000,3,2,1
2016-12-25T09:00:00.000,19,12,7
2016-12-25T10:00:00.000,21,12,9
2016-12-25T11:00:00.000,24,18,6
2016-12-25T12:00:00.000,25,13,12
2016-12-25T13:00:00.000,23,12,11
2016-12-25T14:00:00.000,38,19,19
2016-12-25T15:00:00.000,23,8,15
2016-12-25T16:00:00.000,17,6,11
2016-12-25T17:00:00.000,15,10,5
2016-12-25T18:00:00.000,11,3,8
2016-12-25T19:00:00.000,8,3,5
2016-12-25T20:00:00.000,7,2,5
2016-12-25T21:00:00.000,4,3,1
2016-12-25T22:00:00.000,2,1,1
2016-12-25T23:00:00.000,5,3,2
2016-12-26T00:00:00.000,4,2,2
2016-12-26T01:00:00.000,1,1,0
2016-12-26T02:00:00.000,4,2,2
2016-12-26T03:00:00.000,0,0,0
2016-12-26T04:00:00.000,4,3,1
2016-12-26T05:00:00.000,5,4,1
2016-12-26T06:00:00.000,10,6,4
2016-12-26T07:00:00.000,24,15,9
2016-12-26T08:00:00.000,11,8,3
2016-12-26T09:00:00.000,27,16,11
2016-12-26T10:00:00.000,20,10,10
2016-12-26T11:00:00.000,43,25,18
2016-12-26T12:00:00.000,38,17,21
2016-12-26T13:00:00.000,44,23,21
2016-12-26T14:00:00.000,41,24,17
2016-12-26T15:00:00.000,27,13,14
2016-12-26T16:00:00.000,18,6,12
2016-12-26T17:00:00.000,16,8,8
2016-12-26T18:00:00.000,21,9,12
2016-12-26T19:00:00.000,3,1,2
2016-12-26T20:00:00.000,9,3,6
2016-12-26T21:00:00.000,5,2,3
2016-12-26T22:00:00.000,4,2,2
2016-12-26T23:00:00.000,4,1,3
2016-12-27T00:00:00.000,4,3,1
2016-12-27T01:00:00.000,1,0,1
2016-12-27T02:00:00.000,0,0,0
2016-12-27T03:00:00.000,0,0,0
2016-12-27T04:00:00.000,6,3,3
2016-12-27T05:00:00.000,11,6,5
2016-12-27T06:00:00.000,55,29,26
2016-12-27T07:00:00.000,95,59,36
2016-12-27T08:00:00.000,109,55,54
2016-12-27T09:00:00.000,90,56,34
2016-12-27T10:00:00.000,56,28,28
2016-12-27T11:00:00.000,27,15,12
2016-12-27T12:00:00.000,42,18,24
2016-12-27T13:00:00.000,44,21,23
2016-12-27T14:00:00.000,41,20,21
2016-12-27T15:00:00.000,71,30,41
2016-12-27T16:00:00.000,107,31,76
2016-12-27T17:00:00.000,152,46,106
2016-12-27T18:00:00.000,99,40,59
2016-12-27T19:00:00.000,41,11,30
2016-12-27T20:00:00.000,21,9,12
2016-12-27T21:00:00.000,14,7,7
2016-12-27T22:00:00.000,7,3,4
2016-12-27T23:00:00.000,12,7,5
2016-12-28T00:00:00.000,2,1,1
2016-12-28T01:00:00.000,1,0,1
2016-12-28T02:00:00.000,0,0,0
2016-12-28T03:00:00.000,0,0,0
2016-12-28T04:00:00.000,7,2,5
2016-12-28T05:00:00.000,20,13,7
2016-12-28T06:00:00.000,55,28,27
2016-12-28T07:00:00.000,108,73,35
2016-12-28T08:00:00.000,162,92,70
2016-12-28T09:00:00.000,115,55,60
2016-12-28T10:00:00.000,56,24,32
2016-12-28T11:00:00.000,57,31,26
2016-12-28T12:00:00.000,70,40,30
2016-12-28T13:00:00.000,65,27,38
2016-12-28T14:00:00.000,72,29,43
2016-12-28T15:00:00.000,100,51,49
2016-12-28T16:00:00.000,126,47,79
2016-12-28T17:00:00.000,203,48,155
2016-12-28T18:00:00.000,122,35,87
2016-12-28T19:00:00.000,50,11,39
2016-12-28T20:00:00.000,27,11,16
2016-12-28T21:00:00.000,24,11,13
2016-12-28T22:00:00.000,21,10,11
2016-12-28T23:00:00.000,9,5,4
2016-12-29T00:00:00.000,9,6,3
2016-12-29T01:00:00.000,1,1,0
2016-12-29T02:00:00.000,0,0,0
2016-12-29T03:00:00.000,0,0,0
2016-12-29T04:00:00.000,3,3,0
2016-12-29T05:00:00.000,16,7,9
2016-12-29T06:00:00.000,40,24,16
2016-12-29T07:00:00.000,108,73,35
2016-12-29T08:00:00.000,149,86,63
2016-12-29T09:00:00.000,108,65,43
2016-12-29T10:00:00.000,55,27,28
2016-12-29T11:00:00.000,46,19,27
2016-12-29T12:00:00.000,25,13,12
2016-12-29T13:00:00.000,32,21,11
2016-12-29T14:00:00.000,43,18,25
2016-12-29T15:00:00.000,71,22,49
2016-12-29T16:00:00.000,106,36,70
2016-12-29T17:00:00.000,148,27,121
2016-12-29T18:00:00.000,87,28,59
2016-12-29T19:00:00.000,39,16,23
2016-12-29T20:00:00.000,19,7,12
2016-12-29T21:00:00.000,13,5,8
2016-12-29T22:00:00.000,11,4,7
2016-12-29T23:00:00.000,5,3,2
2016-12-30T00:00:00.000,5,1,4
2016-12-30T01:00:00.000,3,3,0
2016-12-30T02:00:00.000,0,0,0
2016-12-30T03:00:00.000,1,1,0
2016-12-30T04:00:00.000,3,0,3
2016-12-30T05:00:00.000,11,6,5
2016-12-30T06:00:00.000,31,15,16
2016-12-30T07:00:00.000,58,38,20
2016-12-30T08:00:00.000,107,56,51
2016-12-30T09:00:00.000,75,38,37
2016-12-30T10:00:00.000,67,30,37
2016-12-30T11:00:00.000,53,24,29
2016-12-30T12:00:00.000,59,33,26
2016-12-30T13:00:00.000,80,46,34
2016-12-30T14:00:00.000,74,30,44
2016-12-30T15:00:00.000,90,34,56
2016-12-30T16:00:00.000,131,50,81
2016-12-30T17:00:00.000,110,39,71
2016-12-30T18:00:00.000,58,20,38
2016-12-30T19:00:00.000,24,8,16
2016-12-30T20:00:00.000,16,7,9
2016-12-30T21:00:00.000,8,4,4
2016-12-30T22:00:00.000,13,6,7
2016-12-30T23:00:00.000,14,7,7
2016-12-31T00:00:00.000,4,3,1
2016-12-31T01:00:00.000,6,1,5
2016-12-31T02:00:00.000,2,0,2
2016-12-31T03:00:00.000,0,0,0
2016-12-31T04:00:00.000,4,3,1
2016-12-31T05:00:00.000,3,1,2
2016-12-31T06:00:00.000,6,4,2
2016-12-31T07:00:00.000,14,6,8
2016-12-31T08:00:00.000,36,21,15
2016-12-31T09:00:00.000,35,15,20
2016-12-31T10:00:00.000,43,27,16
2016-12-31T11:00:00.000,51,29,22
2016-12-31T12:00:00.000,40,27,13
2016-12-31T13:00:00.000,43,15,28
2016-12-31T14:00:00.000,29,14,15
2016-12-31T15:00:00.000,33,19,14
2016-12-31T16:00:00.000,38,16,22
2016-12-31T17:00:00.000,18,9,9
2016-12-31T18:00:00.000,15,4,11
2016-12-31T19:00:00.000,10,6,4
2016-12-31T20:00:00.000,9,3,6
2016-12-31T21:00:00.000,10,4,6
2016-12-31T22:00:00.000,15,7,8
2016-12-31T23:00:00.000,8,4,4
2017-01-01T00:00:00.000,5,0,5
2017-01-01T01:00:00.000,19,5,14
2017-01-01T02:00:00.000,1,1,0
2017-01-01T03:00:00.000,2,0,2
2017-01-01T04:00:00.000,1,0,1
2017-01-01T05:00:00.000,0,0,0
2017-01-01T06:00:00.000,4,2,2
2017-01-01T07:00:00.000,2,1,1
2017-01-01T08:00:00.000,5,2,3
2017-01-01T09:00:00.000,11,7,4
2017-01-01T10:00:00.000,13,7,6
2017-01-01T11:00:00.000,21,9,12
2017-01-01T12:00:00.000,25,17,8
2017-01-01T13:00:00.000,35,19,16
2017-01-01T14:00:00.000,42,16,26
2017-01-01T15:00:00.000,40,29,11
2017-01-01T16:00:00.000,32,21,11
2017-01-01T17:00:00.000,27,10,17
2017-01-01T18:00:00.000,16,7,9
2017-01-01T19:00:00.000,3,1,2
2017-01-01T20:00:00.000,3,1,2
2017-01-01T21:00:00.000,8,3,5
2017-01-01T22:00:00.000,6,2,4
2017-01-01T23:00:00.000,5,2,3
2017-01-02T00:00:00.000,1,0,1
2017-01-02T01:00:00.000,1,0,1
2017-01-02T02:00:00.000,1,1,0
2017-01-02T03:00:00.000,1,1,0
2017-01-02T04:00:00.000,1,0,1
2017-01-02T05:00:00.000,4,2,2
2017-01-02T06:00:00.000,11,7,4
2017-01-02T07:00:00.000,17,13,4
2017-01-02T08:00:00.000,29,17,12
2017-01-02T09:00:00.000,32,21,11
2017-01-02T10:00:00.000,43,20,23
2017-01-02T11:00:00.000,47,21,26
2017-01-02T12:00:00.000,55,27,28
2017-01-02T13:00:00.000,58,27,31
2017-01-02T14:00:00.000,73,36,37
2017-01-02T15:00:00.000,66,37,29
2017-01-02T16:00:00.000,54,25,29
2017-01-02T17:00:00.000,45,19,26
2017-01-02T18:00:00.000,31,16,15
2017-01-02T19:00:00.000,17,4,13
2017-01-02T20:00:00.000,12,6,6
2017-01-02T21:00:00.000,15,8,7
2017-01-02T22:00:00.000,4,3,1
2017-01-02T23:00:00.000,5,3,2
2017-01-03T00:00:00.000,3,0,3
2017-01-03T01:00:00.000,2,1,1
2017-01-03T02:00:00.000,2,2,0
2017-01-03T03:00:00.000,0,0,0
2017-01-03T04:00:00.000,9,7,2
2017-01-03T05:00:00.000,22,11,11
2017-01-03T06:00:00.000,75,46,29
2017-01-03T07:00:00.000,184,120,64
2017-01-03T08:00:00.000,272,175,97
2017-01-03T09:00:00.000,130,70,60
2017-01-03T10:00:00.000,58,31,27
2017-01-03T11:00:00.000,42,17,25
2017-01-03T12:00:00.000,34,16,18
2017-01-03T13:00:00.000,27,10,17
2017-01-03T14:00:00.000,31,13,18
2017-01-03T15:00:00.000,67,25,42
2017-01-03T16:00:00.000,160,49,111
2017-01-03T17:00:00.000,321,76,245
2017-01-03T18:00:00.000,180,48,132
2017-01-03T19:00:00.000,73,26,47
2017-01-03T20:00:00.000,24,8,16
2017-01-03T21:00:00.000,9,5,4
2017-01-03T22:00:00.000,8,1,7
2017-01-03T23:00:00.000,3,1,2
2017-01-04T00:00:00.000,3,2,1
2017-01-04T01:00:00.000,1,0,1
2017-01-04T02:00:00.000,0,0,0
2017-01-04T03:00:00.000,1,1,0
2017-01-04T04:00:00.000,5,3,2
2017-01-04T05:00:00.000,26,19,7
2017-01-04T06:00:00.000,68,36,32
2017-01-04T07:00:00.000,161,111,50
2017-01-04T08:00:00.000,278,175,103
2017-01-04T09:00:00.000,180,106,74
2017-01-04T10:00:00.000,57,26,31
2017-01-04T11:00:00.000,29,14,15
2017-01-04T12:00:00.000,35,14,21
2017-01-04T13:00:00.000,37,19,18
2017-01-04T14:00:00.000,44,17,27
2017-01-04T15:00:00.000,76,28,48
2017-01-04T16:00:00.000,155,54,101
2017-01-04T17:00:00.000,304,73,231
2017-01-04T18:00:00.000,198,60,138
2017-01-04T19:00:00.000,77,16,61
2017-01-04T20:00:00.000,29,10,19
2017-01-04T21:00:00.000,24,9,15
2017-01-04T22:00:00.000,12,8,4
2017-01-04T23:00:00.000,8,6,2
2017-01-05T00:00:00.000,1,0,1
2017-01-05T01:00:00.000,1,0,1
2017-01-05T02:00:00.000,1,0,1
2017-01-05T03:00:00.000,0,0,0
2017-01-05T04:00:00.000,4,3,1
2017-01-05T05:00:00.000,25,17,8
2017-01-05T06:00:00.000,61,36,25
2017-01-05T07:00:00.000,180,122,58
2017-01-05T08:00:00.000,269,162,107
2017-01-05T09:00:00.000,142,83,59
2017-01-05T10:00:00.000,57,30,27
2017-01-05T11:00:00.000,56,31,25
2017-01-05T12:00:00.000,42,23,19
2017-01-05T13:00:00.000,42,22,20
2017-01-05T14:00:00.000,50,20,30
2017-01-05T15:00:00.000,80,33,47
2017-01-05T16:00:00.000,162,48,114
2017-01-05T17:00:00.000,272,61,211
2017-01-05T18:00:00.000,185,58,127
2017-01-05T19:00:00.000,78,18,60
2017-01-05T20:00:00.000,26,6,20
2017-01-05T21:00:00.000,24,6,18
2017-01-05T22:00:00.000,11,5,6
2017-01-05T23:00:00.000,8,3,5
2017-01-06T00:00:00.000,4,3,1
2017-01-06T01:00:00.000,1,0,1
2017-01-06T02:00:00.000,0,0,0
2017-01-06T03:00:00.000,0,0,0
2017-01-06T04:00:00.000,3,2,1
2017-01-06T05:00:00.000,24,11,13
2017-01-06T06:00:00.000,65,34,31
2017-01-06T07:00:00.000,137,90,47
2017-01-06T08:00:00.000,254,161,93
2017-01-06T09:00:00.000,142,84,58
2017-01-06T10:00:00.000,71,40,31
2017-01-06T11:00:00.000,37,15,22
2017-01-06T12:00:00.000,51,27,24
2017-01-06T13:00:00.000,54,25,29
2017-01-06T14:00:00.000,41,17,24
2017-01-06T15:00:00.000,82,30,52
2017-01-06T16:00:00.000,154,40,114
2017-01-06T17:00:00.000,232,64,168
2017-01-06T18:00:00.000,163,41,122
2017-01-06T19:00:00.000,64,15,49
2017-01-06T20:00:00.000,33,13,20
2017-01-06T21:00:00.000,13,9,4
2017-01-06T22:00:00.000,12,3,9
2017-01-06T23:00:00.000,11,3,8
2017-01-07T00:00:00.000,11,5,6
2017-01-07T01:00:00.000,1,0,1
2017-01-07T02:00:00.000,3,1,2
2017-01-07T03:00:00.000,0,0,0
2017-01-07T04:00:00.000,0,0,0
2017-01-07T05:00:00.000,4,4,0
2017-01-07T06:00:00.000,6,4,2
2017-01-07T07:00:00.000,9,4,5
2017-01-07T08:00:00.000,29,17,12
2017-01-07T09:00:00.000,37,22,15
2017-01-07T10:00:00.000,30,18,12
2017-01-07T11:00:00.000,54,32,22
2017-01-07T12:00:00.000,47,27,20
2017-01-07T13:00:00.000,51,23,28
2017-01-07T14:00:00.000,48,25,23
2017-01-07T15:00:00.000,55,25,30
2017-01-07T16:00:00.000,49,27,22
2017-01-07T17:00:00.000,26,12,14
2017-01-07T18:00:00.000,29,14,15
2017-01-07T19:00:00.000,14,6,8
2017-01-07T20:00:00.000,13,4,9
2017-01-07T21:00:00.000,8,3,5
2017-01-07T22:00:00.000,6,2,4
2017-01-07T23:00:00.000,8,3,5
2017-01-08T00:00:00.000,11,4,7
2017-01-08T01:00:00.000,4,1,3
2017-01-08T02:00:00.000,1,1,0
2017-01-08T03:00:00.000,2,1,1
2017-01-08T04:00:00.000,0,0,0
2017-01-08T05:00:00.000,2,1,1
2017-01-08T06:00:00.000,6,1,5
2017-01-08T07:00:00.000,8,5,3
2017-01-08T08:00:00.000,17,8,9
2017-01-08T09:00:00.000,22,11,11
2017-01-08T10:00:00.000,36,19,17
2017-01-08T11:00:00.000,25,17,8
2017-01-08T12:00:00.000,25,14,11
2017-01-08T13:00:00.000,17,6,11
2017-01-08T14:00:00.000,16,10,6
2017-01-08T15:00:00.000,16,8,8
2017-01-08T16:00:00.000,13,5,8
2017-01-08T17:00:00.000,11,5,6
2017-01-08T18:00:00.000,8,4,4
2017-01-08T19:00:00.000,5,3,2
2017-01-08T20:00:00.000,7,1,6
2017-01-08T21:00:00.000,7,5,2
2017-01-08T22:00:00.000,5,2,3
2017-01-08T23:00:00.000,4,2,2
2017-01-09T00:00:00.000,3,2,1
2017-01-09T01:00:00.000,0,0,0
2017-01-09T02:00:00.000,0,0,0
2017-01-09T03:00:00.000,0,0,0
2017-01-09T04:00:00.000,7,5,2
2017-01-09T05:00:00.000,21,12,9
2017-01-09T06:00:00.000,83,55,28
2017-01-09T07:00:00.000,228,157,71
2017-01-09T08:00:00.000,333,202,131
2017-01-09T09:00:00.000,165,82,83
2017-01-09T10:00:00.000,64,30,34
2017-01-09T11:00:00.000,39,20,19
2017-01-09T12:00:00.000,29,19,10
2017-01-09T13:00:00.000,34,16,18
2017-01-09T14:00:00.000,23,10,13
2017-01-09T15:00:00.000,58,27,31
2017-01-09T16:00:00.000,159,52,107
2017-01-09T17:00:00.000,374,91,283
2017-01-09T18:00:00.000,236,48,188
2017-01-09T19:00:00.000,88,24,64
2017-01-09T20:00:00.000,41,13,28
2017-01-09T21:00:00.000,10,4,6
2017-01-09T22:00:00.000,12,6,6
2017-01-09T23:00:00.000,7,4,3
2017-01-10T00:00:00.000,5,2,3
2017-01-10T01:00:00.000,0,0,0
2017-01-10T02:00:00.000,1,1,0
2017-01-10T03:00:00.000,0,0,0
2017-01-10T04:00:00.000,6,5,1
2017-01-10T05:00:00.000,31,17,14
2017-01-10T06:00:00.000,85,53,32
2017-01-10T07:00:00.000,194,114,80
2017-01-10T08:00:00.000,270,158,112
2017-01-10T09:00:00.000,150,83,67
2017-01-10T10:00:00.000,53,25,28
2017-01-10T11:00:00.000,37,17,20
2017-01-10T12:00:00.000,40,21,19
2017-01-10T13:00:00.000,35,20,15
2017-01-10T14:00:00.000,46,19,27
2017-01-10T15:00:00.000,78,27,51
2017-01-10T16:00:00.000,140,53,87
2017-01-10T17:00:00.000,283,80,203
2017-01-10T18:00:00.000,200,59,141
2017-01-10T19:00:00.000,89,28,61
2017-01-10T20:00:00.000,41,9,32
2017-01-10T21:00:00.000,18,6,12
2017-01-10T22:00:00.000,13,4,9
2017-01-10T23:00:00.000,5,3,2
2017-01-11T00:00:00.000,3,2,1
2017-01-11T01:00:00.000,0,0,0
2017-01-11T02:00:00.000,0,0,0
2017-01-11T03:00:00.000,0,0,0
2017-01-11T04:00:00.000,6,4,2
2017-01-11T05:00:00.000,25,16,9
2017-01-11T06:00:00.000,72,51,21
2017-01-11T07:00:00.000,185,130,55
2017-01-11T08:00:00.000,268,162,106
2017-01-11T09:00:00.000,155,80,75
2017-01-11T10:00:00.000,82,35,47
2017-01-11T11:00:00.000,38,25,13
2017-01-11T12:00:00.000,36,22,14
2017-01-11T13:00:00.000,54,21,33
2017-01-11T14:00:00.000,37,15,22
2017-01-11T15:00:00.000,54,20,34
2017-01-11T16:00:00.000,159,56,103
2017-01-11T17:00:00.000,295,70,225
2017-01-11T18:00:00.000,225,62,163
2017-01-11T19:00:00.000,94,29,65
2017-01-11T20:00:00.000,36,14,22
2017-01-11T21:00:00.000,24,13,11
2017-01-11T22:00:00.000,20,9,11
2017-01-11T23:00:00.000,5,2,3
2017-01-12T00:00:00.000,6,2,4
2017-01-12T01:00:00.000,1,1,0
2017-01-12T02:00:00.000,2,1,1
2017-01-12T03:00:00.000,1,1,0
2017-01-12T04:00:00.000,2,1,1
2017-01-12T05:00:00.000,27,15,12
2017-01-12T06:00:00.000,60,37,23
2017-01-12T07:00:00.000,163,105,58
2017-01-12T08:00:00.000,271,158,113
2017-01-12T09:00:00.000,143,80,63
2017-01-12T10:00:00.000,67,39,28
2017-01-12T11:00:00.000,61,26,35
2017-01-12T12:00:00.000,37,20,17
2017-01-12T13:00:00.000,47,27,20
2017-01-12T14:00:00.000,54,30,24
2017-01-12T15:00:00.000,75,33,42
2017-01-12T16:00:00.000,141,54,87
2017-01-12T17:00:00.000,262,68,194
2017-01-12T18:00:00.000,211,68,143
2017-01-12T19:00:00.000,84,23,61
2017-01-12T20:00:00.000,47,12,35
2017-01-12T21:00:00.000,29,9,20
2017-01-12T22:00:00.000,30,17,13
2017-01-12T23:00:00.000,17,13,4
2017-01-13T00:00:00.000,4,2,2
2017-01-13T01:00:00.000,5,4,1
2017-01-13T02:00:00.000,1,1,0
2017-01-13T03:00:00.000,0,0,0
2017-01-13T04:00:00.000,3,2,1
2017-01-13T05:00:00.000,20,12,8
2017-01-13T06:00:00.000,62,39,23
2017-01-13T07:00:00.000,169,112,57
2017-01-13T08:00:00.000,236,139,97
2017-01-13T09:00:00.000,139,69,70
2017-01-13T10:00:00.000,61,30,31
2017-01-13T11:00:00.000,42,22,20
2017-01-13T12:00:00.000,40,23,17
2017-01-13T13:00:00.000,48,26,22
2017-01-13T14:00:00.000,50,19,31
2017-01-13T15:00:00.000,93,40,53
2017-01-13T16:00:00.000,166,51,115
2017-01-13T17:00:00.000,258,65,193
2017-01-13T18:00:00.000,167,44,123
2017-01-13T19:00:00.000,64,24,40
2017-01-13T20:00:00.000,29,8,21
2017-01-13T21:00:00.000,26,14,12
2017-01-13T22:00:00.000,12,3,9
2017-01-13T23:00:00.000,9,3,6
2017-01-14T00:00:00.000,2,1,1
2017-01-14T01:00:00.000,7,1,6
2017-01-14T02:00:00.000,2,2,0
2017-01-14T03:00:00.000,2,0,2
2017-01-14T04:00:00.000,0,0,0
2017-01-14T05:00:00.000,4,3,1
2017-01-14T06:00:00.000,9,6,3
2017-01-14T07:00:00.000,13,7,6
2017-01-14T08:00:00.000,27,14,13
2017-01-14T09:00:00.000,43,20,23
2017-01-14T10:00:00.000,65,37,28
2017-01-14T11:00:00.000,57,38,19
2017-01-14T12:00:00.000,79,41,38
2017-01-14T13:00:00.000,91,57,34
2017-01-14T14:00:00.000,76,45,31
2017-01-14T15:00:00.000,61,31,30
2017-01-14T16:00:00.000,56,34,22
2017-01-14T17:00:00.000,47,22,25
2017-01-14T18:00:00.000,31,15,16
2017-01-14T19:00:00.000,19,6,13
2017-01-14T20:00:00.000,17,13,4
2017-01-14T21:00:00.000,9,2,7
2017-01-14T22:00:00.000,10,6,4
2017-01-14T23:00:00.000,4,1,3
2017-01-15T00:00:00.000,6,4,2
2017-01-15T01:00:00.000,4,3,1
2017-01-15T02:00:00.000,2,1,1
2017-01-15T03:00:00.000,1,0,1
2017-01-15T04:00:00.000,0,0,0
2017-01-15T05:00:00.000,4,3,1
2017-01-15T06:00:00.000,7,2,5
2017-01-15T07:00:00.000,8,5,3
2017-01-15T08:00:00.000,24,13,11
2017-01-15T09:00:00.000,30,17,13
2017-01-15T10:00:00.000,39,24,15
2017-01-15T11:00:00.000,75,41,34
2017-01-15T12:00:00.000,91,46,45
2017-01-15T13:00:00.000,122,69,53
2017-01-15T14:00:00.000,105,46,59
2017-01-15T15:00:00.000,99,55,44
2017-01-15T16:00:00.000,62,32,30
2017-01-15T17:00:00.000,39,21,18
2017-01-15T18:00:00.000,28,14,14
2017-01-15T19:00:00.000,29,13,16
2017-01-15T20:00:00.000,13,6,7
2017-01-15T21:00:00.000,9,4,5
2017-01-15T22:00:00.000,12,5,7
2017-01-15T23:00:00.000,4,2,2
2017-01-16T00:00:00.000,3,1,2
2017-01-16T01:00:00.000,2,2,0
2017-01-16T02:00:00.000,1,0,1
2017-01-16T03:00:00.000,0,0,0
2017-01-16T04:00:00.000,3,1,2
2017-01-16T05:00:00.000,10,8,2
2017-01-16T06:00:00.000,44,21,23
2017-01-16T07:00:00.000,105,69,36
2017-01-16T08:00:00.000,158,93,65
2017-01-16T09:00:00.000,102,53,49
2017-01-16T10:00:00.000,78,41,37
2017-01-16T11:00:00.000,58,31,27
2017-01-16T12:00:00.000,93,40,53
2017-01-16T13:00:00.000,72,39,33
2017-01-16T14:00:00.000,83,44,39
2017-01-16T15:00:00.000,99,40,59
2017-01-16T16:00:00.000,91,24,67
2017-01-16T17:00:00.000,199,53,146
2017-01-16T18:00:00.000,121,39,82
2017-01-16T19:00:00.000,64,22,42
2017-01-16T20:00:00.000,23,7,16
2017-01-16T21:00:00.000,16,6,10
2017-01-16T22:00:00.000,9,6,3
2017-01-16T23:00:00.000,8,3,5
2017-01-17T00:00:00.000,5,4,1
2017-01-17T01:00:00.000,4,1,3
2017-01-17T02:00:00.000,1,0,1
2017-01-17T03:00:00.000,1,0,1
2017-01-17T04:00:00.000,6,4,2
2017-01-17T05:00:00.000,20,12,8
2017-01-17T06:00:00.000,77,51,26
2017-01-17T07:00:00.000,227,149,78
2017-01-17T08:00:00.000,298,180,118
2017-01-17T09:00:00.000,160,75,85
2017-01-17T10:00:00.000,55,27,28
2017-01-17T11:00:00.000,36,23,13
2017-01-17T12:00:00.000,29,11,18
2017-01-17T13:00:00.000,28,13,15
2017-01-17T14:00:00.000,23,10,13
2017-01-17T15:00:00.000,51,18,33
2017-01-17T16:00:00.000,132,43,89
2017-01-17T17:00:00.000,276,59,217
2017-01-17T18:00:00.000,191,48,143
2017-01-17T19:00:00.000,78,14,64
2017-01-17T20:00:00.000,28,6,22
2017-01-17T21:00:00.000,12,3,9
2017-01-17T22:00:00.000,4,2,2
2017-01-17T23:00:00.000,3,1,2
2017-01-18T00:00:00.000,3,2,1
2017-01-18T01:00:00.000,0,0,0
2017-01-18T02:00:00.000,0,0,0
2017-01-18T03:00:00.000,1,0,1
2017-01-18T04:00:00.000,6,5,1
2017-01-18T05:00:00.000,16,11,5
2017-01-18T06:00:00.000,70,47,23
2017-01-18T07:00:00.000,168,104,64
2017-01-18T08:00:00.000,185,114,71
2017-01-18T09:00:00.000,88,51,37
2017-01-18T10:00:00.000,32,12,20
2017-01-18T11:00:00.000,29,12,17
2017-01-18T12:00:00.000,31,17,14
2017-01-18T13:00:00.000,36,18,18
2017-01-18T14:00:00.000,24,13,11
2017-01-18T15:00:00.000,52,23,29
2017-01-18T16:00:00.000,136,46,90
2017-01-18T17:00:00.000,222,47,175
2017-01-18T18:00:00.000,164,49,115
2017-01-18T19:00:00.000,65,21,44
2017-01-18T20:00:00.000,34,14,20
2017-01-18T21:00:00.000,21,6,15
2017-01-18T22:00:00.000,14,5,9
2017-01-18T23:00:00.000,9,6,3
2017-01-19T00:00:00.000,0,0,0
2017-01-19T01:00:00.000,2,1,1
2017-01-19T02:00:00.000,1,0,1
2017-01-19T03:00:00.000,0,0,0
2017-01-19T04:00:00.000,4,3,1
2017-01-19T05:00:00.000,21,12,9
2017-01-19T06:00:00.000,62,43,19
2017-01-19T07:00:00.000,195,123,72
2017-01-19T08:00:00.000,328,193,135
2017-01-19T09:00:00.000,155,83,72
2017-01-19T10:00:00.000,63,31,32
2017-01-19T11:00:00.000,39,17,22
2017-01-19T12:00:00.000,46,30,16
2017-01-19T13:00:00.000,49,32,17
2017-01-19T14:00:00.000,44,20,24
2017-01-19T15:00:00.000,54,18,36
2017-01-19T16:00:00.000,161,51,110
2017-01-19T17:00:00.000,303,70,233
2017-01-19T18:00:00.000,213,54,159
2017-01-19T19:00:00.000,93,29,64
2017-01-19T20:00:00.000,51,15,36
2017-01-19T21:00:00.000,31,12,19
2017-01-19T22:00:00.000,19,7,12
2017-01-19T23:00:00.000,11,4,7
2017-01-20T00:00:00.000,2,1,1
2017-01-20T01:00:00.000,3,3,0
2017-01-20T02:00:00.000,0,0,0
2017-01-20T03:00:00.000,1,1,0
2017-01-20T04:00:00.000,9,6,3
2017-01-20T05:00:00.000,19,13,6
2017-01-20T06:00:00.000,69,42,27
2017-01-20T07:00:00.000,227,149,78
2017-01-20T08:00:00.000,346,180,166
2017-01-20T09:00:00.000,183,101,82
2017-01-20T10:00:00.000,56,30,26
2017-01-20T11:00:00.000,52,33,19
2017-01-20T12:00:00.000,48,25,23
2017-01-20T13:00:00.000,77,43,34
2017-01-20T14:00:00.000,65,23,42
2017-01-20T15:00:00.000,93,40,53
2017-01-20T16:00:00.000,217,57,160
2017-01-20T17:00:00.000,342,88,254
2017-01-20T18:00:00.000,196,59,137
2017-01-20T19:00:00.000,87,24,63
2017-01-20T20:00:00.000,49,13,36
2017-01-20T21:00:00.000,33,13,20
2017-01-20T22:00:00.000,26,10,16
2017-01-20T23:00:00.000,20,7,13
2017-01-21T00:00:00.000,14,3,11
2017-01-21T01:00:00.000,4,0,4
2017-01-21T02:00:00.000,2,1,1
2017-01-21T03:00:00.000,1,1,0
2017-01-21T04:00:00.000,2,1,1
2017-01-21T05:00:00.000,11,7,4
2017-01-21T06:00:00.000,10,7,3
2017-01-21T07:00:00.000,21,12,9
2017-01-21T08:00:00.000,64,30,34
2017-01-21T09:00:00.000,82,49,33
2017-01-21T10:00:00.000,120,78,42
2017-01-21T11:00:00.000,94,51,43
2017-01-21T12:00:00.000,129,75,54
2017-01-21T13:00:00.000,146,62,84
2017-01-21T14:00:00.000,187,59,128
2017-01-21T15:00:00.000,180,55,125
2017-01-21T16:00:00.000,118,49,69
2017-01-21T17:00:00.000,52,24,28
2017-01-21T18:00:00.000,39,8,31
2017-01-21T19:00:00.000,23,6,17
2017-01-21T20:00:00.000,10,3,7
2017-01-21T21:00:00.000,24,13,11
2017-01-21T22:00:00.000,15,10,5
2017-01-21T23:00:00.000,15,3,12
2017-01-22T00:00:00.000,8,3,5
2017-01-22T01:00:00.000,6,0,6
2017-01-22T02:00:00.000,3,2,1
2017-01-22T03:00:00.000,1,1,0
2017-01-22T04:00:00.000,0,0,0
2017-01-22T05:00:00.000,5,4,1
2017-01-22T06:00:00.000,2,2,0
2017-01-22T07:00:00.000,12,8,4
2017-01-22T08:00:00.000,21,9,12
2017-01-22T09:00:00.000,21,12,9
2017-01-22T10:00:00.000,17,9,8
2017-01-22T11:00:00.000,26,15,11
2017-01-22T12:00:00.000,28,13,15
2017-01-22T13:00:00.000,34,16,18
2017-01-22T14:00:00.000,40,22,18
2017-01-22T15:00:00.000,46,20,26
2017-01-22T16:00:00.000,52,32,20
2017-01-22T17:00:00.000,31,14,17
2017-01-22T18:00:00.000,28,14,14
2017-01-22T19:00:00.000,16,7,9
2017-01-22T20:00:00.000,15,7,8
2017-01-22T21:00:00.000,9,5,4
2017-01-22T22:00:00.000,5,2,3
2017-01-22T23:00:00.000,7,2,5
2017-01-23T00:00:00.000,1,0,1
2017-01-23T01:00:00.000,3,2,1
2017-01-23T02:00:00.000,2,1,1
2017-01-23T03:00:00.000,2,1,1
2017-01-23T04:00:00.000,3,1,2
2017-01-23T05:00:00.000,24,12,12
2017-01-23T06:00:00.000,94,59,35
2017-01-23T07:00:00.000,269,175,94
2017-01-23T08:00:00.000,406,256,150
2017-01-23T09:00:00.000,191,106,85
2017-01-23T10:00:00.000,89,44,45
2017-01-23T11:00:00.000,54,25,29
2017-01-23T12:00:00.000,64,25,39
2017-01-23T13:00:00.000,71,31,40
2017-01-23T14:00:00.000,73,25,48
2017-01-23T15:00:00.000,108,45,63
2017-01-23T16:00:00.000,209,81,128
2017-01-23T17:00:00.000,449,104,345
2017-01-23T18:00:00.000,277,90,187
2017-01-23T19:00:00.000,118,37,81
2017-01-23T20:00:00.000,67,22,45
2017-01-23T21:00:00.000,33,11,22
2017-01-23T22:00:00.000,17,6,11
2017-01-23T23:00:00.000,11,3,8
2017-01-24T00:00:00.000,5,3,2
2017-01-24T01:00:00.000,6,3,3
2017-01-24T02:00:00.000,3,2,1
2017-01-24T03:00:00.000,1,1,0
2017-01-24T04:00:00.000,5,3,2
2017-01-24T05:00:00.000,31,16,15
2017-01-24T06:00:00.000,94,58,36
2017-01-24T07:00:00.000,292,188,104
2017-01-24T08:00:00.000,371,232,139
2017-01-24T09:00:00.000,217,121,96
2017-01-24T10:00:00.000,83,38,45
2017-01-24T11:00:00.000,64,31,33
2017-01-24T12:00:00.000,48,28,20
2017-01-24T13:00:00.000,70,42,28
2017-01-24T14:00:00.000,47,22,25
2017-01-24T15:00:00.000,99,39,60
2017-01-24T16:00:00.000,181,50,131
2017-01-24T17:00:00.000,414,108,306
2017-01-24T18:00:00.000,279,86,193
2017-01-24T19:00:00.000,131,41,90
2017-01-24T20:00:00.000,62,18,44
2017-01-24T21:00:00.000,38,14,24
2017-01-24T22:00:00.000,18,5,13
2017-01-24T23:00:00.000,15,9,6
2017-01-25T00:00:00.000,11,6,5
2017-01-25T01:00:00.000,3,0,3
2017-01-25T02:00:00.000,1,1,0
2017-01-25T03:00:00.000,0,0,0
2017-01-25T04:00:00.000,7,7,0
2017-01-25T05:00:00.000,28,15,13
2017-01-25T06:00:00.000,100,59,41
2017-01-25T07:00:00.000,245,163,82
2017-01-25T08:00:00.000,385,233,152
2017-01-25T09:00:00.000,187,113,74
2017-01-25T10:00:00.000,68,28,40
2017-01-25T11:00:00.000,60,35,25
2017-01-25T12:00:00.000,52,31,21
2017-01-25T13:00:00.000,44,17,27
2017-01-25T14:00:00.000,40,17,23
2017-01-25T15:00:00.000,75,28,47
2017-01-25T16:00:00.000,167,62,105
2017-01-25T17:00:00.000,384,87,297
2017-01-25T18:00:00.000,259,83,176
2017-01-25T19:00:00.000,114,37,77
2017-01-25T20:00:00.000,49,22,27
2017-01-25T21:00:00.000,43,14,29
2017-01-25T22:00:00.000,12,3,9
2017-01-25T23:00:00.000,8,5,3
2017-01-26T00:00:00.000,5,3,2
2017-01-26T01:00:00.000,0,0,0
2017-01-26T02:00:00.000,5,3,2
2017-01-26T03:00:00.000,3,0,3
2017-01-26T04:00:00.000,7,5,2
2017-01-26T05:00:00.000,34,23,11
2017-01-26T06:00:00.000,103,63,40
2017-01-26T07:00:00.000,242,164,78
2017-01-26T08:00:00.000,401,247,154
2017-01-26T09:00:00.000,205,118,87
2017-01-26T10:00:00.000,57,22,35
2017-01-26T11:00:00.000,61,28,33
2017-01-26T12:00:00.000,51,20,31
2017-01-26T13:00:00.000,53,28,25
2017-01-26T14:00:00.000,65,29,36
2017-01-26T15:00:00.000,94,42,52
2017-01-26T16:00:00.000,210,72,138
2017-01-26T17:00:00.000,387,78,309
2017-01-26T18:00:00.000,273,89,184
2017-01-26T19:00:00.000,134,38,96
2017-01-26T20:00:00.000,55,14,41
2017-01-26T21:00:00.000,33,12,21
2017-01-26T22:00:00.000,27,12,15
2017-01-26T23:00:00.000,13,4,9
2017-01-27T00:00:00.000,6,1,5
2017-01-27T01:00:00.000,4,1,3
2017-01-27T02:00:00.000,1,1,0
2017-01-27T03:00:00.000,1,1,0
2017-01-27T04:00:00.000,7,4,3
2017-01-27T05:00:00.000,25,13,12
2017-01-27T06:00:00.000,67,45,22
2017-01-27T07:00:00.000,231,155,76
2017-01-27T08:00:00.000,342,194,148
2017-01-27T09:00:00.000,161,76,85
2017-01-27T10:00:00.000,82,41,41
2017-01-27T11:00:00.000,77,38,39
2017-01-27T12:00:00.000,57,29,28
2017-01-27T13:00:00.000,80,35,45
2017-01-27T14:00:00.000,87,47,40
2017-01-27T15:00:00.000,115,54,61
2017-01-27T16:00:00.000,260,81,179
2017-01-27T17:00:00.000,381,97,284
2017-01-27T18:00:00.000,214,60,154
2017-01-27T19:00:00.000,78,29,49
2017-01-27T20:00:00.000,37,11,26
2017-01-27T21:00:00.000,23,5,18
2017-01-27T22:00:00.000,29,6,23
2017-01-27T23:00:00.000,18,8,10
2017-01-28T00:00:00.000,13,5,8
2017-01-28T01:00:00.000,5,3,2
2017-01-28T02:00:00.000,3,1,2
2017-01-28T03:00:00.000,0,0,0
2017-01-28T04:00:00.000,3,1,2
2017-01-28T05:00:00.000,3,1,2
2017-01-28T06:00:00.000,6,2,4
2017-01-28T07:00:00.000,23,9,14
2017-01-28T08:00:00.000,54,33,21
2017-01-28T09:00:00.000,54,29,25
2017-01-28T10:00:00.000,99,63,36
2017-01-28T11:00:00.000,107,60,47
2017-01-28T12:00:00.000,102,56,46
2017-01-28T13:00:00.000,131,77,54
2017-01-28T14:00:00.000,109,75,34
2017-01-28T15:00:00.000,126,55,71
2017-01-28T16:00:00.000,136,78,58
2017-01-28T17:00:00.000,70,29,41
2017-01-28T18:00:00.000,59,28,31
2017-01-28T19:00:00.000,31,11,20
2017-01-28T20:00:00.000,26,7,19
2017-01-28T21:00:00.000,25,12,13
2017-01-28T22:00:00.000,17,3,14
2017-01-28T23:00:00.000,13,3,10
2017-01-29T00:00:00.000,17,6,11
2017-01-29T01:00:00.000,6,2,4
2017-01-29T02:00:00.000,4,1,3
2017-01-29T03:00:00.000,3,1,2
2017-01-29T04:00:00.000,1,0,1
2017-01-29T05:00:00.000,7,4,3
2017-01-29T06:00:00.000,8,4,4
2017-01-29T07:00:00.000,12,5,7
2017-01-29T08:00:00.000,41,19,22
2017-01-29T09:00:00.000,52,30,22
2017-01-29T10:00:00.000,60,23,37
2017-01-29T11:00:00.000,74,41,33
2017-01-29T12:00:00.000,88,50,38
2017-01-29T13:00:00.000,63,28,35
2017-01-29T14:00:00.000,58,38,20
2017-01-29T15:00:00.000,57,36,21
2017-01-29T16:00:00.000,59,23,36
2017-01-29T17:00:00.000,62,32,30
2017-01-29T18:00:00.000,38,15,23
2017-01-29T19:00:00.000,44,2,42
2017-01-29T20:00:00.000,26,5,21
2017-01-29T21:00:00.000,13,6,7
2017-01-29T22:00:00.000,13,6,7
2017-01-29T23:00:00.000,8,1,7
2017-01-30T00:00:00.000,1,0,1
2017-01-30T01:00:00.000,2,0,2
2017-01-30T02:00:00.000,2,1,1
2017-01-30T03:00:00.000,2,1,1
2017-01-30T04:00:00.000,6,2,4
2017-01-30T05:00:00.000,32,19,13
2017-01-30T06:00:00.000,103,62,41
2017-01-30T07:00:00.000,306,206,100
2017-01-30T08:00:00.000,410,256,154
2017-01-30T09:00:00.000,189,102,87
2017-01-30T10:00:00.000,79,39,40
2017-01-30T11:00:00.000,50,28,22
2017-01-30T12:00:00.000,46,12,34
2017-01-30T13:00:00.000,60,26,34
2017-01-30T14:00:00.000,68,30,38
2017-01-30T15:00:00.000,103,39,64
2017-01-30T16:00:00.000,200,64,136
2017-01-30T17:00:00.000,454,100,354
2017-01-30T18:00:00.000,302,74,228
2017-01-30T19:00:00.000,114,28,86
2017-01-30T20:00:00.000,55,19,36
2017-01-30T21:00:00.000,37,9,28
2017-01-30T22:00:00.000,15,6,9
2017-01-30T23:00:00.000,9,5,4
2017-01-31T00:00:00.000,3,1,2
2017-01-31T01:00:00.000,2,1,1
2017-01-31T02:00:00.000,0,0,0
2017-01-31T03:00:00.000,1,1,0
2017-01-31T04:00:00.000,6,3,3
2017-01-31T05:00:00.000,33,17,16
2017-01-31T06:00:00.000,103,67,36
2017-01-31T07:00:00.000,304,195,109
2017-01-31T08:00:00.000,405,237,168
2017-01-31T09:00:00.000,198,98,100
2017-01-31T10:00:00.000,83,43,40
2017-01-31T11:00:00.000,47,24,23
2017-01-31T12:00:00.000,47,29,18
2017-01-31T13:00:00.000,51,24,27
2017-01-31T14:00:00.000,44,18,26
2017-01-31T15:00:00.000,110,52,58
2017-01-31T16:00:00.000,208,73,135
2017-01-31T17:00:00.000,434,93,341
2017-01-31T18:00:00.000,283,89,194
2017-01-31T19:00:00.000,116,27,89
2017-01-31T20:00:00.000,64,25,39
2017-01-31T21:00:00.000,32,19,13
2017-01-31T22:00:00.000,19,4,15
2017-01-31T23:00:00.000,15,6,9
2017-02-01T00:00:00.000,7,3,4
2017-02-01T01:00:00.000,0,0,0
2017-02-01T02:00:00.000,1,0,1
2017-02-01T03:00:00.000,1,0,1
2017-02-01T04:00:00.000,4,3,1
2017-02-01T05:00:00.000,28,18,10
2017-02-01T06:00:00.000,87,54,33
2017-02-01T07:00:00.000,244,154,90
2017-02-01T08:00:00.000,355,216,139
2017-02-01T09:00:00.000,201,106,95
2017-02-01T10:00:00.000,71,39,32
2017-02-01T11:00:00.000,48,24,24
2017-02-01T12:00:00.000,48,27,21
2017-02-01T13:00:00.000,56,29,27
2017-02-01T14:00:00.000,56,25,31
2017-02-01T15:00:00.000,120,58,62
2017-02-01T16:00:00.000,182,70,112
2017-02-01T17:00:00.000,365,85,280
2017-02-01T18:00:00.000,276,85,191
2017-02-01T19:00:00.000,113,32,81
2017-02-01T20:00:00.000,70,23,47
2017-02-01T21:00:00.000,41,15,26
2017-02-01T22:00:00.000,18,3,15
2017-02-01T23:00:00.000,14,8,6
2017-02-02T00:00:00.000,5,2,3
2017-02-02T01:00:00.000,2,2,0
2017-02-02T02:00:00.000,0,0,0
2017-02-02T03:00:00.000,1,1,0
2017-02-02T04:00:00.000,5,3,2
2017-02-02T05:00:00.000,34,21,13
2017-02-02T06:00:00.000,88,51,37
2017-02-02T07:00:00.000,216,136,80
2017-02-02T08:00:00.000,367,228,139
2017-02-02T09:00:00.000,194,106,88
2017-02-02T10:00:00.000,68,31,37
2017-02-02T11:00:00.000,54,27,27
2017-02-02T12:00:00.000,42,25,17
2017-02-02T13:00:00.000,51,32,19
2017-02-02T14:00:00.000,63,25,38
2017-02-02T15:00:00.000,91,40,51
2017-02-02T16:00:00.000,198,76,122
2017-02-02T17:00:00.000,365,91,274
2017-02-02T18:00:00.000,258,86,172
2017-02-02T19:00:00.000,114,28,86
2017-02-02T20:00:00.000,67,19,48
2017-02-02T21:00:00.000,43,16,27
2017-02-02T22:00:00.000,20,5,15
2017-02-02T23:00:00.000,8,5,3
2017-02-03T00:00:00.000,2,0,2
2017-02-03T01:00:00.000,3,1,2
2017-02-03T02:00:00.000,1,0,1
2017-02-03T03:00:00.000,0,0,0
2017-02-03T04:00:00.000,4,2,2
2017-02-03T05:00:00.000,21,12,9
2017-02-03T06:00:00.000,35,24,11
2017-02-03T07:00:00.000,93,61,32
2017-02-03T08:00:00.000,165,83,82
2017-02-03T09:00:00.000,113,63,50
2017-02-03T10:00:00.000,49,25,24
2017-02-03T11:00:00.000,33,15,18
2017-02-03T12:00:00.000,23,13,10
2017-02-03T13:00:00.000,16,7,9
2017-02-03T14:00:00.000,32,13,19
2017-02-03T15:00:00.000,36,18,18
2017-02-03T16:00:00.000,82,25,57
2017-02-03T17:00:00.000,176,39,137
2017-02-03T18:00:00.000,129,34,95
2017-02-03T19:00:00.000,46,16,30
2017-02-03T20:00:00.000,21,5,16
2017-02-03T21:00:00.000,16,2,14
2017-02-03T22:00:00.000,11,1,10
2017-02-03T23:00:00.000,14,6,8
2017-02-04T00:00:00.000,7,4,3
2017-02-04T01:00:00.000,0,0,0
2017-02-04T02:00:00.000,4,0,4
2017-02-04T03:00:00.000,1,0,1
2017-02-04T04:00:00.000,2,0,2
2017-02-04T05:00:00.000,4,3,1
2017-02-04T06:00:00.000,8,4,4
2017-02-04T07:00:00.000,7,3,4
2017-02-04T08:00:00.000,33,19,14
2017-02-04T09:00:00.000,26,15,11
2017-02-04T10:00:00.000,25,20,5
2017-02-04T11:00:00.000,33,23,10
2017-02-04T12:00:00.000,31,16,15
2017-02-04T13:00:00.000,20,12,8
2017-02-04T14:00:00.000,18,9,9
2017-02-04T15:00:00.000,24,13,11
2017-02-04T16:00:00.000,18,11,7
2017-02-04T17:00:00.000,28,15,13
2017-02-04T18:00:00.000,18,7,11
2017-02-04T19:00:00.000,20,12,8
2017-02-04T20:00:00.000,7,4,3
2017-02-04T21:00:00.000,10,3,7
2017-02-04T22:00:00.000,4,2,2
2017-02-04T23:00:00.000,5,3,2
2017-02-05T00:00:00.000,7,2,5
2017-02-05T01:00:00.000,1,0,1
2017-02-05T02:00:00.000,0,0,0
2017-02-05T03:00:00.000,0,0,0
2017-02-05T04:00:00.000,1,1,0
2017-02-05T05:00:00.000,2,1,1
2017-02-05T06:00:00.000,8,3,5
2017-02-05T07:00:00.000,13,10,3
2017-02-05T08:00:00.000,22,12,10
2017-02-05T09:00:00.000,28,18,10
2017-02-05T10:00:00.000,29,14,15
2017-02-05T11:00:00.000,24,16,8
2017-02-05T12:00:00.000,28,14,14
2017-02-05T13:00:00.000,21,11,10
2017-02-05T14:00:00.000,26,16,10
2017-02-05T15:00:00.000,16,8,8
2017-02-05T16:00:00.000,13,7,6
2017-02-05T17:00:00.000,14,7,7
2017-02-05T18:00:00.000,10,5,5
2017-02-05T19:00:00.000,11,4,7
2017-02-05T20:00:00.000,13,7,6
2017-02-05T21:00:00.000,2,1,1
2017-02-05T22:00:00.000,1,1,0
2017-02-05T23:00:00.000,2,1,1
2017-02-06T00:00:00.000,4,1,3
2017-02-06T01:00:00.000,1,1,0
2017-02-06T02:00:00.000,0,0,0
2017-02-06T03:00:00.000,0,0,0
2017-02-06T04:00:00.000,2,2,0
2017-02-06T05:00:00.000,4,2,2
2017-02-06T06:00:00.000,9,5,4
2017-02-06T07:00:00.000,22,9,13
2017-02-06T08:00:00.000,43,26,17
2017-02-06T09:00:00.000,29,12,17
2017-02-06T10:00:00.000,25,11,14
2017-02-06T11:00:00.000,11,3,8
2017-02-06T12:00:00.000,9,1,8
2017-02-06T13:00:00.000,14,6,8
2017-02-06T14:00:00.000,14,6,8
2017-02-06T15:00:00.000,20,10,10
2017-02-06T16:00:00.000,29,9,20
2017-02-06T17:00:00.000,61,17,44
2017-02-06T18:00:00.000,26,6,20
2017-02-06T19:00:00.000,17,3,14
2017-02-06T20:00:00.000,14,6,8
2017-02-06T21:00:00.000,8,5,3
2017-02-06T22:00:00.000,4,0,4
2017-02-06T23:00:00.000,2,2,0
2017-02-07T00:00:00.000,1,1,0
2017-02-07T01:00:00.000,1,0,1
2017-02-07T02:00:00.000,0,0,0
2017-02-07T03:00:00.000,0,0,0
2017-02-07T04:00:00.000,3,1,2
2017-02-07T05:00:00.000,18,9,9
2017-02-07T06:00:00.000,43,25,18
2017-02-07T07:00:00.000,119,71,48
2017-02-07T08:00:00.000,219,130,89
2017-02-07T09:00:00.000,113,62,51
2017-02-07T10:00:00.000,46,27,19
2017-02-07T11:00:00.000,28,16,12
2017-02-07T12:00:00.000,25,14,11
2017-02-07T13:00:00.000,36,14,22
2017-02-07T14:00:00.000,21,9,12
2017-02-07T15:00:00.000,56,17,39
2017-02-07T16:00:00.000,96,30,66
2017-02-07T17:00:00.000,249,61,188
2017-02-07T18:00:00.000,179,58,121
2017-02-07T19:00:00.000,66,20,46
2017-02-07T20:00:00.000,42,19,23
2017-02-07T21:00:00.000,26,9,17
2017-02-07T22:00:00.000,9,3,6
2017-02-07T23:00:00.000,7,1,6
2017-02-08T00:00:00.000,4,3,1
2017-02-08T01:00:00.000,1,0,1
2017-02-08T02:00:00.000,4,1,3
2017-02-08T03:00:00.000,1,0,1
2017-02-08T04:00:00.000,7,5,2
2017-02-08T05:00:00.000,23,17,6
2017-02-08T06:00:00.000,70,49,21
2017-02-08T07:00:00.000,152,101,51
2017-02-08T08:00:00.000,264,138,126
2017-02-08T09:00:00.000,117,59,58
2017-02-08T10:00:00.000,42,25,17
2017-02-08T11:00:00.000,24,10,14
2017-02-08T12:00:00.000,15,6,9
2017-02-08T13:00:00.000,24,14,10
2017-02-08T14:00:00.000,20,7,13
2017-02-08T15:00:00.000,45,16,29
2017-02-08T16:00:00.000,96,20,76
2017-02-08T17:00:00.000,238,57,181
2017-02-08T18:00:00.000,166,58,108
2017-02-08T19:00:00.000,70,18,52
2017-02-08T20:00:00.000,25,6,19
2017-02-08T21:00:00.000,12,4,8
2017-02-08T22:00:00.000,13,0,13
2017-02-08T23:00:00.000,3,2,1
2017-02-09T00:00:00.000,1,0,1
2017-02-09T01:00:00.000,1,1,0
2017-02-09T02:00:00.000,1,1,0
2017-02-09T03:00:00.000,1,1,0
2017-02-09T04:00:00.000,5,2,3
2017-02-09T05:00:00.000,17,9,8
2017-02-09T06:00:00.000,60,40,20
2017-02-09T07:00:00.000,136,92,44
2017-02-09T08:00:00.000,166,87,79
2017-02-09T09:00:00.000,97,46,51
2017-02-09T10:00:00.000,38,15,23
2017-02-09T11:00:00.000,29,11,18
2017-02-09T12:00:00.000,24,9,15
2017-02-09T13:00:00.000,14,10,4
2017-02-09T14:00:00.000,30,17,13
2017-02-09T15:00:00.000,43,18,25
2017-02-09T16:00:00.000,101,42,59
2017-02-09T17:00:00.000,207,57,150
2017-02-09T18:00:00.000,151,54,97
2017-02-09T19:00:00.000,58,15,43
2017-02-09T20:00:00.000,29,11,18
2017-02-09T21:00:00.000,22,10,12
2017-02-09T22:00:00.000,9,1,8
2017-02-09T23:00:00.000,6,1,5
2017-02-10T00:00:00.000,4,2,2
2017-02-10T01:00:00.000,1,0,1
2017-02-10T02:00:00.000,3,2,1
2017-02-10T03:00:00.000,1,1,0
2017-02-10T04:00:00.000,7,5,2
2017-02-10T05:00:00.000,23,11,12
2017-02-10T06:00:00.000,62,43,19
2017-02-10T07:00:00.000,183,123,60
2017-02-10T08:00:00.000,258,153,105
2017-02-10T09:00:00.000,146,71,75
2017-02-10T10:00:00.000,52,22,30
2017-02-10T11:00:00.000,38,18,20
2017-02-10T12:00:00.000,31,14,17
2017-02-10T13:00:00.000,34,21,13
2017-02-10T14:00:00.000,26,13,13
2017-02-10T15:00:00.000,66,25,41
2017-02-10T16:00:00.000,139,50,89
2017-02-10T17:00:00.000,296,75,221
2017-02-10T18:00:00.000,173,40,133
2017-02-10T19:00:00.000,76,20,56
2017-02-10T20:00:00.000,41,8,33
2017-02-10T21:00:00.000,16,7,9
2017-02-10T22:00:00.000,15,4,11
2017-02-10T23:00:00.000,16,8,8
2017-02-11T00:00:00.000,6,4,2
2017-02-11T01:00:00.000,3,3,0
2017-02-11T02:00:00.000,3,2,1
2017-02-11T03:00:00.000,1,0,1
2017-02-11T04:00:00.000,2,1,1
2017-02-11T05:00:00.000,3,3,0
2017-02-11T06:00:00.000,10,2,8
2017-02-11T07:00:00.000,17,8,9
2017-02-11T08:00:00.000,42,25,17
2017-02-11T09:00:00.000,53,27,26
2017-02-11T10:00:00.000,64,36,28
2017-02-11T11:00:00.000,86,52,34
2017-02-11T12:00:00.000,88,51,37
2017-02-11T13:00:00.000,99,55,44
2017-02-11T14:00:00.000,125,56,69
2017-02-11T15:00:00.000,109,46,63
2017-02-11T16:00:00.000,82,41,41
2017-02-11T17:00:00.000,72,37,35
2017-02-11T18:00:00.000,33,10,23
2017-02-11T19:00:00.000,31,11,20
2017-02-11T20:00:00.000,20,10,10
2017-02-11T21:00:00.000,37,6,31
2017-02-11T22:00:00.000,24,11,13
2017-02-11T23:00:00.000,13,5,8
2017-02-12T00:00:00.000,6,1,5
2017-02-12T01:00:00.000,7,3,4
2017-02-12T02:00:00.000,4,2,2
2017-02-12T03:00:00.000,2,2,0
2017-02-12T04:00:00.000,3,3,0
2017-02-12T05:00:00.000,0,0,0
2017-02-12T06:00:00.000,5,1,4
2017-02-12T07:00:00.000,16,11,5
2017-02-12T08:00:00.000,36,19,17
2017-02-12T09:00:00.000,43,23,20
2017-02-12T10:00:00.000,74,44,30
2017-02-12T11:00:00.000,84,46,38
2017-02-12T12:00:00.000,118,67,51
2017-02-12T13:00:00.000,127,68,59
2017-02-12T14:00:00.000,191,102,89
2017-02-12T15:00:00.000,162,75,87
2017-02-12T16:00:00.000,155,76,79
2017-02-12T17:00:00.000,67,36,31
2017-02-12T18:00:00.000,41,14,27
2017-02-12T19:00:00.000,38,14,24
2017-02-12T20:00:00.000,23,5,18
2017-02-12T21:00:00.000,13,7,6
2017-02-12T22:00:00.000,11,7,4
2017-02-12T23:00:00.000,5,2,3
2017-02-13T00:00:00.000,2,0,2
2017-02-13T01:00:00.000,3,0,3
2017-02-13T02:00:00.000,0,0,0
2017-02-13T03:00:00.000,0,0,0
2017-02-13T04:00:00.000,4,3,1
2017-02-13T05:00:00.000,29,20,9
2017-02-13T06:00:00.000,112,67,45
2017-02-13T07:00:00.000,290,186,104
2017-02-13T08:00:00.000,436,250,186
2017-02-13T09:00:00.000,233,131,102
2017-02-13T10:00:00.000,112,57,55
2017-02-13T11:00:00.000,57,28,29
2017-02-13T12:00:00.000,67,24,43
2017-02-13T13:00:00.000,81,42,39
2017-02-13T14:00:00.000,95,44,51
2017-02-13T15:00:00.000,137,57,80
2017-02-13T16:00:00.000,242,85,157
2017-02-13T17:00:00.000,535,118,417
2017-02-13T18:00:00.000,331,116,215
2017-02-13T19:00:00.000,134,45,89
2017-02-13T20:00:00.000,64,23,41
2017-02-13T21:00:00.000,34,10,24
2017-02-13T22:00:00.000,21,11,10
2017-02-13T23:00:00.000,8,3,5
2017-02-14T00:00:00.000,5,2,3
2017-02-14T01:00:00.000,5,2,3
2017-02-14T02:00:00.000,5,3,2
2017-02-14T03:00:00.000,2,1,1
2017-02-14T04:00:00.000,4,3,1
2017-02-14T05:00:00.000,32,18,14
2017-02-14T06:00:00.000,124,80,44
2017-02-14T07:00:00.000,346,218,128
2017-02-14T08:00:00.000,449,274,175
2017-02-14T09:00:00.000,202,108,94
2017-02-14T10:00:00.000,86,35,51
2017-02-14T11:00:00.000,56,32,24
2017-02-14T12:00:00.000,64,35,29
2017-02-14T13:00:00.000,64,33,31
2017-02-14T14:00:00.000,74,29,45
2017-02-14T15:00:00.000,120,43,77
2017-02-14T16:00:00.000,261,75,186
2017-02-14T17:00:00.000,525,120,405
2017-02-14T18:00:00.000,266,71,195
2017-02-14T19:00:00.000,122,39,83
2017-02-14T20:00:00.000,47,21,26
2017-02-14T21:00:00.000,32,18,14
2017-02-14T22:00:00.000,12,3,9
2017-02-14T23:00:00.000,1,0,1
2017-02-15T00:00:00.000,4,3,1
2017-02-15T01:00:00.000,3,1,2
2017-02-15T02:00:00.000,0,0,0
2017-02-15T03:00:00.000,2,0,2
2017-02-15T04:00:00.000,2,1,1
2017-02-15T05:00:00.000,18,8,10
2017-02-15T06:00:00.000,60,45,15
2017-02-15T07:00:00.000,188,117,71
2017-02-15T08:00:00.000,262,152,110
2017-02-15T09:00:00.000,147,68,79
2017-02-15T10:00:00.000,49,25,24
2017-02-15T11:00:00.000,23,13,10
2017-02-15T12:00:00.000,12,7,5
2017-02-15T13:00:00.000,22,9,13
2017-02-15T14:00:00.000,17,2,15
2017-02-15T15:00:00.000,47,22,25
2017-02-15T16:00:00.000,99,29,70
2017-02-15T17:00:00.000,272,54,218
2017-02-15T18:00:00.000,181,48,133
2017-02-15T19:00:00.000,76,16,60
2017-02-15T20:00:00.000,43,14,29
2017-02-15T21:00:00.000,15,5,10
2017-02-15T22:00:00.000,16,6,10
2017-02-15T23:00:00.000,3,1,2
2017-02-16T00:00:00.000,1,0,1
2017-02-16T01:00:00.000,1,0,1
2017-02-16T02:00:00.000,3,2,1
2017-02-16T03:00:00.000,2,1,1
2017-02-16T04:00:00.000,5,4,1
2017-02-16T05:00:00.000,18,11,7
2017-02-16T06:00:00.000,96,56,40
2017-02-16T07:00:00.000,241,150,91
2017-02-16T08:00:00.000,326,201,125
2017-02-16T09:00:00.000,180,102,78
2017-02-16T10:00:00.000,72,39,33
2017-02-16T11:00:00.000,58,31,27
2017-02-16T12:00:00.000,56,29,27
2017-02-16T13:00:00.000,55,27,28
2017-02-16T14:00:00.000,58,26,32
2017-02-16T15:00:00.000,86,37,49
2017-02-16T16:00:00.000,176,56,120
2017-02-16T17:00:00.000,391,94,297
2017-02-16T18:00:00.000,252,75,177
2017-02-16T19:00:00.000,99,35,64
2017-02-16T20:00:00.000,65,15,50
2017-02-16T21:00:00.000,37,12,25
2017-02-16T22:00:00.000,15,5,10
2017-02-16T23:00:00.000,15,5,10
2017-02-17T00:00:00.000,11,6,5
2017-02-17T01:00:00.000,2,2,0
2017-02-17T02:00:00.000,2,0,2
2017-02-17T03:00:00.000,3,2,1
2017-02-17T04:00:00.000,8,5,3
2017-02-17T05:00:00.000,17,8,9
2017-02-17T06:00:00.000,92,53,39
2017-02-17T07:00:00.000,260,168,92
2017-02-17T08:00:00.000,347,203,144
2017-02-17T09:00:00.000,205,115,90
2017-02-17T10:00:00.000,71,31,40
2017-02-17T11:00:00.000,68,39,29
2017-02-17T12:00:00.000,92,49,43
2017-02-17T13:00:00.000,71,28,43
2017-02-17T14:00:00.000,86,42,44
2017-02-17T15:00:00.000,175,77,98
2017-02-17T16:00:00.000,263,94,169
2017-02-17T17:00:00.000,411,122,289
2017-02-17T18:00:00.000,232,64,168
2017-02-17T19:00:00.000,80,28,52
2017-02-17T20:00:00.000,46,11,35
2017-02-17T21:00:00.000,31,13,18
2017-02-17T22:00:00.000,24,7,17
2017-02-17T23:00:00.000,22,10,12
2017-02-18T00:00:00.000,10,3,7
2017-02-18T01:00:00.000,5,2,3
2017-02-18T02:00:00.000,0,0,0
2017-02-18T03:00:00.000,0,0,0
2017-02-18T04:00:00.000,6,5,1
2017-02-18T05:00:00.000,3,2,1
2017-02-18T06:00:00.000,7,3,4
2017-02-18T07:00:00.000,15,9,6
2017-02-18T08:00:00.000,42,26,16
2017-02-18T09:00:00.000,47,20,27
2017-02-18T10:00:00.000,56,31,25
2017-02-18T11:00:00.000,35,16,19
2017-02-18T12:00:00.000,48,17,31
2017-02-18T13:00:00.000,34,13,21
2017-02-18T14:00:00.000,44,24,20
2017-02-18T15:00:00.000,38,23,15
2017-02-18T16:00:00.000,37,20,17
2017-02-18T17:00:00.000,33,14,19
2017-02-18T18:00:00.000,38,19,19
2017-02-18T19:00:00.000,17,3,14
2017-02-18T20:00:00.000,10,6,4
2017-02-18T21:00:00.000,15,7,8
2017-02-18T22:00:00.000,13,4,9
2017-02-18T23:00:00.000,6,1,5
2017-02-19T00:00:00.000,10,5,5
2017-02-19T01:00:00.000,3,1,2
2017-02-19T02:00:00.000,3,0,3
2017-02-19T03:00:00.000,2,1,1
2017-02-19T04:00:00.000,3,1,2
2017-02-19T05:00:00.000,1,0,1
2017-02-19T06:00:00.000,5,2,3
2017-02-19T07:00:00.000,3,2,1
2017-02-19T08:00:00.000,20,11,9
2017-02-19T09:00:00.000,27,11,16
2017-02-19T10:00:00.000,56,28,28
2017-02-19T11:00:00.000,71,39,32
2017-02-19T12:00:00.000,91,40,51
2017-02-19T13:00:00.000,61,31,30
2017-02-19T14:00:00.000,44,22,22
2017-02-19T15:00:00.000,40,13,27
2017-02-19T16:00:00.000,33,16,17
2017-02-19T17:00:00.000,27,15,12
2017-02-19T18:00:00.000,17,11,6
2017-02-19T19:00:00.000,21,6,15
2017-02-19T20:00:00.000,6,2,4
2017-02-19T21:00:00.000,7,4,3
2017-02-19T22:00:00.000,7,3,4
2017-02-19T23:00:00.000,6,5,1
2017-02-20T00:00:00.000,2,2,0
2017-02-20T01:00:00.000,4,0,4
2017-02-20T02:00:00.000,4,1,3
2017-02-20T03:00:00.000,1,1,0
2017-02-20T04:00:00.000,3,2,1
2017-02-20T05:00:00.000,20,15,5
2017-02-20T06:00:00.000,30,22,8
2017-02-20T07:00:00.000,91,53,38
2017-02-20T08:00:00.000,145,83,62
2017-02-20T09:00:00.000,81,39,42
2017-02-20T10:00:00.000,37,25,12
2017-02-20T11:00:00.000,28,12,16
2017-02-20T12:00:00.000,28,13,15
2017-02-20T13:00:00.000,25,10,15
2017-02-20T14:00:00.000,21,8,13
2017-02-20T15:00:00.000,25,11,14
2017-02-20T16:00:00.000,59,22,37
2017-02-20T17:00:00.000,146,26,120
2017-02-20T18:00:00.000,110,18,92
2017-02-20T19:00:00.000,54,19,35
2017-02-20T20:00:00.000,23,8,15
2017-02-20T21:00:00.000,14,6,8
2017-02-20T22:00:00.000,10,3,7
2017-02-20T23:00:00.000,8,2,6
2017-02-21T00:00:00.000,6,5,1
2017-02-21T01:00:00.000,2,0,2
2017-02-21T02:00:00.000,4,4,0
2017-02-21T03:00:00.000,3,2,1
2017-02-21T04:00:00.000,3,1,2
2017-02-21T05:00:00.000,27,17,10
2017-02-21T06:00:00.000,92,60,32
2017-02-21T07:00:00.000,208,116,92
2017-02-21T08:00:00.000,282,171,111
2017-02-21T09:00:00.000,147,71,76
2017-02-21T10:00:00.000,61,28,33
2017-02-21T11:00:00.000,38,25,13
2017-02-21T12:00:00.000,38,10,28
2017-02-21T13:00:00.000,43,21,22
2017-02-21T14:00:00.000,40,24,16
2017-02-21T15:00:00.000,64,22,42
2017-02-21T16:00:00.000,157,58,99
2017-02-21T17:00:00.000,335,73,262
2017-02-21T18:00:00.000,224,54,170
2017-02-21T19:00:00.000,87,30,57
2017-02-21T20:00:00.000,38,12,26
2017-02-21T21:00:00.000,22,9,13
2017-02-21T22:00:00.000,10,2,8
2017-02-21T23:00:00.000,6,2,4
2017-02-22T00:00:00.000,2,2,0
2017-02-22T01:00:00.000,1,1,0
2017-02-22T02:00:00.000,0,0,0
2017-02-22T03:00:00.000,3,2,1
2017-02-22T04:00:00.000,6,4,2
2017-02-22T05:00:00.000,28,19,9
2017-02-22T06:00:00.000,84,52,32
2017-02-22T07:00:00.000,213,134,79
2017-02-22T08:00:00.000,322,182,140
2017-02-22T09:00:00.000,142,75,67
2017-02-22T10:00:00.000,63,26,37
2017-02-22T11:00:00.000,32,12,20
2017-02-22T12:00:00.000,39,21,18
2017-02-22T13:00:00.000,49,22,27
2017-02-22T14:00:00.000,66,38,28
2017-02-22T15:00:00.000,102,43,59
2017-02-22T16:00:00.000,192,69,123
2017-02-22T17:00:00.000,374,97,277
2017-02-22T18:00:00.000,208,57,151
2017-02-22T19:00:00.000,125,36,89
2017-02-22T20:00:00.000,50,18,32
2017-02-22T21:00:00.000,38,13,25
2017-02-22T22:00:00.000,24,12,12
2017-02-22T23:00:00.000,13,7,6
2017-02-23T00:00:00.000,7,1,6
2017-02-23T01:00:00.000,2,1,1
2017-02-23T02:00:00.000,1,0,1
2017-02-23T03:00:00.000,3,1,2
2017-02-23T04:00:00.000,7,4,3
2017-02-23T05:00:00.000,31,17,14
2017-02-23T06:00:00.000,97,62,35
2017-02-23T07:00:00.000,216,131,85
2017-02-23T08:00:00.000,306,177,129
2017-02-23T09:00:00.000,159,70,89
2017-02-23T10:00:00.000,70,25,45
2017-02-23T11:00:00.000,53,34,19
2017-02-23T12:00:00.000,49,21,28
2017-02-23T13:00:00.000,55,25,30
2017-02-23T14:00:00.000,47,22,25
2017-02-23T15:00:00.000,74,26,48
2017-02-23T16:00:00.000,152,36,116
2017-02-23T17:00:00.000,346,77,269
2017-02-23T18:00:00.000,218,62,156
2017-02-23T19:00:00.000,95,39,56
2017-02-23T20:00:00.000,65,22,43
2017-02-23T21:00:00.000,35,7,28
2017-02-23T22:00:00.000,20,7,13
2017-02-23T23:00:00.000,9,4,5
2017-02-24T00:00:00.000,4,2,2
2017-02-24T01:00:00.000,3,1,2
2017-02-24T02:00:00.000,3,2,1
2017-02-24T03:00:00.000,2,1,1
2017-02-24T04:00:00.000,6,4,2
2017-02-24T05:00:00.000,19,11,8
2017-02-24T06:00:00.000,62,35,27
2017-02-24T07:00:00.000,168,102,66
2017-02-24T08:00:00.000,252,141,111
2017-02-24T09:00:00.000,133,67,66
2017-02-24T10:00:00.000,65,35,30
2017-02-24T11:00:00.000,43,19,24
2017-02-24T12:00:00.000,38,20,18
2017-02-24T13:00:00.000,50,24,26
2017-02-24T14:00:00.000,52,29,23
2017-02-24T15:00:00.000,116,55,61
2017-02-24T16:00:00.000,196,72,124
2017-02-24T17:00:00.000,282,86,196
2017-02-24T18:00:00.000,185,63,122
2017-02-24T19:00:00.000,74,22,52
2017-02-24T20:00:00.000,45,13,32
2017-02-24T21:00:00.000,35,15,20
2017-02-24T22:00:00.000,17,9,8
2017-02-24T23:00:00.000,10,4,6
2017-02-25T00:00:00.000,8,2,6
2017-02-25T01:00:00.000,6,3,3
2017-02-25T02:00:00.000,1,1,0
2017-02-25T03:00:00.000,1,0,1
2017-02-25T04:00:00.000,1,0,1
2017-02-25T05:00:00.000,11,7,4
2017-02-25T06:00:00.000,6,4,2
2017-02-25T07:00:00.000,22,12,10
2017-02-25T08:00:00.000,47,26,21
2017-02-25T09:00:00.000,80,49,31
2017-02-25T10:00:00.000,75,36,39
2017-02-25T11:00:00.000,85,43,42
2017-02-25T12:00:00.000,99,52,47
2017-02-25T13:00:00.000,95,42,53
2017-02-25T14:00:00.000,111,55,56
2017-02-25T15:00:00.000,100,42,58
2017-02-25T16:00:00.000,70,40,30
2017-02-25T17:00:00.000,56,18,38
2017-02-25T18:00:00.000,30,14,16
2017-02-25T19:00:00.000,25,11,14
2017-02-25T20:00:00.000,22,8,14
2017-02-25T21:00:00.000,13,5,8
2017-02-25T22:00:00.000,10,4,6
2017-02-25T23:00:00.000,7,3,4
2017-02-26T00:00:00.000,8,4,4
2017-02-26T01:00:00.000,6,2,4
2017-02-26T02:00:00.000,2,1,1
2017-02-26T03:00:00.000,0,0,0
2017-02-26T04:00:00.000,2,1,1
2017-02-26T05:00:00.000,3,2,1
2017-02-26T06:00:00.000,12,9,3
2017-02-26T07:00:00.000,35,24,11
2017-02-26T08:00:00.000,38,29,9
2017-02-26T09:00:00.000,24,13,11
2017-02-26T10:00:00.000,27,16,11
2017-02-26T11:00:00.000,21,12,9
2017-02-26T12:00:00.000,34,13,21
2017-02-26T13:00:00.000,34,18,16
2017-02-26T14:00:00.000,38,15,23
2017-02-26T15:00:00.000,34,15,19
2017-02-26T16:00:00.000,47,23,24
2017-02-26T17:00:00.000,31,18,13
2017-02-26T18:00:00.000,30,15,15
2017-02-26T19:00:00.000,16,5,11
2017-02-26T20:00:00.000,14,4,10
2017-02-26T21:00:00.000,9,2,7
2017-02-26T22:00:00.000,6,2,4
2017-02-26T23:00:00.000,3,1,2
2017-02-27T00:00:00.000,5,4,1
2017-02-27T01:00:00.000,1,0,1
2017-02-27T02:00:00.000,0,0,0
2017-02-27T03:00:00.000,1,1,0
2017-02-27T04:00:00.000,4,4,0
2017-02-27T05:00:00.000,21,12,9
2017-02-27T06:00:00.000,51,29,22
2017-02-27T07:00:00.000,85,50,35
2017-02-27T08:00:00.000,161,80,81
2017-02-27T09:00:00.000,84,45,39
2017-02-27T10:00:00.000,31,12,19
2017-02-27T11:00:00.000,25,13,12
2017-02-27T12:00:00.000,23,9,14
2017-02-27T13:00:00.000,27,15,12
2017-02-27T14:00:00.000,27,12,15
2017-02-27T15:00:00.000,43,23,20
2017-02-27T16:00:00.000,82,28,54
2017-02-27T17:00:00.000,177,38,139
2017-02-27T18:00:00.000,104,35,69
2017-02-27T19:00:00.000,42,18,24
2017-02-27T20:00:00.000,22,6,16
2017-02-27T21:00:00.000,14,3,11
2017-02-27T22:00:00.000,14,7,7
2017-02-27T23:00:00.000,3,1,2
2017-02-28T00:00:00.000,2,2,0
2017-02-28T01:00:00.000,1,0,1
2017-02-28T02:00:00.000,0,0,0
2017-02-28T03:00:00.000,1,1,0
2017-02-28T04:00:00.000,3,2,1
2017-02-28T05:00:00.000,23,12,11
2017-02-28T06:00:00.000,76,56,20
2017-02-28T07:00:00.000,175,98,77
2017-02-28T08:00:00.000,272,161,111
2017-02-28T09:00:00.000,165,81,84
2017-02-28T10:00:00.000,63,30,33
2017-02-28T11:00:00.000,36,23,13
2017-02-28T12:00:00.000,44,16,28
2017-02-28T13:00:00.000,58,30,28
2017-02-28T14:00:00.000,44,15,29
2017-02-28T15:00:00.000,89,47,42
2017-02-28T16:00:00.000,163,52,111
2017-02-28T17:00:00.000,331,85,246
2017-02-28T18:00:00.000,208,68,140
2017-02-28T19:00:00.000,95,23,72
2017-02-28T20:00:00.000,60,21,39
2017-02-28T21:00:00.000,30,9,21
2017-02-28T22:00:00.000,12,7,5
2017-02-28T23:00:00.000,7,6,1
2017-03-01T00:00:00.000,3,1,2
2017-03-01T01:00:00.000,4,2,2
2017-03-01T02:00:00.000,2,1,1
2017-03-01T03:00:00.000,1,1,0
2017-03-01T04:00:00.000,6,3,3
2017-03-01T05:00:00.000,24,13,11
2017-03-01T06:00:00.000,96,63,33
2017-03-01T07:00:00.000,247,153,94
2017-03-01T08:00:00.000,339,194,145
2017-03-01T09:00:00.000,181,87,94
2017-03-01T10:00:00.000,70,36,34
2017-03-01T11:00:00.000,37,19,18
2017-03-01T12:00:00.000,44,29,15
2017-03-01T13:00:00.000,53,29,24
2017-03-01T14:00:00.000,59,19,40
2017-03-01T15:00:00.000,78,41,37
2017-03-01T16:00:00.000,160,45,115
2017-03-01T17:00:00.000,406,102,304
2017-03-01T18:00:00.000,265,97,168
2017-03-01T19:00:00.000,117,36,81
2017-03-01T20:00:00.000,75,27,48
2017-03-01T21:00:00.000,45,11,34
2017-03-01T22:00:00.000,28,11,17
2017-03-01T23:00:00.000,20,9,11
2017-03-02T00:00:00.000,2,1,1
2017-03-02T01:00:00.000,2,2,0
2017-03-02T02:00:00.000,2,1,1
2017-03-02T03:00:00.000,1,0,1
2017-03-02T04:00:00.000,9,6,3
2017-03-02T05:00:00.000,27,18,9
2017-03-02T06:00:00.000,83,50,33
2017-03-02T07:00:00.000,255,146,109
2017-03-02T08:00:00.000,351,194,157
2017-03-02T09:00:00.000,177,98,79
2017-03-02T10:00:00.000,74,40,34
2017-03-02T11:00:00.000,43,17,26
2017-03-02T12:00:00.000,40,23,17
2017-03-02T13:00:00.000,35,17,18
2017-03-02T14:00:00.000,45,19,26
2017-03-02T15:00:00.000,69,33,36
2017-03-02T16:00:00.000,186,49,137
2017-03-02T17:00:00.000,334,81,253
2017-03-02T18:00:00.000,241,76,165
2017-03-02T19:00:00.000,85,23,62
2017-03-02T20:00:00.000,68,12,56
2017-03-02T21:00:00.000,38,12,26
2017-03-02T22:00:00.000,21,6,15
2017-03-02T23:00:00.000,10,4,6
2017-03-03T00:00:00.000,9,3,6
2017-03-03T01:00:00.000,4,2,2
2017-03-03T02:00:00.000,0,0,0
2017-03-03T03:00:00.000,0,0,0
2017-03-03T04:00:00.000,3,2,1
2017-03-03T05:00:00.000,20,11,9
2017-03-03T06:00:00.000,63,38,25
2017-03-03T07:00:00.000,158,93,65
2017-03-03T08:00:00.000,269,154,115
2017-03-03T09:00:00.000,114,58,56
2017-03-03T10:00:00.000,51,22,29
2017-03-03T11:00:00.000,30,14,16
2017-03-03T12:00:00.000,29,13,16
2017-03-03T13:00:00.000,41,15,26
2017-03-03T14:00:00.000,43,17,26
2017-03-03T15:00:00.000,57,22,35
2017-03-03T16:00:00.000,113,32,81
2017-03-03T17:00:00.000,248,54,194
2017-03-03T18:00:00.000,159,55,104
2017-03-03T19:00:00.000,77,22,55
2017-03-03T20:00:00.000,26,7,19
2017-03-03T21:00:00.000,19,8,11
2017-03-03T22:00:00.000,18,5,13
2017-03-03T23:00:00.000,12,5,7
2017-03-04T00:00:00.000,7,2,5
2017-03-04T01:00:00.000,4,3,1
2017-03-04T02:00:00.000,0,0,0
2017-03-04T03:00:00.000,0,0,0
2017-03-04T04:00:00.000,4,1,3
2017-03-04T05:00:00.000,8,3,5
2017-03-04T06:00:00.000,9,3,6
2017-03-04T07:00:00.000,24,8,16
2017-03-04T08:00:00.000,49,26,23
2017-03-04T09:00:00.000,75,46,29
2017-03-04T10:00:00.000,91,32,59
2017-03-04T11:00:00.000,101,54,47
2017-03-04T12:00:00.000,124,68,56
2017-03-04T13:00:00.000,95,52,43
2017-03-04T14:00:00.000,122,53,69
2017-03-04T15:00:00.000,106,54,52
2017-03-04T16:00:00.000,82,46,36
2017-03-04T17:00:00.000,66,32,34
2017-03-04T18:00:00.000,52,27,25
2017-03-04T19:00:00.000,35,8,27
2017-03-04T20:00:00.000,22,10,12
2017-03-04T21:00:00.000,20,14,6
2017-03-04T22:00:00.000,17,10,7
2017-03-04T23:00:00.000,12,4,8
2017-03-05T00:00:00.000,7,5,2
2017-03-05T01:00:00.000,6,4,2
2017-03-05T02:00:00.000,2,0,2
2017-03-05T03:00:00.000,1,0,1
2017-03-05T04:00:00.000,0,0,0
2017-03-05T05:00:00.000,6,5,1
2017-03-05T06:00:00.000,8,2,6
2017-03-05T07:00:00.000,24,10,14
2017-03-05T08:00:00.000,36,21,15
2017-03-05T09:00:00.000,58,34,24
2017-03-05T10:00:00.000,74,34,40
2017-03-05T11:00:00.000,72,35,37
2017-03-05T12:00:00.000,60,30,30
2017-03-05T13:00:00.000,38,23,15
2017-03-05T14:00:00.000,50,20,30
2017-03-05T15:00:00.000,54,20,34
2017-03-05T16:00:00.000,38,23,15
2017-03-05T17:00:00.000,44,17,27
2017-03-05T18:00:00.000,21,11,10
2017-03-05T19:00:00.000,22,9,13
2017-03-05T20:00:00.000,28,8,20
2017-03-05T21:00:00.000,11,3,8
2017-03-05T22:00:00.000,5,3,2
2017-03-05T23:00:00.000,10,2,8
2017-03-06T00:00:00.000,4,4,0
2017-03-06T01:00:00.000,3,1,2
2017-03-06T02:00:00.000,1,1,0
2017-03-06T03:00:00.000,3,0,3
2017-03-06T04:00:00.000,6,5,1
2017-03-06T05:00:00.000,26,15,11
2017-03-06T06:00:00.000,105,58,47
2017-03-06T07:00:00.000,240,155,85
2017-03-06T08:00:00.000,370,206,164
2017-03-06T09:00:00.000,177,102,75
2017-03-06T10:00:00.000,61,25,36
2017-03-06T11:00:00.000,40,18,22
2017-03-06T12:00:00.000,37,15,22
2017-03-06T13:00:00.000,46,25,21
2017-03-06T14:00:00.000,51,20,31
2017-03-06T15:00:00.000,77,31,46
2017-03-06T16:00:00.000,173,56,117
2017-03-06T17:00:00.000,422,96,326
2017-03-06T18:00:00.000,296,95,201
2017-03-06T19:00:00.000,105,34,71
2017-03-06T20:00:00.000,49,18,31
2017-03-06T21:00:00.000,32,10,22
2017-03-06T22:00:00.000,15,6,9
2017-03-06T23:00:00.000,6,4,2
2017-03-07T00:00:00.000,6,4,2
2017-03-07T01:00:00.000,3,2,1
2017-03-07T02:00:00.000,1,0,1
2017-03-07T03:00:00.000,5,2,3
2017-03-07T04:00:00.000,8,5,3
2017-03-07T05:00:00.000,29,15,14
2017-03-07T06:00:00.000,86,51,35
2017-03-07T07:00:00.000,218,135,83
2017-03-07T08:00:00.000,252,147,105
2017-03-07T09:00:00.000,134,75,59
2017-03-07T10:00:00.000,30,11,19
2017-03-07T11:00:00.000,29,13,16
2017-03-07T12:00:00.000,30,14,16
2017-03-07T13:00:00.000,19,7,12
2017-03-07T14:00:00.000,29,13,16
2017-03-07T15:00:00.000,49,20,29
2017-03-07T16:00:00.000,125,33,92
2017-03-07T17:00:00.000,294,62,232
2017-03-07T18:00:00.000,206,59,147
2017-03-07T19:00:00.000,92,27,65
2017-03-07T20:00:00.000,40,15,25
2017-03-07T21:00:00.000,19,7,12
2017-03-07T22:00:00.000,16,3,13
2017-03-07T23:00:00.000,7,3,4
2017-03-08T00:00:00.000,1,0,1
2017-03-08T01:00:00.000,3,3,0
2017-03-08T02:00:00.000,1,0,1
2017-03-08T03:00:00.000,1,0,1
2017-03-08T04:00:00.000,7,6,1
2017-03-08T05:00:00.000,21,11,10
2017-03-08T06:00:00.000,106,64,42
2017-03-08T07:00:00.000,249,153,96
2017-03-08T08:00:00.000,325,192,133
2017-03-08T09:00:00.000,171,88,83
2017-03-08T10:00:00.000,86,50,36
2017-03-08T11:00:00.000,46,23,23
2017-03-08T12:00:00.000,45,25,20
2017-03-08T13:00:00.000,51,25,26
2017-03-08T14:00:00.000,44,29,15
2017-03-08T15:00:00.000,85,42,43
2017-03-08T16:00:00.000,167,44,123
2017-03-08T17:00:00.000,362,85,277
2017-03-08T18:00:00.000,229,64,165
2017-03-08T19:00:00.000,87,19,68
2017-03-08T20:00:00.000,48,14,34
2017-03-08T21:00:00.000,25,8,17
2017-03-08T22:00:00.000,20,8,12
2017-03-08T23:00:00.000,8,2,6
2017-03-09T00:00:00.000,12,6,6
2017-03-09T01:00:00.000,2,1,1
2017-03-09T02:00:00.000,0,0,0
2017-03-09T03:00:00.000,2,1,1
2017-03-09T04:00:00.000,5,3,2
2017-03-09T05:00:00.000,25,14,11
2017-03-09T06:00:00.000,76,48,28
2017-03-09T07:00:00.000,202,131,71
2017-03-09T08:00:00.000,282,153,129
2017-03-09T09:00:00.000,146,75,71
2017-03-09T10:00:00.000,61,32,29
2017-03-09T11:00:00.000,30,11,19
2017-03-09T12:00:00.000,23,14,9
2017-03-09T13:00:00.000,32,18,14
2017-03-09T14:00:00.000,21,11,10
2017-03-09T15:00:00.000,37,11,26
2017-03-09T16:00:00.000,123,28,95
2017-03-09T17:00:00.000,295,60,235
2017-03-09T18:00:00.000,188,43,145
2017-03-09T19:00:00.000,85,21,64
2017-03-09T20:00:00.000,51,9,42
2017-03-09T21:00:00.000,21,7,14
2017-03-09T22:00:00.000,20,4,16
2017-03-09T23:00:00.000,9,5,4
2017-03-10T00:00:00.000,7,2,5
2017-03-10T01:00:00.000,2,1,1
2017-03-10T02:00:00.000,2,1,1
2017-03-10T03:00:00.000,2,0,2
2017-03-10T04:00:00.000,8,5,3
2017-03-10T05:00:00.000,21,12,9
2017-03-10T06:00:00.000,51,29,22
2017-03-10T07:00:00.000,158,91,67
2017-03-10T08:00:00.000,257,141,116
2017-03-10T09:00:00.000,156,76,80
2017-03-10T10:00:00.000,60,35,25
2017-03-10T11:00:00.000,44,23,21
2017-03-10T12:00:00.000,46,19,27
2017-03-10T13:00:00.000,55,25,30
2017-03-10T14:00:00.000,48,26,22
2017-03-10T15:00:00.000,121,54,67
2017-03-10T16:00:00.000,188,74,114
2017-03-10T17:00:00.000,336,98,238
2017-03-10T18:00:00.000,227,74,153
2017-03-10T19:00:00.000,79,28,51
2017-03-10T20:00:00.000,33,11,22
2017-03-10T21:00:00.000,31,9,22
2017-03-10T22:00:00.000,25,8,17
2017-03-10T23:00:00.000,14,10,4
2017-03-11T00:00:00.000,12,2,10
2017-03-11T01:00:00.000,15,7,8
2017-03-11T02:00:00.000,1,1,0
2017-03-11T03:00:00.000,4,1,3
2017-03-11T04:00:00.000,2,1,1
2017-03-11T05:00:00.000,4,2,2
2017-03-11T06:00:00.000,15,9,6
2017-03-11T07:00:00.000,26,12,14
2017-03-11T08:00:00.000,53,28,25
2017-03-11T09:00:00.000,42,23,19
2017-03-11T10:00:00.000,21,17,4
2017-03-11T11:00:00.000,23,15,8
2017-03-11T12:00:00.000,16,6,10
2017-03-11T13:00:00.000,21,12,9
2017-03-11T14:00:00.000,26,15,11
2017-03-11T15:00:00.000,42,27,15
2017-03-11T16:00:00.000,33,15,18
2017-03-11T17:00:00.000,29,12,17
2017-03-11T18:00:00.000,30,14,16
2017-03-11T19:00:00.000,15,6,9
2017-03-11T20:00:00.000,13,4,9
2017-03-11T21:00:00.000,9,1,8
2017-03-11T22:00:00.000,10,5,5
2017-03-11T23:00:00.000,12,3,9
2017-03-12T00:00:00.000,5,2,3
2017-03-12T01:00:00.000,2,2,0
2017-03-12T02:00:00.000,,,
2017-03-12T03:00:00.000,2,1,1
2017-03-12T04:00:00.000,1,0,1
2017-03-12T05:00:00.000,2,2,0
2017-03-12T06:00:00.000,5,3,2
2017-03-12T07:00:00.000,6,3,3
2017-03-12T08:00:00.000,28,11,17
2017-03-12T09:00:00.000,37,20,17
2017-03-12T10:00:00.000,46,23,23
2017-03-12T11:00:00.000,66,41,25
2017-03-12T12:00:00.000,76,44,32
2017-03-12T13:00:00.000,65,33,32
2017-03-12T14:00:00.000,60,30,30
2017-03-12T15:00:00.000,61,34,27
2017-03-12T16:00:00.000,67,39,28
2017-03-12T17:00:00.000,57,33,24
2017-03-12T18:00:00.000,55,32,23
2017-03-12T19:00:00.000,24,12,12
2017-03-12T20:00:00.000,33,22,11
2017-03-12T21:00:00.000,14,10,4
2017-03-12T22:00:00.000,12,9,3
2017-03-12T23:00:00.000,12,4,8
2017-03-13T00:00:00.000,4,0,4
2017-03-13T01:00:00.000,4,0,4
2017-03-13T02:00:00.000,4,3,1
2017-03-13T03:00:00.000,3,1,2
2017-03-13T04:00:00.000,6,2,4
2017-03-13T05:00:00.000,24,13,11
2017-03-13T06:00:00.000,84,52,32
2017-03-13T07:00:00.000,182,117,65
2017-03-13T08:00:00.000,296,171,125
2017-03-13T09:00:00.000,167,89,78
2017-03-13T10:00:00.000,70,33,37
2017-03-13T11:00:00.000,26,9,17
2017-03-13T12:00:00.000,21,15,6
2017-03-13T13:00:00.000,22,10,12
2017-03-13T14:00:00.000,19,8,11
2017-03-13T15:00:00.000,45,19,26
2017-03-13T16:00:00.000,114,31,83
2017-03-13T17:00:00.000,320,66,254
2017-03-13T18:00:00.000,249,55,194
2017-03-13T19:00:00.000,93,24,69
2017-03-13T20:00:00.000,51,11,40
2017-03-13T21:00:00.000,25,10,15
2017-03-13T22:00:00.000,18,8,10
2017-03-13T23:00:00.000,7,4,3
2017-03-14T00:00:00.000,3,2,1
2017-03-14T01:00:00.000,3,1,2
2017-03-14T02:00:00.000,1,0,1
2017-03-14T03:00:00.000,2,1,1
2017-03-14T04:00:00.000,3,2,1
2017-03-14T05:00:00.000,28,18,10
2017-03-14T06:00:00.000,77,51,26
2017-03-14T07:00:00.000,191,130,61
2017-03-14T08:00:00.000,307,175,132
2017-03-14T09:00:00.000,191,95,96
2017-03-14T10:00:00.000,55,24,31
2017-03-14T11:00:00.000,36,13,23
2017-03-14T12:00:00.000,23,10,13
2017-03-14T13:00:00.000,27,12,15
2017-03-14T14:00:00.000,25,10,15
2017-03-14T15:00:00.000,58,22,36
2017-03-14T16:00:00.000,146,36,110
2017-03-14T17:00:00.000,321,68,253
2017-03-14T18:00:00.000,243,59,184
2017-03-14T19:00:00.000,122,37,85
2017-03-14T20:00:00.000,47,17,30
2017-03-14T21:00:00.000,19,11,8
2017-03-14T22:00:00.000,18,6,12
2017-03-14T23:00:00.000,9,4,5
2017-03-15T00:00:00.000,2,0,2
2017-03-15T01:00:00.000,1,1,0
2017-03-15T02:00:00.000,3,3,0
2017-03-15T03:00:00.000,2,2,0
2017-03-15T04:00:00.000,8,6,2
2017-03-15T05:00:00.000,24,12,12
2017-03-15T06:00:00.000,83,54,29
2017-03-15T07:00:00.000,186,109,77
2017-03-15T08:00:00.000,270,161,109
2017-03-15T09:00:00.000,141,70,71
2017-03-15T10:00:00.000,45,25,20
2017-03-15T11:00:00.000,28,12,16
2017-03-15T12:00:00.000,19,11,8
2017-03-15T13:00:00.000,24,14,10
2017-03-15T14:00:00.000,34,9,25
2017-03-15T15:00:00.000,67,32,35
2017-03-15T16:00:00.000,145,54,91
2017-03-15T17:00:00.000,320,88,232
2017-03-15T18:00:00.000,213,54,159
2017-03-15T19:00:00.000,94,35,59
2017-03-15T20:00:00.000,48,12,36
2017-03-15T21:00:00.000,35,14,21
2017-03-15T22:00:00.000,16,4,12
2017-03-15T23:00:00.000,13,4,9
2017-03-16T00:00:00.000,4,1,3
2017-03-16T01:00:00.000,3,1,2
2017-03-16T02:00:00.000,0,0,0
2017-03-16T03:00:00.000,1,0,1
2017-03-16T04:00:00.000,5,4,1
2017-03-16T05:00:00.000,29,19,10
2017-03-16T06:00:00.000,99,56,43
2017-03-16T07:00:00.000,281,184,97
2017-03-16T08:00:00.000,383,234,149
2017-03-16T09:00:00.000,249,135,114
2017-03-16T10:00:00.000,91,46,45
2017-03-16T11:00:00.000,63,25,38
2017-03-16T12:00:00.000,70,37,33
2017-03-16T13:00:00.000,82,43,39
2017-03-16T14:00:00.000,65,28,37
2017-03-16T15:00:00.000,89,42,47
2017-03-16T16:00:00.000,230,75,155
2017-03-16T17:00:00.000,454,110,344
2017-03-16T18:00:00.000,325,87,238
2017-03-16T19:00:00.000,151,43,108
2017-03-16T20:00:00.000,59,28,31
2017-03-16T21:00:00.000,51,19,32
2017-03-16T22:00:00.000,26,15,11
2017-03-16T23:00:00.000,18,11,7
2017-03-17T00:00:00.000,8,2,6
2017-03-17T01:00:00.000,9,4,5
2017-03-17T02:00:00.000,1,1,0
2017-03-17T03:00:00.000,1,0,1
2017-03-17T04:00:00.000,5,4,1
2017-03-17T05:00:00.000,26,14,12
2017-03-17T06:00:00.000,77,48,29
2017-03-17T07:00:00.000,200,135,65
2017-03-17T08:00:00.000,301,170,131
2017-03-17T09:00:00.000,176,88,88
2017-03-17T10:00:00.000,64,32,32
2017-03-17T11:00:00.000,53,32,21
2017-03-17T12:00:00.000,57,30,27
2017-03-17T13:00:00.000,29,9,20
2017-03-17T14:00:00.000,28,10,18
2017-03-17T15:00:00.000,57,28,29
2017-03-17T16:00:00.000,128,31,97
2017-03-17T17:00:00.000,281,54,227
2017-03-17T18:00:00.000,160,43,117
2017-03-17T19:00:00.000,70,21,49
2017-03-17T20:00:00.000,29,11,18
2017-03-17T21:00:00.000,20,8,12
2017-03-17T22:00:00.000,12,6,6
2017-03-17T23:00:00.000,8,3,5
2017-03-18T00:00:00.000,4,1,3
2017-03-18T01:00:00.000,2,0,2
2017-03-18T02:00:00.000,2,1,1
2017-03-18T03:00:00.000,1,1,0
2017-03-18T04:00:00.000,2,1,1
2017-03-18T05:00:00.000,8,2,6
2017-03-18T06:00:00.000,5,2,3
2017-03-18T07:00:00.000,12,8,4
2017-03-18T08:00:00.000,24,15,9
2017-03-18T09:00:00.000,22,14,8
2017-03-18T10:00:00.000,26,16,10
2017-03-18T11:00:00.000,27,17,10
2017-03-18T12:00:00.000,16,8,8
2017-03-18T13:00:00.000,31,17,14
2017-03-18T14:00:00.000,38,17,21
2017-03-18T15:00:00.000,61,29,32
2017-03-18T16:00:00.000,83,42,41
2017-03-18T17:00:00.000,70,27,43
2017-03-18T18:00:00.000,58,23,35
2017-03-18T19:00:00.000,31,16,15
2017-03-18T20:00:00.000,19,5,14
2017-03-18T21:00:00.000,14,2,12
2017-03-18T22:00:00.000,24,12,12
2017-03-18T23:00:00.000,17,9,8
2017-03-19T00:00:00.000,9,6,3
2017-03-19T01:00:00.000,9,4,5
2017-03-19T02:00:00.000,4,2,2
2017-03-19T03:00:00.000,4,1,3
2017-03-19T04:00:00.000,1,0,1
2017-03-19T05:00:00.000,4,2,2
2017-03-19T06:00:00.000,3,2,1
2017-03-19T07:00:00.000,32,21,11
2017-03-19T08:00:00.000,35,20,15
2017-03-19T09:00:00.000,70,39,31
2017-03-19T10:00:00.000,98,39,59
2017-03-19T11:00:00.000,178,97,81
2017-03-19T12:00:00.000,194,119,75
2017-03-19T13:00:00.000,243,124,119
2017-03-19T14:00:00.000,240,135,105
2017-03-19T15:00:00.000,227,117,110
2017-03-19T16:00:00.000,175,104,71
2017-03-19T17:00:00.000,121,60,61
2017-03-19T18:00:00.000,89,43,46
2017-03-19T19:00:00.000,63,29,34
2017-03-19T20:00:00.000,43,20,23
2017-03-19T21:00:00.000,23,8,15
2017-03-19T22:00:00.000,17,9,8
2017-03-19T23:00:00.000,5,2,3
2017-03-20T00:00:00.000,6,2,4
2017-03-20T01:00:00.000,1,0,1
2017-03-20T02:00:00.000,1,0,1
2017-03-20T03:00:00.000,1,1,0
2017-03-20T04:00:00.000,7,2,5
2017-03-20T05:00:00.000,40,23,17
2017-03-20T06:00:00.000,121,71,50
2017-03-20T07:00:00.000,260,161,99
2017-03-20T08:00:00.000,431,251,180
2017-03-20T09:00:00.000,191,102,89
2017-03-20T10:00:00.000,83,32,51
2017-03-20T11:00:00.000,39,21,18
2017-03-20T12:00:00.000,47,26,21
2017-03-20T13:00:00.000,72,37,35
2017-03-20T14:00:00.000,75,37,38
2017-03-20T15:00:00.000,102,46,56
2017-03-20T16:00:00.000,203,53,150
2017-03-20T17:00:00.000,480,96,384
2017-03-20T18:00:00.000,297,92,205
2017-03-20T19:00:00.000,137,42,95
2017-03-20T20:00:00.000,52,12,40
2017-03-20T21:00:00.000,36,12,24
2017-03-20T22:00:00.000,27,16,11
2017-03-20T23:00:00.000,9,3,6
2017-03-21T00:00:00.000,6,3,3
2017-03-21T01:00:00.000,0,0,0
2017-03-21T02:00:00.000,1,0,1
2017-03-21T03:00:00.000,1,1,0
2017-03-21T04:00:00.000,4,3,1
2017-03-21T05:00:00.000,28,17,11
2017-03-21T06:00:00.000,83,52,31
2017-03-21T07:00:00.000,199,121,78
2017-03-21T08:00:00.000,328,195,133
2017-03-21T09:00:00.000,173,87,86
2017-03-21T10:00:00.000,62,23,39
2017-03-21T11:00:00.000,37,24,13
2017-03-21T12:00:00.000,39,15,24
2017-03-21T13:00:00.000,34,19,15
2017-03-21T14:00:00.000,41,17,24
2017-03-21T15:00:00.000,76,26,50
2017-03-21T16:00:00.000,147,40,107
2017-03-21T17:00:00.000,391,83,308
2017-03-21T18:00:00.000,269,100,169
2017-03-21T19:00:00.000,125,43,82
2017-03-21T20:00:00.000,52,15,37
2017-03-21T21:00:00.000,38,15,23
2017-03-21T22:00:00.000,14,5,9
2017-03-21T23:00:00.000,15,5,10
2017-03-22T00:00:00.000,7,5,2
2017-03-22T01:00:00.000,2,1,1
2017-03-22T02:00:00.000,1,0,1
2017-03-22T03:00:00.000,0,0,0
2017-03-22T04:00:00.000,7,4,3
2017-03-22T05:00:00.000,30,19,11
2017-03-22T06:00:00.000,105,68,37
2017-03-22T07:00:00.000,263,152,111
2017-03-22T08:00:00.000,366,227,139
2017-03-22T09:00:00.000,199,102,97
2017-03-22T10:00:00.000,89,34,55
2017-03-22T11:00:00.000,49,31,18
2017-03-22T12:00:00.000,57,33,24
2017-03-22T13:00:00.000,53,37,16
2017-03-22T14:00:00.000,61,25,36
2017-03-22T15:00:00.000,102,49,53
2017-03-22T16:00:00.000,216,49,167
2017-03-22T17:00:00.000,440,113,327
2017-03-22T18:00:00.000,296,99,197
2017-03-22T19:00:00.000,140,49,91
2017-03-22T20:00:00.000,73,20,53
2017-03-22T21:00:00.000,49,16,33
2017-03-22T22:00:00.000,28,15,13
2017-03-22T23:00:00.000,14,5,9
2017-03-23T00:00:00.000,6,1,5
2017-03-23T01:00:00.000,4,2,2
2017-03-23T02:00:00.000,0,0,0
2017-03-23T03:00:00.000,2,0,2
2017-03-23T04:00:00.000,6,3,3
2017-03-23T05:00:00.000,35,17,18
2017-03-23T06:00:00.000,111,68,43
2017-03-23T07:00:00.000,286,172,114
2017-03-23T08:00:00.000,420,241,179
2017-03-23T09:00:00.000,222,124,98
2017-03-23T10:00:00.000,94,44,50
2017-03-23T11:00:00.000,58,28,30
2017-03-23T12:00:00.000,57,26,31
2017-03-23T13:00:00.000,75,31,44
2017-03-23T14:00:00.000,63,22,41
2017-03-23T15:00:00.000,110,45,65
2017-03-23T16:00:00.000,224,64,160
2017-03-23T17:00:00.000,479,135,344
2017-03-23T18:00:00.000,334,108,226
2017-03-23T19:00:00.000,124,32,92
2017-03-23T20:00:00.000,61,16,45
2017-03-23T21:00:00.000,35,12,23
2017-03-23T22:00:00.000,28,11,17
2017-03-23T23:00:00.000,19,6,13
2017-03-24T00:00:00.000,10,2,8
2017-03-24T01:00:00.000,3,2,1
2017-03-24T02:00:00.000,4,2,2
2017-03-24T03:00:00.000,1,1,0
2017-03-24T04:00:00.000,3,2,1
2017-03-24T05:00:00.000,24,13,11
2017-03-24T06:00:00.000,61,33,28
2017-03-24T07:00:00.000,165,98,67
2017-03-24T08:00:00.000,229,130,99
2017-03-24T09:00:00.000,104,62,42
2017-03-24T10:00:00.000,55,26,29
2017-03-24T11:00:00.000,35,18,17
2017-03-24T12:00:00.000,41,20,21
2017-03-24T13:00:00.000,46,22,24
2017-03-24T14:00:00.000,27,13,14
2017-03-24T15:00:00.000,72,17,55
2017-03-24T16:00:00.000,153,45,108
2017-03-24T17:00:00.000,249,68,181
2017-03-24T18:00:00.000,167,46,121
2017-03-24T19:00:00.000,60,21,39
2017-03-24T20:00:00.000,22,7,15
2017-03-24T21:00:00.000,22,6,16
2017-03-24T22:00:00.000,24,13,11
2017-03-24T23:00:00.000,8,3,5
2017-03-25T00:00:00.000,13,5,8
2017-03-25T01:00:00.000,5,2,3
2017-03-25T02:00:00.000,3,2,1
2017-03-25T03:00:00.000,2,0,2
2017-03-25T04:00:00.000,2,1,1
2017-03-25T05:00:00.000,4,0,4
2017-03-25T06:00:00.000,9,4,5
2017-03-25T07:00:00.000,39,18,21
2017-03-25T08:00:00.000,67,38,29
2017-03-25T09:00:00.000,101,61,40
2017-03-25T10:00:00.000,85,38,47
2017-03-25T11:00:00.000,135,75,60
2017-03-25T12:00:00.000,171,73,98
2017-03-25T13:00:00.000,138,59,79
2017-03-25T14:00:00.000,164,70,94
2017-03-25T15:00:00.000,165,81,84
2017-03-25T16:00:00.000,147,68,79
2017-03-25T17:00:00.000,131,68,63
2017-03-25T18:00:00.000,79,42,37
2017-03-25T19:00:00.000,42,22,20
2017-03-25T20:00:00.000,27,12,15
2017-03-25T21:00:00.000,27,12,15
2017-03-25T22:00:00.000,18,4,14
2017-03-25T23:00:00.000,19,9,10
2017-03-26T00:00:00.000,11,10,1
2017-03-26T01:00:00.000,6,1,5
2017-03-26T02:00:00.000,3,1,2
2017-03-26T03:00:00.000,0,0,0
2017-03-26T04:00:00.000,1,0,1
2017-03-26T05:00:00.000,3,2,1
2017-03-26T06:00:00.000,10,3,7
2017-03-26T07:00:00.000,16,7,9
2017-03-26T08:00:00.000,29,15,14
2017-03-26T09:00:00.000,25,15,10
2017-03-26T10:00:00.000,37,15,22
2017-03-26T11:00:00.000,16,7,9
2017-03-26T12:00:00.000,48,26,22
2017-03-26T13:00:00.000,38,17,21
2017-03-26T14:00:00.000,36,21,15
2017-03-26T15:00:00.000,27,11,16
2017-03-26T16:00:00.000,41,25,16
2017-03-26T17:00:00.000,31,20,11
2017-03-26T18:00:00.000,30,19,11
2017-03-26T19:00:00.000,25,15,10
2017-03-26T20:00:00.000,9,6,3
2017-03-26T21:00:00.000,8,6,2
2017-03-26T22:00:00.000,6,3,3
2017-03-26T23:00:00.000,10,6,4
2017-03-27T00:00:00.000,2,1,1
2017-03-27T01:00:00.000,3,1,2
2017-03-27T02:00:00.000,0,0,0
2017-03-27T03:00:00.000,2,1,1
2017-03-27T04:00:00.000,4,3,1
2017-03-27T05:00:00.000,30,20,10
2017-03-27T06:00:00.000,104,60,44
2017-03-27T07:00:00.000,245,158,87
2017-03-27T08:00:00.000,396,231,165
2017-03-27T09:00:00.000,207,105,102
2017-03-27T10:00:00.000,75,37,38
2017-03-27T11:00:00.000,52,30,22
2017-03-27T12:00:00.000,55,25,30
2017-03-27T13:00:00.000,55,31,24
2017-03-27T14:00:00.000,57,29,28
2017-03-27T15:00:00.000,84,32,52
2017-03-27T16:00:00.000,188,57,131
2017-03-27T17:00:00.000,485,119,366
2017-03-27T18:00:00.000,294,85,209
2017-03-27T19:00:00.000,135,53,82
2017-03-27T20:00:00.000,60,26,34
2017-03-27T21:00:00.000,33,9,24
2017-03-27T22:00:00.000,22,7,15
2017-03-27T23:00:00.000,9,2,7
2017-03-28T00:00:00.000,6,2,4
2017-03-28T01:00:00.000,2,1,1
2017-03-28T02:00:00.000,0,0,0
2017-03-28T03:00:00.000,2,0,2
2017-03-28T04:00:00.000,5,3,2
2017-03-28T05:00:00.000,33,20,13
2017-03-28T06:00:00.000,107,59,48
2017-03-28T07:00:00.000,234,135,99
2017-03-28T08:00:00.000,361,210,151
2017-03-28T09:00:00.000,199,109,90
2017-03-28T10:00:00.000,64,33,31
2017-03-28T11:00:00.000,37,14,23
2017-03-28T12:00:00.000,53,24,29
2017-03-28T13:00:00.000,47,18,29
2017-03-28T14:00:00.000,42,18,24
2017-03-28T15:00:00.000,68,26,42
2017-03-28T16:00:00.000,157,40,117
2017-03-28T17:00:00.000,408,105,303
2017-03-28T18:00:00.000,272,76,196
2017-03-28T19:00:00.000,125,39,86
2017-03-28T20:00:00.000,56,18,38
2017-03-28T21:00:00.000,29,13,16
2017-03-28T22:00:00.000,16,11,5
2017-03-28T23:00:00.000,6,1,5
2017-03-29T00:00:00.000,6,3,3
2017-03-29T01:00:00.000,4,4,0
2017-03-29T02:00:00.000,1,0,1
2017-03-29T03:00:00.000,1,0,1
2017-03-29T04:00:00.000,4,3,1
2017-03-29T05:00:00.000,19,12,7
2017-03-29T06:00:00.000,69,40,29
2017-03-29T07:00:00.000,195,123,72
2017-03-29T08:00:00.000,280,160,120
2017-03-29T09:00:00.000,150,81,69
2017-03-29T10:00:00.000,48,23,25
2017-03-29T11:00:00.000,40,18,22
2017-03-29T12:00:00.000,42,19,23
2017-03-29T13:00:00.000,36,16,20
2017-03-29T14:00:00.000,39,19,20
2017-03-29T15:00:00.000,75,35,40
2017-03-29T16:00:00.000,170,61,109
2017-03-29T17:00:00.000,375,91,284
2017-03-29T18:00:00.000,273,101,172
2017-03-29T19:00:00.000,153,48,105
2017-03-29T20:00:00.000,56,29,27
2017-03-29T21:00:00.000,35,13,22
2017-03-29T22:00:00.000,23,11,12
2017-03-29T23:00:00.000,14,6,8
2017-03-30T00:00:00.000,6,1,5
2017-03-30T01:00:00.000,0,0,0
2017-03-30T02:00:00.000,3,3,0
2017-03-30T03:00:00.000,1,0,1
2017-03-30T04:00:00.000,9,6,3
2017-03-30T05:00:00.000,34,19,15
2017-03-30T06:00:00.000,94,60,34
2017-03-30T07:00:00.000,274,169,105
2017-03-30T08:00:00.000,429,259,170
2017-03-30T09:00:00.000,226,114,112
2017-03-30T10:00:00.000,86,40,46
2017-03-30T11:00:00.000,63,26,37
2017-03-30T12:00:00.000,62,33,29
2017-03-30T13:00:00.000,76,31,45
2017-03-30T14:00:00.000,61,31,30
2017-03-30T15:00:00.000,84,46,38
2017-03-30T16:00:00.000,247,74,173
2017-03-30T17:00:00.000,437,101,336
2017-03-30T18:00:00.000,317,104,213
2017-03-30T19:00:00.000,175,50,125
2017-03-30T20:00:00.000,83,25,58
2017-03-30T21:00:00.000,36,15,21
2017-03-30T22:00:00.000,30,10,20
2017-03-30T23:00:00.000,16,11,5
2017-03-31T00:00:00.000,6,2,4
2017-03-31T01:00:00.000,2,2,0
2017-03-31T02:00:00.000,1,1,0
2017-03-31T03:00:00.000,1,1,0
2017-03-31T04:00:00.000,6,3,3
2017-03-31T05:00:00.000,37,23,14
2017-03-31T06:00:00.000,106,57,49
2017-03-31T07:00:00.000,262,163,99
2017-03-31T08:00:00.000,412,250,162
2017-03-31T09:00:00.000,160,90,70
2017-03-31T10:00:00.000,90,52,38
2017-03-31T11:00:00.000,70,39,31
2017-03-31T12:00:00.000,74,37,37
2017-03-31T13:00:00.000,86,52,34
2017-03-31T14:00:00.000,100,45,55
2017-03-31T15:00:00.000,161,74,87
2017-03-31T16:00:00.000,306,83,223
2017-03-31T17:00:00.000,478,145,333
2017-03-31T18:00:00.000,323,117,206
2017-03-31T19:00:00.000,134,50,84
2017-03-31T20:00:00.000,62,26,36
2017-03-31T21:00:00.000,56,16,40
2017-03-31T22:00:00.000,34,12,22
2017-03-31T23:00:00.000,20,5,15
2017-04-01T00:00:00.000,21,8,13
2017-04-01T01:00:00.000,10,5,5
2017-04-01T02:00:00.000,4,4,0
2017-04-01T03:00:00.000,5,0,5
2017-04-01T04:00:00.000,1,0,1
2017-04-01T05:00:00.000,4,2,2
2017-04-01T06:00:00.000,14,8,6
2017-04-01T07:00:00.000,24,13,11
2017-04-01T08:00:00.000,58,31,27
2017-04-01T09:00:00.000,60,29,31
2017-04-01T10:00:00.000,91,52,39
2017-04-01T11:00:00.000,87,36,51
2017-04-01T12:00:00.000,93,49,44
2017-04-01T13:00:00.000,92,49,43
2017-04-01T14:00:00.000,120,70,50
2017-04-01T15:00:00.000,116,66,50
2017-04-01T16:00:00.000,136,70,66
2017-04-01T17:00:00.000,94,36,58
2017-04-01T18:00:00.000,80,33,47
2017-04-01T19:00:00.000,37,26,11
2017-04-01T20:00:00.000,29,8,21
2017-04-01T21:00:00.000,27,9,18
2017-04-01T22:00:00.000,22,9,13
2017-04-01T23:00:00.000,12,2,10
2017-04-02T00:00:00.000,8,5,3
2017-04-02T01:00:00.000,2,0,2
2017-04-02T02:00:00.000,0,0,0
2017-04-02T03:00:00.000,1,1,0
2017-04-02T04:00:00.000,0,0,0
2017-04-02T05:00:00.000,3,2,1
2017-04-02T06:00:00.000,18,9,9
2017-04-02T07:00:00.000,31,16,15
2017-04-02T08:00:00.000,55,20,35
2017-04-02T09:00:00.000,86,37,49
2017-04-02T10:00:00.000,101,44,57
2017-04-02T11:00:00.000,154,84,70
2017-04-02T12:00:00.000,160,80,80
2017-04-02T13:00:00.000,168,90,78
2017-04-02T14:00:00.000,153,76,77
2017-04-02T15:00:00.000,155,82,73
2017-04-02T16:00:00.000,104,53,51
2017-04-02T17:00:00.000,112,51,61
2017-04-02T18:00:00.000,64,39,25
2017-04-02T19:00:00.000,38,18,20
2017-04-02T20:00:00.000,22,9,13
2017-04-02T21:00:00.000,22,11,11
2017-04-02T22:00:00.000,9,2,7
2017-04-02T23:00:00.000,5,1,4
2017-04-03T00:00:00.000,4,2,2
2017-04-03T01:00:00.000,2,0,2
2017-04-03T02:00:00.000,0,0,0
2017-04-03T03:00:00.000,3,1,2
2017-04-03T04:00:00.000,4,2,2
2017-04-03T05:00:00.000,38,28,10
2017-04-03T06:00:00.000,127,74,53
2017-04-03T07:00:00.000,365,228,137
2017-04-03T08:00:00.000,520,285,235
2017-04-03T09:00:00.000,243,127,116
2017-04-03T10:00:00.000,94,44,50
2017-04-03T11:00:00.000,55,23,32
2017-04-03T12:00:00.000,72,39,33
2017-04-03T13:00:00.000,78,36,42
2017-04-03T14:00:00.000,98,45,53
2017-04-03T15:00:00.000,141,50,91
2017-04-03T16:00:00.000,294,92,202
2017-04-03T17:00:00.000,619,174,445
2017-04-03T18:00:00.000,401,116,285
2017-04-03T19:00:00.000,161,60,101
2017-04-03T20:00:00.000,87,32,55
2017-04-03T21:00:00.000,54,27,27
2017-04-03T22:00:00.000,43,16,27
2017-04-03T23:00:00.000,10,4,6
2017-04-04T00:00:00.000,7,4,3
2017-04-04T01:00:00.000,2,1,1
2017-04-04T02:00:00.000,5,2,3
2017-04-04T03:00:00.000,1,0,1
2017-04-04T04:00:00.000,5,3,2
2017-04-04T05:00:00.000,30,22,8
2017-04-04T06:00:00.000,140,86,54
2017-04-04T07:00:00.000,349,206,143
2017-04-04T08:00:00.000,496,293,203
2017-04-04T09:00:00.000,241,121,120
2017-04-04T10:00:00.000,81,36,45
2017-04-04T11:00:00.000,45,23,22
2017-04-04T12:00:00.000,75,37,38
2017-04-04T13:00:00.000,76,40,36
2017-04-04T14:00:00.000,65,29,36
2017-04-04T15:00:00.000,120,54,66
2017-04-04T16:00:00.000,283,82,201
2017-04-04T17:00:00.000,532,135,397
2017-04-04T18:00:00.000,369,99,270
2017-04-04T19:00:00.000,158,50,108
2017-04-04T20:00:00.000,70,25,45
2017-04-04T21:00:00.000,31,15,16
2017-04-04T22:00:00.000,32,16,16
2017-04-04T23:00:00.000,14,6,8
2017-04-05T00:00:00.000,6,3,3
2017-04-05T01:00:00.000,3,1,2
2017-04-05T02:00:00.000,2,0,2
2017-04-05T03:00:00.000,3,2,1
2017-04-05T04:00:00.000,4,2,2
2017-04-05T05:00:00.000,24,19,5
2017-04-05T06:00:00.000,78,47,31
2017-04-05T07:00:00.000,203,130,73
2017-04-05T08:00:00.000,302,156,146
2017-04-05T09:00:00.000,151,78,73
2017-04-05T10:00:00.000,55,23,32
2017-04-05T11:00:00.000,18,8,10
2017-04-05T12:00:00.000,41,15,26
2017-04-05T13:00:00.000,26,12,14
2017-04-05T14:00:00.000,27,8,19
2017-04-05T15:00:00.000,71,23,48
2017-04-05T16:00:00.000,138,44,94
2017-04-05T17:00:00.000,316,73,243
2017-04-05T18:00:00.000,239,75,164
2017-04-05T19:00:00.000,92,28,64
2017-04-05T20:00:00.000,43,15,28
2017-04-05T21:00:00.000,24,7,17
2017-04-05T22:00:00.000,27,13,14
2017-04-05T23:00:00.000,11,3,8
2017-04-06T00:00:00.000,6,4,2
2017-04-06T01:00:00.000,1,0,1
2017-04-06T02:00:00.000,4,3,1
2017-04-06T03:00:00.000,2,0,2
2017-04-06T04:00:00.000,4,4,0
2017-04-06T05:00:00.000,23,13,10
2017-04-06T06:00:00.000,78,48,30
2017-04-06T07:00:00.000,207,127,80
2017-04-06T08:00:00.000,292,171,121
2017-04-06T09:00:00.000,157,88,69
2017-04-06T10:00:00.000,63,31,32
2017-04-06T11:00:00.000,27,8,19
2017-04-06T12:00:00.000,43,26,17
2017-04-06T13:00:00.000,43,21,22
2017-04-06T14:00:00.000,59,26,33
2017-04-06T15:00:00.000,105,55,50
2017-04-06T16:00:00.000,219,79,140
2017-04-06T17:00:00.000,379,101,278
2017-04-06T18:00:00.000,325,109,216
2017-04-06T19:00:00.000,148,64,84
2017-04-06T20:00:00.000,90,42,48
2017-04-06T21:00:00.000,46,19,27
2017-04-06T22:00:00.000,32,17,15
2017-04-06T23:00:00.000,11,3,8
2017-04-07T00:00:00.000,9,5,4
2017-04-07T01:00:00.000,4,3,1
2017-04-07T02:00:00.000,3,3,0
2017-04-07T03:00:00.000,2,0,2
2017-04-07T04:00:00.000,3,2,1
2017-04-07T05:00:00.000,20,14,6
2017-04-07T06:00:00.000,76,49,27
2017-04-07T07:00:00.000,218,133,85
2017-04-07T08:00:00.000,276,153,123
2017-04-07T09:00:00.000,132,72,60
2017-04-07T10:00:00.000,55,32,23
2017-04-07T11:00:00.000,31,12,19
2017-04-07T12:00:00.000,31,10,21
2017-04-07T13:00:00.000,49,16,33
2017-04-07T14:00:00.000,42,14,28
2017-04-07T15:00:00.000,72,23,49
2017-04-07T16:00:00.000,153,42,111
2017-04-07T17:00:00.000,270,71,199
2017-04-07T18:00:00.000,158,35,123
2017-04-07T19:00:00.000,54,24,30
2017-04-07T20:00:00.000,25,7,18
2017-04-07T21:00:00.000,14,5,9
2017-04-07T22:00:00.000,14,7,7
2017-04-07T23:00:00.000,11,3,8
2017-04-08T00:00:00.000,6,0,6
2017-04-08T01:00:00.000,1,1,0
2017-04-08T02:00:00.000,1,1,0
2017-04-08T03:00:00.000,1,1,0
2017-04-08T04:00:00.000,3,0,3
2017-04-08T05:00:00.000,4,4,0
2017-04-08T06:00:00.000,8,3,5
2017-04-08T07:00:00.000,17,9,8
2017-04-08T08:00:00.000,63,23,40
2017-04-08T09:00:00.000,72,39,33
2017-04-08T10:00:00.000,92,49,43
2017-04-08T11:00:00.000,74,39,35
2017-04-08T12:00:00.000,84,34,50
2017-04-08T13:00:00.000,81,43,38
2017-04-08T14:00:00.000,71,35,36
2017-04-08T15:00:00.000,60,30,30
2017-04-08T16:00:00.000,79,46,33
2017-04-08T17:00:00.000,58,33,25
2017-04-08T18:00:00.000,65,36,29
2017-04-08T19:00:00.000,51,23,28
2017-04-08T20:00:00.000,29,13,16
2017-04-08T21:00:00.000,17,5,12
2017-04-08T22:00:00.000,17,6,11
2017-04-08T23:00:00.000,21,7,14
2017-04-09T00:00:00.000,7,2,5
2017-04-09T01:00:00.000,1,0,1
2017-04-09T02:00:00.000,4,2,2
2017-04-09T03:00:00.000,0,0,0
2017-04-09T04:00:00.000,2,1,1
2017-04-09T05:00:00.000,5,4,1
2017-04-09T06:00:00.000,16,10,6
2017-04-09T07:00:00.000,24,17,7
2017-04-09T08:00:00.000,45,22,23
2017-04-09T09:00:00.000,91,53,38
2017-04-09T10:00:00.000,100,46,54
2017-04-09T11:00:00.000,173,97,76
2017-04-09T12:00:00.000,186,92,94
2017-04-09T13:00:00.000,185,96,89
2017-04-09T14:00:00.000,181,103,78
2017-04-09T15:00:00.000,159,93,66
2017-04-09T16:00:00.000,159,93,66
2017-04-09T17:00:00.000,106,53,53
2017-04-09T18:00:00.000,86,41,45
2017-04-09T19:00:00.000,59,23,36
2017-04-09T20:00:00.000,24,14,10
2017-04-09T21:00:00.000,22,9,13
2017-04-09T22:00:00.000,11,5,6
2017-04-09T23:00:00.000,9,3,6
2017-04-10T00:00:00.000,1,0,1
2017-04-10T01:00:00.000,2,1,1
2017-04-10T02:00:00.000,1,0,1
2017-04-10T03:00:00.000,0,0,0
2017-04-10T04:00:00.000,4,2,2
2017-04-10T05:00:00.000,28,20,8
2017-04-10T06:00:00.000,78,50,28
2017-04-10T07:00:00.000,267,159,108
2017-04-10T08:00:00.000,382,228,154
2017-04-10T09:00:00.000,223,108,115
2017-04-10T10:00:00.000,77,31,46
2017-04-10T11:00:00.000,49,17,32
2017-04-10T12:00:00.000,43,23,20
2017-04-10T13:00:00.000,36,18,18
2017-04-10T14:00:00.000,36,13,23
2017-04-10T15:00:00.000,68,27,41
2017-04-10T16:00:00.000,154,36,118
2017-04-10T17:00:00.000,367,75,292
2017-04-10T18:00:00.000,279,82,197
2017-04-10T19:00:00.000,119,35,84
2017-04-10T20:00:00.000,58,22,36
2017-04-10T21:00:00.000,37,15,22
2017-04-10T22:00:00.000,20,9,11
2017-04-10T23:00:00.000,11,5,6
2017-04-11T00:00:00.000,3,1,2
2017-04-11T01:00:00.000,2,0,2
2017-04-11T02:00:00.000,2,1,1
2017-04-11T03:00:00.000,1,0,1
2017-04-11T04:00:00.000,5,4,1
2017-04-11T05:00:00.000,30,20,10
2017-04-11T06:00:00.000,122,78,44
2017-04-11T07:00:00.000,330,191,139
2017-04-11T08:00:00.000,472,283,189
2017-04-11T09:00:00.000,221,117,104
2017-04-11T10:00:00.000,120,54,66
2017-04-11T11:00:00.000,85,47,38
2017-04-11T12:00:00.000,94,48,46
2017-04-11T13:00:00.000,96,47,49
2017-04-11T14:00:00.000,85,33,52
2017-04-11T15:00:00.000,115,49,66
2017-04-11T16:00:00.000,266,69,197
2017-04-11T17:00:00.000,566,149,417
2017-04-11T18:00:00.000,371,109,262
2017-04-11T19:00:00.000,172,50,122
2017-04-11T20:00:00.000,76,26,50
2017-04-11T21:00:00.000,50,26,24
2017-04-11T22:00:00.000,36,12,24
2017-04-11T23:00:00.000,17,4,13
2017-04-12T00:00:00.000,9,3,6
2017-04-12T01:00:00.000,3,2,1
2017-04-12T02:00:00.000,0,0,0
2017-04-12T03:00:00.000,2,2,0
2017-04-12T04:00:00.000,2,0,2
2017-04-12T05:00:00.000,14,8,6
2017-04-12T06:00:00.000,66,46,20
2017-04-12T07:00:00.000,155,91,64
2017-04-12T08:00:00.000,272,164,108
2017-04-12T09:00:00.000,149,71,78
2017-04-12T10:00:00.000,43,23,20
2017-04-12T11:00:00.000,27,12,15
2017-04-12T12:00:00.000,36,20,16
2017-04-12T13:00:00.000,34,16,18
2017-04-12T14:00:00.000,49,20,29
2017-04-12T15:00:00.000,59,34,25
2017-04-12T16:00:00.000,154,43,111
2017-04-12T17:00:00.000,309,77,232
2017-04-12T18:00:00.000,206,69,137
2017-04-12T19:00:00.000,111,45,66
2017-04-12T20:00:00.000,47,19,28
2017-04-12T21:00:00.000,33,13,20
2017-04-12T22:00:00.000,23,8,15
2017-04-12T23:00:00.000,16,6,10
2017-04-13T00:00:00.000,6,2,4
2017-04-13T01:00:00.000,2,0,2
2017-04-13T02:00:00.000,6,4,2
2017-04-13T03:00:00.000,3,1,2
2017-04-13T04:00:00.000,9,5,4
2017-04-13T05:00:00.000,20,13,7
2017-04-13T06:00:00.000,99,64,35
2017-04-13T07:00:00.000,253,153,100
2017-04-13T08:00:00.000,374,202,172
2017-04-13T09:00:00.000,183,92,91
2017-04-13T10:00:00.000,71,23,48
2017-04-13T11:00:00.000,56,22,34
2017-04-13T12:00:00.000,46,27,19
2017-04-13T13:00:00.000,50,18,32
2017-04-13T14:00:00.000,45,19,26
2017-04-13T15:00:00.000,86,28,58
2017-04-13T16:00:00.000,202,54,148
2017-04-13T17:00:00.000,396,108,288
2017-04-13T18:00:00.000,258,86,172
2017-04-13T19:00:00.000,136,38,98
2017-04-13T20:00:00.000,105,59,46
2017-04-13T21:00:00.000,41,15,26
2017-04-13T22:00:00.000,30,12,18
2017-04-13T23:00:00.000,10,4,6
2017-04-14T00:00:00.000,13,4,9
2017-04-14T01:00:00.000,0,0,0
2017-04-14T02:00:00.000,2,1,1
2017-04-14T03:00:00.000,1,0,1
2017-04-14T04:00:00.000,7,3,4
2017-04-14T05:00:00.000,25,16,9
2017-04-14T06:00:00.000,76,41,35
2017-04-14T07:00:00.000,220,130,90
2017-04-14T08:00:00.000,317,182,135
2017-04-14T09:00:00.000,169,80,89
2017-04-14T10:00:00.000,83,46,37
2017-04-14T11:00:00.000,70,30,40
2017-04-14T12:00:00.000,49,21,28
2017-04-14T13:00:00.000,63,33,30
2017-04-14T14:00:00.000,68,34,34
2017-04-14T15:00:00.000,113,41,72
2017-04-14T16:00:00.000,228,61,167
2017-04-14T17:00:00.000,326,83,243
2017-04-14T18:00:00.000,225,64,161
2017-04-14T19:00:00.000,101,37,64
2017-04-14T20:00:00.000,56,28,28
2017-04-14T21:00:00.000,41,13,28
2017-04-14T22:00:00.000,26,8,18
2017-04-14T23:00:00.000,18,4,14
2017-04-15T00:00:00.000,7,2,5
2017-04-15T01:00:00.000,11,7,4
2017-04-15T02:00:00.000,2,2,0
2017-04-15T03:00:00.000,3,2,1
2017-04-15T04:00:00.000,2,0,2
2017-04-15T05:00:00.000,8,4,4
2017-04-15T06:00:00.000,16,10,6
2017-04-15T07:00:00.000,37,18,19
2017-04-15T08:00:00.000,56,27,29
2017-04-15T09:00:00.000,112,57,55
2017-04-15T10:00:00.000,121,64,57
2017-04-15T11:00:00.000,129,70,59
2017-04-15T12:00:00.000,141,86,55
2017-04-15T13:00:00.000,164,82,82
2017-04-15T14:00:00.000,137,89,48
2017-04-15T15:00:00.000,219,96,123
2017-04-15T16:00:00.000,167,91,76
2017-04-15T17:00:00.000,167,78,89
2017-04-15T18:00:00.000,124,58,66
2017-04-15T19:00:00.000,69,38,31
2017-04-15T20:00:00.000,47,25,22
2017-04-15T21:00:00.000,30,9,21
2017-04-15T22:00:00.000,17,5,12
2017-04-15T23:00:00.000,20,3,17
2017-04-16T00:00:00.000,17,4,13
2017-04-16T01:00:00.000,12,7,5
2017-04-16T02:00:00.000,4,2,2
2017-04-16T03:00:00.000,4,2,2
2017-04-16T04:00:00.000,4,1,3
2017-04-16T05:00:00.000,4,1,3
2017-04-16T06:00:00.000,10,2,8
2017-04-16T07:00:00.000,31,15,16
2017-04-16T08:00:00.000,47,17,30
2017-04-16T09:00:00.000,80,38,42
2017-04-16T10:00:00.000,98,37,61
2017-04-16T11:00:00.000,115,56,59
2017-04-16T12:00:00.000,162,81,81
2017-04-16T13:00:00.000,190,99,91
2017-04-16T14:00:00.000,136,70,66
2017-04-16T15:00:00.000,168,81,87
2017-04-16T16:00:00.000,156,92,64
2017-04-16T17:00:00.000,104,48,56
2017-04-16T18:00:00.000,81,43,38
2017-04-16T19:00:00.000,66,35,31
2017-04-16T20:00:00.000,36,16,20
2017-04-16T21:00:00.000,19,11,8
2017-04-16T22:00:00.000,8,6,2
2017-04-16T23:00:00.000,10,4,6
2017-04-17T00:00:00.000,9,4,5
2017-04-17T01:00:00.000,2,0,2
2017-04-17T02:00:00.000,4,4,0
2017-04-17T03:00:00.000,1,0,1
2017-04-17T04:00:00.000,7,3,4
2017-04-17T05:00:00.000,29,18,11
2017-04-17T06:00:00.000,104,64,40
2017-04-17T07:00:00.000,278,178,100
2017-04-17T08:00:00.000,427,238,189
2017-04-17T09:00:00.000,236,110,126
2017-04-17T10:00:00.000,100,52,48
2017-04-17T11:00:00.000,65,30,35
2017-04-17T12:00:00.000,49,21,28
2017-04-17T13:00:00.000,63,31,32
2017-04-17T14:00:00.000,53,22,31
2017-04-17T15:00:00.000,89,43,46
2017-04-17T16:00:00.000,195,59,136
2017-04-17T17:00:00.000,402,84,318
2017-04-17T18:00:00.000,307,80,227
2017-04-17T19:00:00.000,127,39,88
2017-04-17T20:00:00.000,44,13,31
2017-04-17T21:00:00.000,32,14,18
2017-04-17T22:00:00.000,21,8,13
2017-04-17T23:00:00.000,9,5,4
2017-04-18T00:00:00.000,7,3,4
2017-04-18T01:00:00.000,3,1,2
2017-04-18T02:00:00.000,2,2,0
2017-04-18T03:00:00.000,3,2,1
2017-04-18T04:00:00.000,6,4,2
2017-04-18T05:00:00.000,30,21,9
2017-04-18T06:00:00.000,104,65,39
2017-04-18T07:00:00.000,282,180,102
2017-04-18T08:00:00.000,421,238,183
2017-04-18T09:00:00.000,215,112,103
2017-04-18T10:00:00.000,61,34,27
2017-04-18T11:00:00.000,57,21,36
2017-04-18T12:00:00.000,72,38,34
2017-04-18T13:00:00.000,47,26,21
2017-04-18T14:00:00.000,70,36,34
2017-04-18T15:00:00.000,89,31,58
2017-04-18T16:00:00.000,234,68,166
2017-04-18T17:00:00.000,462,135,327
2017-04-18T18:00:00.000,347,82,265
2017-04-18T19:00:00.000,121,41,80
2017-04-18T20:00:00.000,58,19,39
2017-04-18T21:00:00.000,53,22,31
2017-04-18T22:00:00.000,23,13,10
2017-04-18T23:00:00.000,15,9,6
2017-04-19T00:00:00.000,8,6,2
2017-04-19T01:00:00.000,0,0,0
2017-04-19T02:00:00.000,1,1,0
2017-04-19T03:00:00.000,0,0,0
2017-04-19T04:00:00.000,7,4,3
2017-04-19T05:00:00.000,34,22,12
2017-04-19T06:00:00.000,112,68,44
2017-04-19T07:00:00.000,300,183,117
2017-04-19T08:00:00.000,392,215,177
2017-04-19T09:00:00.000,188,93,95
2017-04-19T10:00:00.000,70,28,42
2017-04-19T11:00:00.000,39,18,21
2017-04-19T12:00:00.000,37,13,24
2017-04-19T13:00:00.000,30,12,18
2017-04-19T14:00:00.000,40,19,21
2017-04-19T15:00:00.000,83,34,49
2017-04-19T16:00:00.000,189,55,134
2017-04-19T17:00:00.000,421,112,309
2017-04-19T18:00:00.000,328,103,225
2017-04-19T19:00:00.000,158,36,122
2017-04-19T20:00:00.000,78,28,50
2017-04-19T21:00:00.000,36,17,19
2017-04-19T22:00:00.000,16,8,8
2017-04-19T23:00:00.000,8,4,4
2017-04-20T00:00:00.000,5,3,2
2017-04-20T01:00:00.000,3,0,3
2017-04-20T02:00:00.000,2,2,0
2017-04-20T03:00:00.000,1,0,1
2017-04-20T04:00:00.000,6,4,2
2017-04-20T05:00:00.000,40,28,12
2017-04-20T06:00:00.000,120,66,54
2017-04-20T07:00:00.000,272,164,108
2017-04-20T08:00:00.000,445,252,193
2017-04-20T09:00:00.000,231,113,118
2017-04-20T10:00:00.000,70,31,39
2017-04-20T11:00:00.000,57,28,29
2017-04-20T12:00:00.000,58,36,22
2017-04-20T13:00:00.000,68,29,39
2017-04-20T14:00:00.000,87,36,51
2017-04-20T15:00:00.000,127,53,74
2017-04-20T16:00:00.000,239,73,166
2017-04-20T17:00:00.000,502,149,353
2017-04-20T18:00:00.000,357,113,244
2017-04-20T19:00:00.000,172,54,118
2017-04-20T20:00:00.000,111,36,75
2017-04-20T21:00:00.000,57,20,37
2017-04-20T22:00:00.000,42,16,26
2017-04-20T23:00:00.000,13,4,9
2017-04-21T00:00:00.000,24,10,14
2017-04-21T01:00:00.000,5,2,3
2017-04-21T02:00:00.000,5,3,2
2017-04-21T03:00:00.000,1,0,1
2017-04-21T04:00:00.000,5,2,3
2017-04-21T05:00:00.000,33,24,9
2017-04-21T06:00:00.000,142,80,62
2017-04-21T07:00:00.000,341,227,114
2017-04-21T08:00:00.000,506,293,213
2017-04-21T09:00:00.000,276,151,125
2017-04-21T10:00:00.000,132,66,66
2017-04-21T11:00:00.000,112,55,57
2017-04-21T12:00:00.000,129,56,73
2017-04-21T13:00:00.000,150,83,67
2017-04-21T14:00:00.000,155,67,88
2017-04-21T15:00:00.000,267,99,168
2017-04-21T16:00:00.000,424,154,270
2017-04-21T17:00:00.000,630,197,433
2017-04-21T18:00:00.000,374,128,246
2017-04-21T19:00:00.000,176,69,107
2017-04-21T20:00:00.000,107,46,61
2017-04-21T21:00:00.000,48,25,23
2017-04-21T22:00:00.000,45,21,24
2017-04-21T23:00:00.000,22,9,13
2017-04-22T00:00:00.000,14,5,9
2017-04-22T01:00:00.000,9,3,6
2017-04-22T02:00:00.000,3,2,1
2017-04-22T03:00:00.000,2,0,2
2017-04-22T04:00:00.000,4,1,3
2017-04-22T05:00:00.000,4,2,2
2017-04-22T06:00:00.000,20,14,6
2017-04-22T07:00:00.000,48,24,24
2017-04-22T08:00:00.000,83,46,37
2017-04-22T09:00:00.000,101,63,38
2017-04-22T10:00:00.000,85,31,54
2017-04-22T11:00:00.000,90,52,38
2017-04-22T12:00:00.000,46,25,21
2017-04-22T13:00:00.000,94,33,61
2017-04-22T14:00:00.000,41,21,20
2017-04-22T15:00:00.000,57,19,38
2017-04-22T16:00:00.000,66,32,34
2017-04-22T17:00:00.000,56,24,32
2017-04-22T18:00:00.000,62,35,27
2017-04-22T19:00:00.000,59,33,26
2017-04-22T20:00:00.000,30,12,18
2017-04-22T21:00:00.000,22,15,7
2017-04-22T22:00:00.000,16,5,11
2017-04-22T23:00:00.000,13,4,9
2017-04-23T00:00:00.000,10,3,7
2017-04-23T01:00:00.000,5,2,3
2017-04-23T02:00:00.000,5,1,4
2017-04-23T03:00:00.000,3,1,2
2017-04-23T04:00:00.000,2,0,2
2017-04-23T05:00:00.000,1,1,0
2017-04-23T06:00:00.000,12,7,5
2017-04-23T07:00:00.000,24,12,12
2017-04-23T08:00:00.000,64,26,38
2017-04-23T09:00:00.000,78,50,28
2017-04-23T10:00:00.000,88,45,43
2017-04-23T11:00:00.000,74,35,39
2017-04-23T12:00:00.000,38,21,17
2017-04-23T13:00:00.000,54,25,29
2017-04-23T14:00:00.000,39,20,19
2017-04-23T15:00:00.000,34,17,17
2017-04-23T16:00:00.000,23,10,13
2017-04-23T17:00:00.000,23,8,15
2017-04-23T18:00:00.000,25,14,11
2017-04-23T19:00:00.000,22,9,13
2017-04-23T20:00:00.000,11,2,9
2017-04-23T21:00:00.000,8,5,3
2017-04-23T22:00:00.000,10,5,5
2017-04-23T23:00:00.000,6,1,5
2017-04-24T00:00:00.000,6,4,2
2017-04-24T01:00:00.000,2,1,1
2017-04-24T02:00:00.000,2,0,2
2017-04-24T03:00:00.000,1,0,1
2017-04-24T04:00:00.000,5,3,2
2017-04-24T05:00:00.000,28,18,10
2017-04-24T06:00:00.000,110,63,47
2017-04-24T07:00:00.000,329,203,126
2017-04-24T08:00:00.000,455,270,185
2017-04-24T09:00:00.000,220,107,113
2017-04-24T10:00:00.000,66,34,32
2017-04-24T11:00:00.000,49,23,26
2017-04-24T12:00:00.000,51,21,30
2017-04-24T13:00:00.000,64,31,33
2017-04-24T14:00:00.000,67,33,34
2017-04-24T15:00:00.000,106,47,59
2017-04-24T16:00:00.000,232,76,156
2017-04-24T17:00:00.000,529,131,398
2017-04-24T18:00:00.000,346,119,227
2017-04-24T19:00:00.000,206,61,145
2017-04-24T20:00:00.000,98,36,62
2017-04-24T21:00:00.000,44,22,22
2017-04-24T22:00:00.000,31,15,16
2017-04-24T23:00:00.000,18,4,14
2017-04-25T00:00:00.000,11,5,6
2017-04-25T01:00:00.000,10,3,7
2017-04-25T02:00:00.000,3,1,2
2017-04-25T03:00:00.000,0,0,0
2017-04-25T04:00:00.000,8,5,3
2017-04-25T05:00:00.000,40,25,15
2017-04-25T06:00:00.000,219,137,82
2017-04-25T07:00:00.000,360,226,134
2017-04-25T08:00:00.000,493,286,207
2017-04-25T09:00:00.000,264,138,126
2017-04-25T10:00:00.000,111,45,66
2017-04-25T11:00:00.000,52,29,23
2017-04-25T12:00:00.000,64,23,41
2017-04-25T13:00:00.000,82,34,48
2017-04-25T14:00:00.000,72,32,40
2017-04-25T15:00:00.000,124,51,73
2017-04-25T16:00:00.000,290,85,205
2017-04-25T17:00:00.000,532,142,390
2017-04-25T18:00:00.000,335,87,248
2017-04-25T19:00:00.000,136,36,100
2017-04-25T20:00:00.000,80,27,53
2017-04-25T21:00:00.000,27,10,17
2017-04-25T22:00:00.000,22,9,13
2017-04-25T23:00:00.000,21,5,16
2017-04-26T00:00:00.000,6,3,3
2017-04-26T01:00:00.000,3,3,0
2017-04-26T02:00:00.000,0,0,0
2017-04-26T03:00:00.000,2,1,1
2017-04-26T04:00:00.000,6,3,3
2017-04-26T05:00:00.000,30,18,12
2017-04-26T06:00:00.000,121,72,49
2017-04-26T07:00:00.000,302,170,132
2017-04-26T08:00:00.000,407,243,164
2017-04-26T09:00:00.000,168,88,80
2017-04-26T10:00:00.000,81,36,45
2017-04-26T11:00:00.000,55,25,30
2017-04-26T12:00:00.000,51,26,25
2017-04-26T13:00:00.000,42,20,22
2017-04-26T14:00:00.000,51,24,27
2017-04-26T15:00:00.000,80,28,52
2017-04-26T16:00:00.000,176,50,126
2017-04-26T17:00:00.000,425,96,329
2017-04-26T18:00:00.000,278,81,197
2017-04-26T19:00:00.000,123,31,92
2017-04-26T20:00:00.000,61,20,41
2017-04-26T21:00:00.000,41,10,31
2017-04-26T22:00:00.000,19,10,9
2017-04-26T23:00:00.000,11,5,6
2017-04-27T00:00:00.000,5,2,3
2017-04-27T01:00:00.000,1,0,1
2017-04-27T02:00:00.000,1,1,0
2017-04-27T03:00:00.000,0,0,0
2017-04-27T04:00:00.000,7,3,4
2017-04-27T05:00:00.000,38,30,8
2017-04-27T06:00:00.000,120,72,48
2017-04-27T07:00:00.000,293,186,107
2017-04-27T08:00:00.000,414,231,183
2017-04-27T09:00:00.000,201,106,95
2017-04-27T10:00:00.000,91,41,50
2017-04-27T11:00:00.000,64,30,34
2017-04-27T12:00:00.000,71,32,39
2017-04-27T13:00:00.000,63,23,40
2017-04-27T14:00:00.000,91,40,51
2017-04-27T15:00:00.000,121,54,67
2017-04-27T16:00:00.000,244,83,161
2017-04-27T17:00:00.000,483,117,366
2017-04-27T18:00:00.000,302,88,214
2017-04-27T19:00:00.000,161,41,120
2017-04-27T20:00:00.000,89,39,50
2017-04-27T21:00:00.000,48,17,31
2017-04-27T22:00:00.000,35,15,20
2017-04-27T23:00:00.000,18,8,10
2017-04-28T00:00:00.000,7,2,5
2017-04-28T01:00:00.000,3,1,2
2017-04-28T02:00:00.000,4,1,3
2017-04-28T03:00:00.000,4,1,3
2017-04-28T04:00:00.000,1,0,1
2017-04-28T05:00:00.000,30,21,9
2017-04-28T06:00:00.000,115,67,48
2017-04-28T07:00:00.000,306,199,107
2017-04-28T08:00:00.000,433,234,199
2017-04-28T09:00:00.000,222,118,104
2017-04-28T10:00:00.000,98,50,48
2017-04-28T11:00:00.000,68,24,44
2017-04-28T12:00:00.000,76,47,29
2017-04-28T13:00:00.000,85,44,41
2017-04-28T14:00:00.000,118,52,66
2017-04-28T15:00:00.000,157,59,98
2017-04-28T16:00:00.000,345,106,239
2017-04-28T17:00:00.000,507,143,364
2017-04-28T18:00:00.000,357,115,242
2017-04-28T19:00:00.000,170,78,92
2017-04-28T20:00:00.000,96,47,49
2017-04-28T21:00:00.000,42,16,26
2017-04-28T22:00:00.000,39,20,19
2017-04-28T23:00:00.000,32,9,23
2017-04-29T00:00:00.000,14,8,6
2017-04-29T01:00:00.000,7,3,4
2017-04-29T02:00:00.000,5,2,3
2017-04-29T03:00:00.000,4,3,1
2017-04-29T04:00:00.000,2,2,0
2017-04-29T05:00:00.000,6,1,5
2017-04-29T06:00:00.000,13,9,4
2017-04-29T07:00:00.000,39,21,18
2017-04-29T08:00:00.000,85,48,37
2017-04-29T09:00:00.000,126,70,56
2017-04-29T10:00:00.000,103,66,37
2017-04-29T11:00:00.000,137,84,53
2017-04-29T12:00:00.000,121,60,61
2017-04-29T13:00:00.000,120,68,52
2017-04-29T14:00:00.000,138,64,74
2017-04-29T15:00:00.000,105,57,48
2017-04-29T16:00:00.000,80,41,39
2017-04-29T17:00:00.000,86,39,47
2017-04-29T18:00:00.000,52,21,31
2017-04-29T19:00:00.000,36,22,14
2017-04-29T20:00:00.000,25,14,11
2017-04-29T21:00:00.000,27,5,22
2017-04-29T22:00:00.000,18,7,11
2017-04-29T23:00:00.000,9,2,7
2017-04-30T00:00:00.000,12,3,9
2017-04-30T01:00:00.000,5,3,2
2017-04-30T02:00:00.000,4,0,4
2017-04-30T03:00:00.000,2,1,1
2017-04-30T04:00:00.000,2,1,1
2017-04-30T05:00:00.000,2,1,1
2017-04-30T06:00:00.000,13,9,4
2017-04-30T07:00:00.000,15,8,7
2017-04-30T08:00:00.000,47,23,24
2017-04-30T09:00:00.000,43,19,24
2017-04-30T10:00:00.000,72,36,36
2017-04-30T11:00:00.000,75,34,41
2017-04-30T12:00:00.000,122,70,52
2017-04-30T13:00:00.000,171,87,84
2017-04-30T14:00:00.000,123,66,57
2017-04-30T15:00:00.000,128,63,65
2017-04-30T16:00:00.000,125,65,60
2017-04-30T17:00:00.000,73,27,46
2017-04-30T18:00:00.000,82,48,34
2017-04-30T19:00:00.000,35,24,11
2017-04-30T20:00:00.000,28,18,10
2017-04-30T21:00:00.000,14,3,11
2017-04-30T22:00:00.000,11,5,6
2017-04-30T23:00:00.000,11,4,7
2017-05-01T00:00:00.000,6,5,1
2017-05-01T01:00:00.000,4,3,1
2017-05-01T02:00:00.000,1,1,0
2017-05-01T03:00:00.000,2,1,1
2017-05-01T04:00:00.000,10,4,6
2017-05-01T05:00:00.000,42,26,16
2017-05-01T06:00:00.000,182,117,65
2017-05-01T07:00:00.000,393,246,147
2017-05-01T08:00:00.000,525,301,224
2017-05-01T09:00:00.000,228,119,109
2017-05-01T10:00:00.000,54,22,32
2017-05-01T11:00:00.000,44,15,29
2017-05-01T12:00:00.000,47,26,21
2017-05-01T13:00:00.000,38,21,17
2017-05-01T14:00:00.000,78,31,47
2017-05-01T15:00:00.000,123,48,75
2017-05-01T16:00:00.000,326,75,251
2017-05-01T17:00:00.000,593,134,459
2017-05-01T18:00:00.000,352,102,250
2017-05-01T19:00:00.000,151,70,81
2017-05-01T20:00:00.000,78,29,49
2017-05-01T21:00:00.000,49,19,30
2017-05-01T22:00:00.000,27,7,20
2017-05-01T23:00:00.000,10,4,6
2017-05-02T00:00:00.000,5,1,4
2017-05-02T01:00:00.000,7,0,7
2017-05-02T02:00:00.000,5,2,3
2017-05-02T03:00:00.000,2,1,1
2017-05-02T04:00:00.000,10,4,6
2017-05-02T05:00:00.000,46,32,14
2017-05-02T06:00:00.000,201,126,75
2017-05-02T07:00:00.000,435,274,161
2017-05-02T08:00:00.000,527,324,203
2017-05-02T09:00:00.000,261,139,122
2017-05-02T10:00:00.000,88,48,40
2017-05-02T11:00:00.000,83,47,36
2017-05-02T12:00:00.000,77,42,35
2017-05-02T13:00:00.000,73,42,31
2017-05-02T14:00:00.000,98,44,54
2017-05-02T15:00:00.000,130,58,72
2017-05-02T16:00:00.000,305,81,224
2017-05-02T17:00:00.000,628,149,479
2017-05-02T18:00:00.000,372,100,272
2017-05-02T19:00:00.000,164,55,109
2017-05-02T20:00:00.000,82,25,57
2017-05-02T21:00:00.000,48,13,35
2017-05-02T22:00:00.000,32,12,20
2017-05-02T23:00:00.000,17,5,12
2017-05-03T00:00:00.000,6,3,3
2017-05-03T01:00:00.000,4,1,3
2017-05-03T02:00:00.000,4,2,2
2017-05-03T03:00:00.000,2,1,1
2017-05-03T04:00:00.000,4,2,2
2017-05-03T05:00:00.000,35,23,12
2017-05-03T06:00:00.000,184,117,67
2017-05-03T07:00:00.000,444,286,158
2017-05-03T08:00:00.000,579,341,238
2017-05-03T09:00:00.000,291,142,149
2017-05-03T10:00:00.000,86,37,49
2017-05-03T11:00:00.000,67,35,32
2017-05-03T12:00:00.000,74,42,32
2017-05-03T13:00:00.000,84,44,40
2017-05-03T14:00:00.000,95,39,56
2017-05-03T15:00:00.000,171,68,103
2017-05-03T16:00:00.000,403,135,268
2017-05-03T17:00:00.000,829,211,618
2017-05-03T18:00:00.000,565,218,347
2017-05-03T19:00:00.000,274,111,163
2017-05-03T20:00:00.000,186,82,104
2017-05-03T21:00:00.000,85,38,47
2017-05-03T22:00:00.000,48,23,25
2017-05-03T23:00:00.000,23,8,15
2017-05-04T00:00:00.000,12,4,8
2017-05-04T01:00:00.000,7,4,3
2017-05-04T02:00:00.000,10,7,3
2017-05-04T03:00:00.000,2,1,1
2017-05-04T04:00:00.000,10,7,3
2017-05-04T05:00:00.000,46,26,20
2017-05-04T06:00:00.000,167,112,55
2017-05-04T07:00:00.000,405,235,170
2017-05-04T08:00:00.000,525,300,225
2017-05-04T09:00:00.000,257,131,126
2017-05-04T10:00:00.000,118,57,61
2017-05-04T11:00:00.000,92,51,41
2017-05-04T12:00:00.000,98,48,50
2017-05-04T13:00:00.000,116,57,59
2017-05-04T14:00:00.000,128,61,67
2017-05-04T15:00:00.000,185,82,103
2017-05-04T16:00:00.000,343,94,249
2017-05-04T17:00:00.000,436,99,337
2017-05-04T18:00:00.000,241,74,167
2017-05-04T19:00:00.000,136,41,95
2017-05-04T20:00:00.000,73,28,45
2017-05-04T21:00:00.000,29,15,14
2017-05-04T22:00:00.000,26,6,20
2017-05-04T23:00:00.000,14,7,7
2017-05-05T00:00:00.000,3,2,1
2017-05-05T01:00:00.000,5,3,2
2017-05-05T02:00:00.000,4,2,2
2017-05-05T03:00:00.000,2,2,0
2017-05-05T04:00:00.000,3,0,3
2017-05-05T05:00:00.000,36,22,14
2017-05-05T06:00:00.000,110,62,48
2017-05-05T07:00:00.000,292,192,100
2017-05-05T08:00:00.000,400,219,181
2017-05-05T09:00:00.000,189,90,99
2017-05-05T10:00:00.000,67,30,37
2017-05-05T11:00:00.000,48,23,25
2017-05-05T12:00:00.000,50,27,23
2017-05-05T13:00:00.000,64,28,36
2017-05-05T14:00:00.000,61,27,34
2017-05-05T15:00:00.000,97,43,54
2017-05-05T16:00:00.000,299,68,231
2017-05-05T17:00:00.000,483,128,355
2017-05-05T18:00:00.000,245,69,176
2017-05-05T19:00:00.000,132,43,89
2017-05-05T20:00:00.000,58,20,38
2017-05-05T21:00:00.000,28,12,16
2017-05-05T22:00:00.000,28,10,18
2017-05-05T23:00:00.000,29,5,24
2017-05-06T00:00:00.000,12,2,10
2017-05-06T01:00:00.000,5,3,2
2017-05-06T02:00:00.000,4,1,3
2017-05-06T03:00:00.000,6,2,4
2017-05-06T04:00:00.000,2,2,0
2017-05-06T05:00:00.000,3,2,1
2017-05-06T06:00:00.000,17,11,6
2017-05-06T07:00:00.000,50,19,31
2017-05-06T08:00:00.000,89,47,42
2017-05-06T09:00:00.000,163,99,64
2017-05-06T10:00:00.000,123,53,70
2017-05-06T11:00:00.000,169,84,85
2017-05-06T12:00:00.000,184,119,65
2017-05-06T13:00:00.000,184,101,83
2017-05-06T14:00:00.000,190,104,86
2017-05-06T15:00:00.000,167,89,78
2017-05-06T16:00:00.000,193,98,95
2017-05-06T17:00:00.000,142,76,66
2017-05-06T18:00:00.000,123,49,74
2017-05-06T19:00:00.000,87,47,40
2017-05-06T20:00:00.000,47,23,24
2017-05-06T21:00:00.000,32,11,21
2017-05-06T22:00:00.000,27,11,16
2017-05-06T23:00:00.000,19,10,9
2017-05-07T00:00:00.000,14,8,6
2017-05-07T01:00:00.000,7,1,6
2017-05-07T02:00:00.000,4,1,3
2017-05-07T03:00:00.000,1,0,1
2017-05-07T04:00:00.000,2,0,2
2017-05-07T05:00:00.000,1,1,0
2017-05-07T06:00:00.000,13,10,3
2017-05-07T07:00:00.000,38,21,17
2017-05-07T08:00:00.000,74,44,30
2017-05-07T09:00:00.000,76,46,30
2017-05-07T10:00:00.000,129,74,55
2017-05-07T11:00:00.000,168,80,88
2017-05-07T12:00:00.000,198,106,92
2017-05-07T13:00:00.000,218,130,88
2017-05-07T14:00:00.000,193,89,104
2017-05-07T15:00:00.000,209,118,91
2017-05-07T16:00:00.000,228,115,113
2017-05-07T17:00:00.000,215,120,95
2017-05-07T18:00:00.000,149,96,53
2017-05-07T19:00:00.000,75,44,31
2017-05-07T20:00:00.000,34,16,18
2017-05-07T21:00:00.000,28,13,15
2017-05-07T22:00:00.000,11,4,7
2017-05-07T23:00:00.000,13,5,8
2017-05-08T00:00:00.000,3,0,3
2017-05-08T01:00:00.000,5,0,5
2017-05-08T02:00:00.000,1,0,1
2017-05-08T03:00:00.000,1,1,0
2017-05-08T04:00:00.000,6,3,3
2017-05-08T05:00:00.000,51,31,20
2017-05-08T06:00:00.000,168,98,70
2017-05-08T07:00:00.000,477,303,174
2017-05-08T08:00:00.000,661,387,274
2017-05-08T09:00:00.000,276,145,131
2017-05-08T10:00:00.000,114,58,56
2017-05-08T11:00:00.000,60,22,38
2017-05-08T12:00:00.000,51,22,29
2017-05-08T13:00:00.000,63,35,28
2017-05-08T14:00:00.000,104,40,64
2017-05-08T15:00:00.000,160,61,99
2017-05-08T16:00:00.000,387,129,258
2017-05-08T17:00:00.000,788,180,608
2017-05-08T18:00:00.000,545,157,388
2017-05-08T19:00:00.000,215,86,129
2017-05-08T20:00:00.000,135,68,67
2017-05-08T21:00:00.000,66,25,41
2017-05-08T22:00:00.000,29,7,22
2017-05-08T23:00:00.000,21,7,14
2017-05-09T00:00:00.000,5,2,3
2017-05-09T01:00:00.000,4,2,2
2017-05-09T02:00:00.000,0,0,0
2017-05-09T03:00:00.000,1,1,0
2017-05-09T04:00:00.000,8,2,6
2017-05-09T05:00:00.000,48,35,13
2017-05-09T06:00:00.000,213,133,80
2017-05-09T07:00:00.000,570,363,207
2017-05-09T08:00:00.000,696,421,275
2017-05-09T09:00:00.000,323,152,171
2017-05-09T10:00:00.000,126,70,56
2017-05-09T11:00:00.000,90,42,48
2017-05-09T12:00:00.000,107,53,54
2017-05-09T13:00:00.000,113,65,48
2017-05-09T14:00:00.000,143,63,80
2017-05-09T15:00:00.000,183,80,103
2017-05-09T16:00:00.000,433,140,293
2017-05-09T17:00:00.000,827,204,623
2017-05-09T18:00:00.000,571,188,383
2017-05-09T19:00:00.000,284,106,178
2017-05-09T20:00:00.000,153,65,88
2017-05-09T21:00:00.000,86,33,53
2017-05-09T22:00:00.000,59,23,36
2017-05-09T23:00:00.000,28,10,18
2017-05-10T00:00:00.000,12,8,4
2017-05-10T01:00:00.000,4,2,2
2017-05-10T02:00:00.000,1,1,0
2017-05-10T03:00:00.000,2,0,2
2017-05-10T04:00:00.000,7,3,4
2017-05-10T05:00:00.000,52,33,19
2017-05-10T06:00:00.000,234,143,91
2017-05-10T07:00:00.000,519,318,201
2017-05-10T08:00:00.000,645,380,265
2017-05-10T09:00:00.000,289,131,158
2017-05-10T10:00:00.000,134,63,71
2017-05-10T11:00:00.000,101,51,50
2017-05-10T12:00:00.000,90,33,57
2017-05-10T13:00:00.000,136,73,63
2017-05-10T14:00:00.000,134,58,76
2017-05-10T15:00:00.000,197,75,122
2017-05-10T16:00:00.000,456,148,308
2017-05-10T17:00:00.000,812,189,623
2017-05-10T18:00:00.000,598,212,386
2017-05-10T19:00:00.000,249,100,149
2017-05-10T20:00:00.000,160,56,104
2017-05-10T21:00:00.000,85,30,55
2017-05-10T22:00:00.000,55,28,27
2017-05-10T23:00:00.000,27,8,19
2017-05-11T00:00:00.000,12,9,3
2017-05-11T01:00:00.000,5,3,2
2017-05-11T02:00:00.000,2,1,1
2017-05-11T03:00:00.000,3,2,1
2017-05-11T04:00:00.000,7,4,3
2017-05-11T05:00:00.000,33,19,14
2017-05-11T06:00:00.000,117,71,46
2017-05-11T07:00:00.000,345,194,151
2017-05-11T08:00:00.000,454,259,195
2017-05-11T09:00:00.000,232,132,100
2017-05-11T10:00:00.000,102,43,59
2017-05-11T11:00:00.000,35,19,16
2017-05-11T12:00:00.000,41,20,21
2017-05-11T13:00:00.000,35,16,19
2017-05-11T14:00:00.000,44,18,26
2017-05-11T15:00:00.000,94,45,49
2017-05-11T16:00:00.000,196,59,137
2017-05-11T17:00:00.000,524,110,414
2017-05-11T18:00:00.000,275,75,200
2017-05-11T19:00:00.000,147,44,103
2017-05-11T20:00:00.000,143,32,111
2017-05-11T21:00:00.000,39,15,24
2017-05-11T22:00:00.000,15,5,10
2017-05-11T23:00:00.000,18,1,17
2017-05-12T00:00:00.000,11,3,8
2017-05-12T01:00:00.000,3,2,1
2017-05-12T02:00:00.000,5,5,0
2017-05-12T03:00:00.000,2,0,2
2017-05-12T04:00:00.000,5,3,2
2017-05-12T05:00:00.000,38,28,10
2017-05-12T06:00:00.000,127,71,56
2017-05-12T07:00:00.000,386,216,170
2017-05-12T08:00:00.000,475,265,210
2017-05-12T09:00:00.000,223,109,114
2017-05-12T10:00:00.000,100,47,53
2017-05-12T11:00:00.000,75,28,47
2017-05-12T12:00:00.000,60,23,37
2017-05-12T13:00:00.000,51,22,29
2017-05-12T14:00:00.000,88,37,51
2017-05-12T15:00:00.000,125,51,74
2017-05-12T16:00:00.000,256,60,196
2017-05-12T17:00:00.000,485,122,363
2017-05-12T18:00:00.000,277,59,218
2017-05-12T19:00:00.000,132,50,82
2017-05-12T20:00:00.000,50,22,28
2017-05-12T21:00:00.000,38,12,26
2017-05-12T22:00:00.000,20,9,11
2017-05-12T23:00:00.000,18,6,12
2017-05-13T00:00:00.000,11,6,5
2017-05-13T01:00:00.000,2,1,1
2017-05-13T02:00:00.000,8,5,3
2017-05-13T03:00:00.000,5,0,5
2017-05-13T04:00:00.000,2,2,0
2017-05-13T05:00:00.000,6,2,4
2017-05-13T06:00:00.000,18,7,11
2017-05-13T07:00:00.000,31,15,16
2017-05-13T08:00:00.000,59,30,29
2017-05-13T09:00:00.000,84,46,38
2017-05-13T10:00:00.000,95,59,36
2017-05-13T11:00:00.000,121,56,65
2017-05-13T12:00:00.000,112,61,51
2017-05-13T13:00:00.000,94,43,51
2017-05-13T14:00:00.000,99,50,49
2017-05-13T15:00:00.000,160,85,75
2017-05-13T16:00:00.000,116,60,56
2017-05-13T17:00:00.000,113,58,55
2017-05-13T18:00:00.000,78,30,48
2017-05-13T19:00:00.000,42,15,27
2017-05-13T20:00:00.000,22,12,10
2017-05-13T21:00:00.000,21,12,9
2017-05-13T22:00:00.000,10,6,4
2017-05-13T23:00:00.000,24,8,16
2017-05-14T00:00:00.000,16,6,10
2017-05-14T01:00:00.000,6,3,3
2017-05-14T02:00:00.000,1,1,0
2017-05-14T03:00:00.000,3,1,2
2017-05-14T04:00:00.000,1,0,1
2017-05-14T05:00:00.000,4,2,2
2017-05-14T06:00:00.000,10,5,5
2017-05-14T07:00:00.000,20,12,8
2017-05-14T08:00:00.000,37,23,14
2017-05-14T09:00:00.000,52,37,15
2017-05-14T10:00:00.000,46,21,25
2017-05-14T11:00:00.000,69,37,32
2017-05-14T12:00:00.000,104,55,49
2017-05-14T13:00:00.000,89,50,39
2017-05-14T14:00:00.000,97,56,41
2017-05-14T15:00:00.000,105,56,49
2017-05-14T16:00:00.000,81,42,39
2017-05-14T17:00:00.000,77,36,41
2017-05-14T18:00:00.000,65,35,30
2017-05-14T19:00:00.000,40,18,22
2017-05-14T20:00:00.000,40,12,28
2017-05-14T21:00:00.000,22,11,11
2017-05-14T22:00:00.000,19,14,5
2017-05-14T23:00:00.000,12,5,7
2017-05-15T00:00:00.000,6,1,5
2017-05-15T01:00:00.000,6,2,4
2017-05-15T02:00:00.000,0,0,0
2017-05-15T03:00:00.000,1,1,0
2017-05-15T04:00:00.000,9,4,5
2017-05-15T05:00:00.000,42,30,12
2017-05-15T06:00:00.000,151,94,57
2017-05-15T07:00:00.000,373,232,141
2017-05-15T08:00:00.000,511,305,206
2017-05-15T09:00:00.000,201,107,94
2017-05-15T10:00:00.000,90,44,46
2017-05-15T11:00:00.000,52,24,28
2017-05-15T12:00:00.000,48,21,27
2017-05-15T13:00:00.000,49,27,22
2017-05-15T14:00:00.000,56,18,38
2017-05-15T15:00:00.000,89,31,58
2017-05-15T16:00:00.000,197,44,153
2017-05-15T17:00:00.000,493,103,390
2017-05-15T18:00:00.000,311,68,243
2017-05-15T19:00:00.000,120,39,81
2017-05-15T20:00:00.000,54,28,26
2017-05-15T21:00:00.000,32,8,24
2017-05-15T22:00:00.000,23,11,12
2017-05-15T23:00:00.000,4,0,4
2017-05-16T00:00:00.000,3,3,0
2017-05-16T01:00:00.000,3,1,2
2017-05-16T02:00:00.000,1,0,1
2017-05-16T03:00:00.000,1,0,1
2017-05-16T04:00:00.000,7,3,4
2017-05-16T05:00:00.000,26,19,7
2017-05-16T06:00:00.000,87,49,38
2017-05-16T07:00:00.000,228,142,86
2017-05-16T08:00:00.000,335,180,155
2017-05-16T09:00:00.000,156,75,81
2017-05-16T10:00:00.000,42,22,20
2017-05-16T11:00:00.000,36,12,24
2017-05-16T12:00:00.000,30,15,15
2017-05-16T13:00:00.000,53,23,30
2017-05-16T14:00:00.000,62,30,32
2017-05-16T15:00:00.000,104,48,56
2017-05-16T16:00:00.000,207,52,155
2017-05-16T17:00:00.000,405,93,312
2017-05-16T18:00:00.000,296,114,182
2017-05-16T19:00:00.000,133,46,87
2017-05-16T20:00:00.000,66,23,43
2017-05-16T21:00:00.000,35,10,25
2017-05-16T22:00:00.000,35,15,20
2017-05-16T23:00:00.000,21,6,15
2017-05-17T00:00:00.000,2,0,2
2017-05-17T01:00:00.000,2,1,1
2017-05-17T02:00:00.000,5,3,2
2017-05-17T03:00:00.000,2,1,1
2017-05-17T04:00:00.000,7,5,2
2017-05-17T05:00:00.000,45,25,20
2017-05-17T06:00:00.000,179,111,68
2017-05-17T07:00:00.000,475,278,197
2017-05-17T08:00:00.000,548,327,221
2017-05-17T09:00:00.000,285,162,123
2017-05-17T10:00:00.000,105,39,66
2017-05-17T11:00:00.000,67,30,37
2017-05-17T12:00:00.000,95,47,48
2017-05-17T13:00:00.000,76,46,30
2017-05-17T14:00:00.000,100,47,53
2017-05-17T15:00:00.000,152,53,99
2017-05-17T16:00:00.000,332,94,238
2017-05-17T17:00:00.000,732,169,563
2017-05-17T18:00:00.000,438,132,306
2017-05-17T19:00:00.000,209,69,140
2017-05-17T20:00:00.000,130,53,77
2017-05-17T21:00:00.000,64,26,38
2017-05-17T22:00:00.000,50,17,33
2017-05-17T23:00:00.000,25,12,13
2017-05-18T00:00:00.000,8,3,5
2017-05-18T01:00:00.000,3,1,2
2017-05-18T02:00:00.000,0,0,0
2017-05-18T03:00:00.000,4,2,2
2017-05-18T04:00:00.000,4,3,1
2017-05-18T05:00:00.000,47,31,16
2017-05-18T06:00:00.000,201,137,64
2017-05-18T07:00:00.000,434,265,169
2017-05-18T08:00:00.000,628,359,269
2017-05-18T09:00:00.000,289,150,139
2017-05-18T10:00:00.000,132,50,82
2017-05-18T11:00:00.000,81,40,41
2017-05-18T12:00:00.000,77,40,37
2017-05-18T13:00:00.000,93,35,58
2017-05-18T14:00:00.000,123,52,71
2017-05-18T15:00:00.000,170,55,115
2017-05-18T16:00:00.000,407,118,289
2017-05-18T17:00:00.000,671,186,485
2017-05-18T18:00:00.000,450,130,320
2017-05-18T19:00:00.000,245,97,148
2017-05-18T20:00:00.000,156,59,97
2017-05-18T21:00:00.000,82,38,44
2017-05-18T22:00:00.000,72,31,41
2017-05-18T23:00:00.000,20,2,18
2017-05-19T00:00:00.000,15,6,9
2017-05-19T01:00:00.000,6,3,3
2017-05-19T02:00:00.000,3,3,0
2017-05-19T03:00:00.000,6,3,3
2017-05-19T04:00:00.000,9,3,6
2017-05-19T05:00:00.000,70,48,22
2017-05-19T06:00:00.000,279,216,63
2017-05-19T07:00:00.000,719,517,202
2017-05-19T08:00:00.000,789,513,276
2017-05-19T09:00:00.000,354,178,176
2017-05-19T10:00:00.000,144,69,75
2017-05-19T11:00:00.000,114,54,60
2017-05-19T12:00:00.000,119,43,76
2017-05-19T13:00:00.000,132,59,73
2017-05-19T14:00:00.000,200,88,112
2017-05-19T15:00:00.000,306,111,195
2017-05-19T16:00:00.000,514,114,400
2017-05-19T17:00:00.000,743,190,553
2017-05-19T18:00:00.000,434,123,311
2017-05-19T19:00:00.000,189,70,119
2017-05-19T20:00:00.000,95,40,55
2017-05-19T21:00:00.000,72,23,49
2017-05-19T22:00:00.000,42,14,28
2017-05-19T23:00:00.000,38,10,28
2017-05-20T00:00:00.000,26,10,16
2017-05-20T01:00:00.000,14,7,7
2017-05-20T02:00:00.000,5,2,3
2017-05-20T03:00:00.000,7,3,4
2017-05-20T04:00:00.000,2,2,0
2017-05-20T05:00:00.000,10,7,3
2017-05-20T06:00:00.000,26,15,11
2017-05-20T07:00:00.000,57,24,33
2017-05-20T08:00:00.000,116,56,60
2017-05-20T09:00:00.000,133,65,68
2017-05-20T10:00:00.000,169,87,82
2017-05-20T11:00:00.000,193,100,93
2017-05-20T12:00:00.000,216,93,123
2017-05-20T13:00:00.000,231,114,117
2017-05-20T14:00:00.000,217,106,111
2017-05-20T15:00:00.000,249,121,128
2017-05-20T16:00:00.000,198,98,100
2017-05-20T17:00:00.000,189,77,112
2017-05-20T18:00:00.000,176,86,90
2017-05-20T19:00:00.000,100,62,38
2017-05-20T20:00:00.000,83,38,45
2017-05-20T21:00:00.000,48,26,22
2017-05-20T22:00:00.000,57,28,29
2017-05-20T23:00:00.000,28,15,13
2017-05-21T00:00:00.000,12,4,8
2017-05-21T01:00:00.000,4,2,2
2017-05-21T02:00:00.000,3,2,1
2017-05-21T03:00:00.000,1,0,1
2017-05-21T04:00:00.000,4,2,2
2017-05-21T05:00:00.000,4,4,0
2017-05-21T06:00:00.000,24,10,14
2017-05-21T07:00:00.000,45,17,28
2017-05-21T08:00:00.000,80,41,39
2017-05-21T09:00:00.000,111,52,59
2017-05-21T10:00:00.000,182,92,90
2017-05-21T11:00:00.000,208,95,113
2017-05-21T12:00:00.000,226,129,97
2017-05-21T13:00:00.000,208,111,97
2017-05-21T14:00:00.000,234,118,116
2017-05-21T15:00:00.000,251,143,108
2017-05-21T16:00:00.000,220,129,91
2017-05-21T17:00:00.000,226,140,86
2017-05-21T18:00:00.000,150,80,70
2017-05-21T19:00:00.000,116,66,50
2017-05-21T20:00:00.000,44,24,20
2017-05-21T21:00:00.000,41,16,25
2017-05-21T22:00:00.000,23,12,11
2017-05-21T23:00:00.000,14,4,10
2017-05-22T00:00:00.000,5,3,2
2017-05-22T01:00:00.000,4,2,2
2017-05-22T02:00:00.000,2,1,1
2017-05-22T03:00:00.000,2,0,2
2017-05-22T04:00:00.000,9,6,3
2017-05-22T05:00:00.000,58,41,17
2017-05-22T06:00:00.000,232,137,95
2017-05-22T07:00:00.000,545,351,194
2017-05-22T08:00:00.000,711,399,312
2017-05-22T09:00:00.000,379,181,198
2017-05-22T10:00:00.000,136,56,80
2017-05-22T11:00:00.000,94,52,42
2017-05-22T12:00:00.000,104,49,55
2017-05-22T13:00:00.000,89,45,44
2017-05-22T14:00:00.000,123,65,58
2017-05-22T15:00:00.000,206,77,129
2017-05-22T16:00:00.000,442,116,326
2017-05-22T17:00:00.000,913,217,696
2017-05-22T18:00:00.000,563,194,369
2017-05-22T19:00:00.000,290,114,176
2017-05-22T20:00:00.000,169,73,96
2017-05-22T21:00:00.000,97,53,44
2017-05-22T22:00:00.000,37,18,19
2017-05-22T23:00:00.000,19,11,8
2017-05-23T00:00:00.000,11,3,8
2017-05-23T01:00:00.000,6,5,1
2017-05-23T02:00:00.000,4,1,3
2017-05-23T03:00:00.000,2,2,0
2017-05-23T04:00:00.000,14,7,7
2017-05-23T05:00:00.000,62,37,25
2017-05-23T06:00:00.000,241,154,87
2017-05-23T07:00:00.000,666,400,266
2017-05-23T08:00:00.000,763,431,332
2017-05-23T09:00:00.000,350,177,173
2017-05-23T10:00:00.000,150,64,86
2017-05-23T11:00:00.000,108,47,61
2017-05-23T12:00:00.000,130,67,63
2017-05-23T13:00:00.000,118,53,65
2017-05-23T14:00:00.000,138,61,77
2017-05-23T15:00:00.000,208,66,142
2017-05-23T16:00:00.000,457,122,335
2017-05-23T17:00:00.000,874,210,664
2017-05-23T18:00:00.000,574,177,397
2017-05-23T19:00:00.000,282,88,194
2017-05-23T20:00:00.000,158,79,79
2017-05-23T21:00:00.000,94,40,54
2017-05-23T22:00:00.000,48,26,22
2017-05-23T23:00:00.000,20,12,8
2017-05-24T00:00:00.000,4,2,2
2017-05-24T01:00:00.000,8,4,4
2017-05-24T02:00:00.000,1,0,1
2017-05-24T03:00:00.000,2,2,0
2017-05-24T04:00:00.000,8,4,4
2017-05-24T05:00:00.000,44,30,14
2017-05-24T06:00:00.000,194,121,73
2017-05-24T07:00:00.000,503,311,192
2017-05-24T08:00:00.000,636,369,267
2017-05-24T09:00:00.000,352,162,190
2017-05-24T10:00:00.000,129,64,65
2017-05-24T11:00:00.000,81,40,41
2017-05-24T12:00:00.000,82,41,41
2017-05-24T13:00:00.000,90,33,57
2017-05-24T14:00:00.000,90,35,55
2017-05-24T15:00:00.000,152,67,85
2017-05-24T16:00:00.000,381,109,272
2017-05-24T17:00:00.000,713,173,540
2017-05-24T18:00:00.000,527,161,366
2017-05-24T19:00:00.000,221,88,133
2017-05-24T20:00:00.000,154,61,93
2017-05-24T21:00:00.000,94,39,55
2017-05-24T22:00:00.000,45,24,21
2017-05-24T23:00:00.000,24,9,15
2017-05-25T00:00:00.000,15,9,6
2017-05-25T01:00:00.000,1,1,0
2017-05-25T02:00:00.000,5,1,4
2017-05-25T03:00:00.000,4,3,1
2017-05-25T04:00:00.000,9,6,3
2017-05-25T05:00:00.000,61,45,16
2017-05-25T06:00:00.000,205,126,79
2017-05-25T07:00:00.000,489,301,188
2017-05-25T08:00:00.000,668,382,286
2017-05-25T09:00:00.000,353,172,181
2017-05-25T10:00:00.000,143,71,72
2017-05-25T11:00:00.000,108,56,52
2017-05-25T12:00:00.000,109,61,48
2017-05-25T13:00:00.000,104,53,51
2017-05-25T14:00:00.000,141,56,85
2017-05-25T15:00:00.000,168,63,105
2017-05-25T16:00:00.000,390,109,281
2017-05-25T17:00:00.000,792,185,607
2017-05-25T18:00:00.000,550,163,387
2017-05-25T19:00:00.000,271,103,168
2017-05-25T20:00:00.000,164,73,91
2017-05-25T21:00:00.000,97,52,45
2017-05-25T22:00:00.000,74,33,41
2017-05-25T23:00:00.000,21,12,9
2017-05-26T00:00:00.000,36,27,9
2017-05-26T01:00:00.000,11,2,9
2017-05-26T02:00:00.000,1,1,0
2017-05-26T03:00:00.000,4,3,1
2017-05-26T04:00:00.000,11,3,8
2017-05-26T05:00:00.000,58,36,22
2017-05-26T06:00:00.000,159,90,69
2017-05-26T07:00:00.000,414,264,150
2017-05-26T08:00:00.000,587,317,270
2017-05-26T09:00:00.000,281,146,135
2017-05-26T10:00:00.000,180,86,94
2017-05-26T11:00:00.000,127,67,60
2017-05-26T12:00:00.000,160,77,83
2017-05-26T13:00:00.000,162,65,97
2017-05-26T14:00:00.000,219,83,136
2017-05-26T15:00:00.000,318,123,195
2017-05-26T16:00:00.000,484,123,361
2017-05-26T17:00:00.000,508,144,364
2017-05-26T18:00:00.000,378,123,255
2017-05-26T19:00:00.000,165,57,108
2017-05-26T20:00:00.000,115,54,61
2017-05-26T21:00:00.000,92,40,52
2017-05-26T22:00:00.000,36,16,20
2017-05-26T23:00:00.000,37,16,21
2017-05-27T00:00:00.000,25,16,9
2017-05-27T01:00:00.000,11,2,9
2017-05-27T02:00:00.000,8,2,6
2017-05-27T03:00:00.000,4,2,2
2017-05-27T04:00:00.000,6,2,4
2017-05-27T05:00:00.000,11,7,4
2017-05-27T06:00:00.000,37,20,17
2017-05-27T07:00:00.000,65,33,32
2017-05-27T08:00:00.000,110,51,59
2017-05-27T09:00:00.000,155,78,77
2017-05-27T10:00:00.000,153,91,62
2017-05-27T11:00:00.000,204,109,95
2017-05-27T12:00:00.000,172,97,75
2017-05-27T13:00:00.000,192,94,98
2017-05-27T14:00:00.000,204,103,101
2017-05-27T15:00:00.000,181,84,97
2017-05-27T16:00:00.000,208,106,102
2017-05-27T17:00:00.000,162,72,90
2017-05-27T18:00:00.000,153,70,83
2017-05-27T19:00:00.000,113,40,73
2017-05-27T20:00:00.000,74,27,47
2017-05-27T21:00:00.000,60,21,39
2017-05-27T22:00:00.000,47,18,29
2017-05-27T23:00:00.000,50,18,32
2017-05-28T00:00:00.000,28,9,19
2017-05-28T01:00:00.000,8,2,6
2017-05-28T02:00:00.000,8,3,5
2017-05-28T03:00:00.000,2,0,2
2017-05-28T04:00:00.000,10,7,3
2017-05-28T05:00:00.000,99,68,31
2017-05-28T06:00:00.000,171,103,68
2017-05-28T07:00:00.000,53,29,24
2017-05-28T08:00:00.000,91,30,61
2017-05-28T09:00:00.000,157,64,93
2017-05-28T10:00:00.000,221,89,132
2017-05-28T11:00:00.000,203,86,117
2017-05-28T12:00:00.000,273,127,146
2017-05-28T13:00:00.000,226,96,130
2017-05-28T14:00:00.000,198,81,117
2017-05-28T15:00:00.000,184,89,95
2017-05-28T16:00:00.000,179,97,82
2017-05-28T17:00:00.000,134,61,73
2017-05-28T18:00:00.000,134,54,80
2017-05-28T19:00:00.000,104,45,59
2017-05-28T20:00:00.000,90,32,58
2017-05-28T21:00:00.000,45,18,27
2017-05-28T22:00:00.000,37,12,25
2017-05-28T23:00:00.000,16,6,10
2017-05-29T00:00:00.000,12,2,10
2017-05-29T01:00:00.000,3,0,3
2017-05-29T02:00:00.000,1,1,0
2017-05-29T03:00:00.000,1,1,0
2017-05-29T04:00:00.000,3,1,2
2017-05-29T05:00:00.000,15,12,3
2017-05-29T06:00:00.000,29,15,14
2017-05-29T07:00:00.000,40,24,16
2017-05-29T08:00:00.000,83,41,42
2017-05-29T09:00:00.000,120,63,57
2017-05-29T10:00:00.000,147,65,82
2017-05-29T11:00:00.000,147,76,71
2017-05-29T12:00:00.000,188,85,103
2017-05-29T13:00:00.000,255,113,142
2017-05-29T14:00:00.000,217,112,105
2017-05-29T15:00:00.000,236,120,116
2017-05-29T16:00:00.000,209,91,118
2017-05-29T17:00:00.000,237,100,137
2017-05-29T18:00:00.000,148,80,68
2017-05-29T19:00:00.000,126,56,70
2017-05-29T20:00:00.000,90,40,50
2017-05-29T21:00:00.000,48,18,30
2017-05-29T22:00:00.000,26,12,14
2017-05-29T23:00:00.000,15,8,7
2017-05-30T00:00:00.000,10,3,7
2017-05-30T01:00:00.000,0,0,0
2017-05-30T02:00:00.000,2,0,2
2017-05-30T03:00:00.000,2,1,1
2017-05-30T04:00:00.000,7,3,4
2017-05-30T05:00:00.000,39,28,11
2017-05-30T06:00:00.000,158,94,64
2017-05-30T07:00:00.000,387,223,164
2017-05-30T08:00:00.000,553,316,237
2017-05-30T09:00:00.000,262,138,124
2017-05-30T10:00:00.000,85,46,39
2017-05-30T11:00:00.000,62,30,32
2017-05-30T12:00:00.000,64,37,27
2017-05-30T13:00:00.000,63,28,35
2017-05-30T14:00:00.000,61,18,43
2017-05-30T15:00:00.000,123,51,72
2017-05-30T16:00:00.000,269,65,204
2017-05-30T17:00:00.000,621,128,493
2017-05-30T18:00:00.000,394,128,266
2017-05-30T19:00:00.000,160,52,108
2017-05-30T20:00:00.000,96,36,60
2017-05-30T21:00:00.000,42,15,27
2017-05-30T22:00:00.000,26,11,15
2017-05-30T23:00:00.000,5,2,3
2017-05-31T00:00:00.000,6,3,3
2017-05-31T01:00:00.000,2,1,1
2017-05-31T02:00:00.000,1,0,1
2017-05-31T03:00:00.000,1,0,1
2017-05-31T04:00:00.000,8,5,3
2017-05-31T05:00:00.000,45,30,15
2017-05-31T06:00:00.000,201,122,79
2017-05-31T07:00:00.000,488,293,195
2017-05-31T08:00:00.000,592,325,267
2017-05-31T09:00:00.000,296,154,142
2017-05-31T10:00:00.000,111,58,53
2017-05-31T11:00:00.000,102,51,51
2017-05-31T12:00:00.000,88,48,40
2017-05-31T13:00:00.000,127,61,66
2017-05-31T14:00:00.000,119,45,74
2017-05-31T15:00:00.000,199,69,130
2017-05-31T16:00:00.000,369,106,263
2017-05-31T17:00:00.000,721,178,543
2017-05-31T18:00:00.000,501,156,345
2017-05-31T19:00:00.000,212,83,129
2017-05-31T20:00:00.000,140,57,83
2017-05-31T21:00:00.000,67,27,40
2017-05-31T22:00:00.000,49,26,23
2017-05-31T23:00:00.000,48,32,16
2017-06-01T00:00:00.000,17,10,7
2017-06-01T01:00:00.000,5,2,3
2017-06-01T02:00:00.000,3,2,1
2017-06-01T03:00:00.000,2,1,1
2017-06-01T04:00:00.000,9,6,3
2017-06-01T05:00:00.000,51,34,17
2017-06-01T06:00:00.000,162,96,66
2017-06-01T07:00:00.000,375,222,153
2017-06-01T08:00:00.000,467,257,210
2017-06-01T09:00:00.000,257,131,126
2017-06-01T10:00:00.000,103,55,48
2017-06-01T11:00:00.000,77,37,40
2017-06-01T12:00:00.000,59,25,34
2017-06-01T13:00:00.000,102,46,56
2017-06-01T14:00:00.000,110,51,59
2017-06-01T15:00:00.000,148,65,83
2017-06-01T16:00:00.000,351,94,257
2017-06-01T17:00:00.000,630,164,466
2017-06-01T18:00:00.000,416,128,288
2017-06-01T19:00:00.000,204,75,129
2017-06-01T20:00:00.000,142,60,82
2017-06-01T21:00:00.000,91,42,49
2017-06-01T22:00:00.000,49,28,21
2017-06-01T23:00:00.000,16,10,6
2017-06-02T00:00:00.000,13,5,8
2017-06-02T01:00:00.000,4,3,1
2017-06-02T02:00:00.000,6,2,4
2017-06-02T03:00:00.000,7,4,3
2017-06-02T04:00:00.000,4,0,4
2017-06-02T05:00:00.000,50,40,10
2017-06-02T06:00:00.000,161,98,63
2017-06-02T07:00:00.000,352,217,135
2017-06-02T08:00:00.000,522,296,226
2017-06-02T09:00:00.000,275,141,134
2017-06-02T10:00:00.000,120,63,57
2017-06-02T11:00:00.000,96,48,48
2017-06-02T12:00:00.000,101,45,56
2017-06-02T13:00:00.000,117,47,70
2017-06-02T14:00:00.000,143,67,76
2017-06-02T15:00:00.000,205,71,134
2017-06-02T16:00:00.000,402,113,289
2017-06-02T17:00:00.000,610,151,459
2017-06-02T18:00:00.000,375,124,251
2017-06-02T19:00:00.000,197,84,113
2017-06-02T20:00:00.000,123,57,66
2017-06-02T21:00:00.000,84,29,55
2017-06-02T22:00:00.000,45,22,23
2017-06-02T23:00:00.000,28,11,17
2017-06-03T00:00:00.000,22,5,17
2017-06-03T01:00:00.000,7,1,6
2017-06-03T02:00:00.000,7,5,2
2017-06-03T03:00:00.000,0,0,0
2017-06-03T04:00:00.000,6,3,3
2017-06-03T05:00:00.000,12,8,4
2017-06-03T06:00:00.000,27,11,16
2017-06-03T07:00:00.000,49,23,26
2017-06-03T08:00:00.000,113,64,49
2017-06-03T09:00:00.000,94,59,35
2017-06-03T10:00:00.000,120,64,56
2017-06-03T11:00:00.000,154,78,76
2017-06-03T12:00:00.000,150,79,71
2017-06-03T13:00:00.000,141,71,70
2017-06-03T14:00:00.000,141,72,69
2017-06-03T15:00:00.000,163,85,78
2017-06-03T16:00:00.000,144,76,68
2017-06-03T17:00:00.000,157,78,79
2017-06-03T18:00:00.000,92,42,50
2017-06-03T19:00:00.000,85,45,40
2017-06-03T20:00:00.000,95,42,53
2017-06-03T21:00:00.000,43,19,24
2017-06-03T22:00:00.000,48,27,21
2017-06-03T23:00:00.000,21,11,10
2017-06-04T00:00:00.000,15,9,6
2017-06-04T01:00:00.000,4,2,2
2017-06-04T02:00:00.000,4,1,3
2017-06-04T03:00:00.000,8,6,2
2017-06-04T04:00:00.000,8,4,4
2017-06-04T05:00:00.000,7,4,3
2017-06-04T06:00:00.000,13,5,8
2017-06-04T07:00:00.000,51,29,22
2017-06-04T08:00:00.000,105,60,45
2017-06-04T09:00:00.000,134,70,64
2017-06-04T10:00:00.000,117,62,55
2017-06-04T11:00:00.000,148,74,74
2017-06-04T12:00:00.000,180,93,87
2017-06-04T13:00:00.000,210,104,106
2017-06-04T14:00:00.000,188,88,100
2017-06-04T15:00:00.000,176,73,103
2017-06-04T16:00:00.000,220,126,94
2017-06-04T17:00:00.000,146,61,85
2017-06-04T18:00:00.000,133,65,68
2017-06-04T19:00:00.000,71,37,34
2017-06-04T20:00:00.000,48,31,17
2017-06-04T21:00:00.000,28,10,18
2017-06-04T22:00:00.000,27,7,20
2017-06-04T23:00:00.000,9,3,6
2017-06-05T00:00:00.000,5,3,2
2017-06-05T01:00:00.000,4,3,1
2017-06-05T02:00:00.000,1,0,1
2017-06-05T03:00:00.000,2,1,1
2017-06-05T04:00:00.000,10,7,3
2017-06-05T05:00:00.000,55,39,16
2017-06-05T06:00:00.000,198,114,84
2017-06-05T07:00:00.000,460,282,178
2017-06-05T08:00:00.000,646,361,285
2017-06-05T09:00:00.000,313,165,148
2017-06-05T10:00:00.000,117,64,53
2017-06-05T11:00:00.000,96,56,40
2017-06-05T12:00:00.000,87,47,40
2017-06-05T13:00:00.000,97,50,47
2017-06-05T14:00:00.000,109,56,53
2017-06-05T15:00:00.000,177,76,101
2017-06-05T16:00:00.000,400,116,284
2017-06-05T17:00:00.000,819,176,643
2017-06-05T18:00:00.000,497,136,361
2017-06-05T19:00:00.000,276,92,184
2017-06-05T20:00:00.000,137,56,81
2017-06-05T21:00:00.000,88,31,57
2017-06-05T22:00:00.000,32,15,17
2017-06-05T23:00:00.000,31,16,15
2017-06-06T00:00:00.000,11,3,8
2017-06-06T01:00:00.000,2,0,2
2017-06-06T02:00:00.000,2,0,2
2017-06-06T03:00:00.000,2,1,1
2017-06-06T04:00:00.000,14,10,4
2017-06-06T05:00:00.000,58,36,22
2017-06-06T06:00:00.000,218,133,85
2017-06-06T07:00:00.000,529,299,230
2017-06-06T08:00:00.000,747,418,329
2017-06-06T09:00:00.000,327,160,167
2017-06-06T10:00:00.000,136,68,68
2017-06-06T11:00:00.000,121,58,63
2017-06-06T12:00:00.000,110,53,57
2017-06-06T13:00:00.000,128,73,55
2017-06-06T14:00:00.000,125,56,69
2017-06-06T15:00:00.000,198,87,111
2017-06-06T16:00:00.000,407,117,290
2017-06-06T17:00:00.000,854,209,645
2017-06-06T18:00:00.000,506,151,355
2017-06-06T19:00:00.000,328,102,226
2017-06-06T20:00:00.000,160,67,93
2017-06-06T21:00:00.000,84,46,38
2017-06-06T22:00:00.000,52,18,34
2017-06-06T23:00:00.000,21,9,12
2017-06-07T00:00:00.000,10,5,5
2017-06-07T01:00:00.000,10,4,6
2017-06-07T02:00:00.000,5,3,2
2017-06-07T03:00:00.000,3,3,0
2017-06-07T04:00:00.000,9,5,4
2017-06-07T05:00:00.000,57,39,18
2017-06-07T06:00:00.000,199,116,83
2017-06-07T07:00:00.000,540,328,212
2017-06-07T08:00:00.000,704,411,293
2017-06-07T09:00:00.000,350,190,160
2017-06-07T10:00:00.000,159,73,86
2017-06-07T11:00:00.000,106,51,55
2017-06-07T12:00:00.000,97,49,48
2017-06-07T13:00:00.000,108,51,57
2017-06-07T14:00:00.000,124,55,69
2017-06-07T15:00:00.000,194,92,102
2017-06-07T16:00:00.000,385,98,287
2017-06-07T17:00:00.000,822,181,641
2017-06-07T18:00:00.000,510,177,333
2017-06-07T19:00:00.000,315,113,202
2017-06-07T20:00:00.000,172,85,87
2017-06-07T21:00:00.000,99,49,50
2017-06-07T22:00:00.000,70,37,33
2017-06-07T23:00:00.000,24,12,12
2017-06-08T00:00:00.000,12,6,6
2017-06-08T01:00:00.000,5,3,2
2017-06-08T02:00:00.000,0,0,0
2017-06-08T03:00:00.000,1,0,1
2017-06-08T04:00:00.000,6,3,3
2017-06-08T05:00:00.000,32,22,10
2017-06-08T06:00:00.000,93,53,40
2017-06-08T07:00:00.000,243,157,86
2017-06-08T08:00:00.000,300,173,127
2017-06-08T09:00:00.000,173,85,88
2017-06-08T10:00:00.000,65,35,30
2017-06-08T11:00:00.000,43,23,20
2017-06-08T12:00:00.000,37,21,16
2017-06-08T13:00:00.000,32,17,15
2017-06-08T14:00:00.000,50,18,32
2017-06-08T15:00:00.000,84,41,43
2017-06-08T16:00:00.000,203,61,142
2017-06-08T17:00:00.000,467,123,344
2017-06-08T18:00:00.000,279,74,205
2017-06-08T19:00:00.000,137,42,95
2017-06-08T20:00:00.000,103,45,58
2017-06-08T21:00:00.000,51,26,25
2017-06-08T22:00:00.000,44,19,25
2017-06-08T23:00:00.000,20,4,16
2017-06-09T00:00:00.000,11,4,7
2017-06-09T01:00:00.000,6,2,4
2017-06-09T02:00:00.000,0,0,0
2017-06-09T03:00:00.000,4,0,4
2017-06-09T04:00:00.000,5,3,2
2017-06-09T05:00:00.000,39,28,11
2017-06-09T06:00:00.000,117,61,56
2017-06-09T07:00:00.000,327,192,135
2017-06-09T08:00:00.000,493,279,214
2017-06-09T09:00:00.000,282,152,130
2017-06-09T10:00:00.000,115,61,54
2017-06-09T11:00:00.000,78,37,41
2017-06-09T12:00:00.000,75,36,39
2017-06-09T13:00:00.000,98,56,42
2017-06-09T14:00:00.000,79,30,49
2017-06-09T15:00:00.000,125,41,84
2017-06-09T16:00:00.000,349,83,266
2017-06-09T17:00:00.000,537,136,401
2017-06-09T18:00:00.000,293,76,217
2017-06-09T19:00:00.000,149,56,93
2017-06-09T20:00:00.000,69,22,47
2017-06-09T21:00:00.000,45,24,21
2017-06-09T22:00:00.000,33,9,24
2017-06-09T23:00:00.000,38,14,24
2017-06-10T00:00:00.000,18,9,9
2017-06-10T01:00:00.000,6,4,2
2017-06-10T02:00:00.000,10,4,6
2017-06-10T03:00:00.000,5,0,5
2017-06-10T04:00:00.000,6,2,4
2017-06-10T05:00:00.000,14,5,9
2017-06-10T06:00:00.000,26,13,13
2017-06-10T07:00:00.000,69,38,31
2017-06-10T08:00:00.000,99,51,48
2017-06-10T09:00:00.000,134,83,51
2017-06-10T10:00:00.000,143,78,65
2017-06-10T11:00:00.000,160,75,85
2017-06-10T12:00:00.000,185,84,101
2017-06-10T13:00:00.000,195,100,95
2017-06-10T14:00:00.000,237,126,111
2017-06-10T15:00:00.000,243,142,101
2017-06-10T16:00:00.000,230,148,82
2017-06-10T17:00:00.000,278,134,144
2017-06-10T18:00:00.000,214,108,106
2017-06-10T19:00:00.000,108,59,49
2017-06-10T20:00:00.000,102,50,52
2017-06-10T21:00:00.000,57,35,22
2017-06-10T22:00:00.000,48,23,25
2017-06-10T23:00:00.000,20,8,12
2017-06-11T00:00:00.000,31,7,24
2017-06-11T01:00:00.000,6,3,3
2017-06-11T02:00:00.000,2,2,0
2017-06-11T03:00:00.000,3,1,2
2017-06-11T04:00:00.000,2,2,0
2017-06-11T05:00:00.000,5,2,3
2017-06-11T06:00:00.000,22,12,10
2017-06-11T07:00:00.000,43,20,23
2017-06-11T08:00:00.000,66,44,22
2017-06-11T09:00:00.000,103,53,50
2017-06-11T10:00:00.000,124,60,64
2017-06-11T11:00:00.000,168,82,86
2017-06-11T12:00:00.000,165,84,81
2017-06-11T13:00:00.000,237,136,101
2017-06-11T14:00:00.000,208,101,107
2017-06-11T15:00:00.000,187,83,104
2017-06-11T16:00:00.000,181,87,94
2017-06-11T17:00:00.000,173,67,106
2017-06-11T18:00:00.000,122,65,57
2017-06-11T19:00:00.000,106,57,49
2017-06-11T20:00:00.000,74,34,40
2017-06-11T21:00:00.000,44,25,19
2017-06-11T22:00:00.000,29,10,19
2017-06-11T23:00:00.000,16,9,7
2017-06-12T00:00:00.000,2,1,1
2017-06-12T01:00:00.000,3,1,2
2017-06-12T02:00:00.000,3,2,1
2017-06-12T03:00:00.000,2,0,2
2017-06-12T04:00:00.000,10,7,3
2017-06-12T05:00:00.000,54,32,22
2017-06-12T06:00:00.000,175,108,67
2017-06-12T07:00:00.000,436,273,163
2017-06-12T08:00:00.000,594,330,264
2017-06-12T09:00:00.000,272,141,131
2017-06-12T10:00:00.000,139,79,60
2017-06-12T11:00:00.000,84,43,41
2017-06-12T12:00:00.000,74,37,37
2017-06-12T13:00:00.000,62,31,31
2017-06-12T14:00:00.000,88,34,54
2017-06-12T15:00:00.000,129,47,82
2017-06-12T16:00:00.000,320,81,239
2017-06-12T17:00:00.000,667,137,530
2017-06-12T18:00:00.000,462,122,340
2017-06-12T19:00:00.000,205,78,127
2017-06-12T20:00:00.000,109,51,58
2017-06-12T21:00:00.000,54,12,42
2017-06-12T22:00:00.000,42,25,17
2017-06-12T23:00:00.000,20,11,9
2017-06-13T00:00:00.000,6,1,5
2017-06-13T01:00:00.000,3,2,1
2017-06-13T02:00:00.000,2,0,2
2017-06-13T03:00:00.000,3,1,2
2017-06-13T04:00:00.000,9,5,4
2017-06-13T05:00:00.000,43,29,14
2017-06-13T06:00:00.000,149,85,64
2017-06-13T07:00:00.000,333,186,147
2017-06-13T08:00:00.000,501,279,222
2017-06-13T09:00:00.000,229,122,107
2017-06-13T10:00:00.000,103,50,53
2017-06-13T11:00:00.000,53,23,30
2017-06-13T12:00:00.000,67,32,35
2017-06-13T13:00:00.000,67,32,35
2017-06-13T14:00:00.000,90,35,55
2017-06-13T15:00:00.000,123,46,77
2017-06-13T16:00:00.000,278,95,183
2017-06-13T17:00:00.000,568,124,444
2017-06-13T18:00:00.000,382,106,276
2017-06-13T19:00:00.000,208,71,137
2017-06-13T20:00:00.000,98,33,65
2017-06-13T21:00:00.000,57,25,32
2017-06-13T22:00:00.000,37,11,26
2017-06-13T23:00:00.000,18,5,13
2017-06-14T00:00:00.000,8,3,5
2017-06-14T01:00:00.000,2,1,1
2017-06-14T02:00:00.000,3,2,1
2017-06-14T03:00:00.000,2,2,0
2017-06-14T04:00:00.000,10,6,4
2017-06-14T05:00:00.000,55,36,19
2017-06-14T06:00:00.000,186,111,75
2017-06-14T07:00:00.000,487,286,201
2017-06-14T08:00:00.000,545,318,227
2017-06-14T09:00:00.000,293,131,162
2017-06-14T10:00:00.000,137,57,80
2017-06-14T11:00:00.000,87,39,48
2017-06-14T12:00:00.000,92,47,45
2017-06-14T13:00:00.000,98,48,50
2017-06-14T14:00:00.000,124,48,76
2017-06-14T15:00:00.000,168,65,103
2017-06-14T16:00:00.000,318,88,230
2017-06-14T17:00:00.000,754,184,570
2017-06-14T18:00:00.000,463,143,320
2017-06-14T19:00:00.000,256,88,168
2017-06-14T20:00:00.000,161,74,87
2017-06-14T21:00:00.000,80,32,48
2017-06-14T22:00:00.000,41,15,26
2017-06-14T23:00:00.000,29,18,11
2017-06-15T00:00:00.000,6,1,5
2017-06-15T01:00:00.000,5,1,4
2017-06-15T02:00:00.000,0,0,0
2017-06-15T03:00:00.000,4,3,1
2017-06-15T04:00:00.000,5,3,2
2017-06-15T05:00:00.000,39,26,13
2017-06-15T06:00:00.000,97,55,42
2017-06-15T07:00:00.000,241,128,113
2017-06-15T08:00:00.000,410,237,173
2017-06-15T09:00:00.000,180,100,80
2017-06-15T10:00:00.000,53,28,25
2017-06-15T11:00:00.000,37,16,21
2017-06-15T12:00:00.000,23,11,12
2017-06-15T13:00:00.000,24,8,16
2017-06-15T14:00:00.000,29,12,17
2017-06-15T15:00:00.000,65,19,46
2017-06-15T16:00:00.000,169,49,120
2017-06-15T17:00:00.000,358,78,280
2017-06-15T18:00:00.000,254,78,176
2017-06-15T19:00:00.000,93,25,68
2017-06-15T20:00:00.000,45,12,33
2017-06-15T21:00:00.000,24,7,17
2017-06-15T22:00:00.000,20,7,13
2017-06-15T23:00:00.000,5,1,4
2017-06-16T00:00:00.000,4,3,1
2017-06-16T01:00:00.000,1,0,1
2017-06-16T02:00:00.000,2,0,2
2017-06-16T03:00:00.000,2,0,2
2017-06-16T04:00:00.000,3,2,1
2017-06-16T05:00:00.000,39,26,13
2017-06-16T06:00:00.000,120,73,47
2017-06-16T07:00:00.000,338,201,137
2017-06-16T08:00:00.000,446,256,190
2017-06-16T09:00:00.000,243,126,117
2017-06-16T10:00:00.000,110,63,47
2017-06-16T11:00:00.000,97,41,56
2017-06-16T12:00:00.000,93,51,42
2017-06-16T13:00:00.000,123,62,61
2017-06-16T14:00:00.000,139,49,90
2017-06-16T15:00:00.000,181,70,111
2017-06-16T16:00:00.000,374,108,266
2017-06-16T17:00:00.000,526,135,391
2017-06-16T18:00:00.000,384,113,271
2017-06-16T19:00:00.000,172,71,101
2017-06-16T20:00:00.000,116,46,70
2017-06-16T21:00:00.000,70,30,40
2017-06-16T22:00:00.000,42,16,26
2017-06-16T23:00:00.000,40,25,15
2017-06-17T00:00:00.000,25,7,18
2017-06-17T01:00:00.000,9,6,3
2017-06-17T02:00:00.000,10,7,3
2017-06-17T03:00:00.000,2,1,1
2017-06-17T04:00:00.000,1,0,1
2017-06-17T05:00:00.000,14,9,5
2017-06-17T06:00:00.000,32,15,17
2017-06-17T07:00:00.000,60,26,34
2017-06-17T08:00:00.000,101,52,49
2017-06-17T09:00:00.000,159,77,82
2017-06-17T10:00:00.000,182,74,108
2017-06-17T11:00:00.000,213,91,122
2017-06-17T12:00:00.000,48,22,26
2017-06-17T13:00:00.000,30,16,14
2017-06-17T14:00:00.000,91,52,39
2017-06-17T15:00:00.000,108,53,55
2017-06-17T16:00:00.000,160,63,97
2017-06-17T17:00:00.000,147,89,58
2017-06-17T18:00:00.000,85,33,52
2017-06-17T19:00:00.000,87,43,44
2017-06-17T20:00:00.000,48,19,29
2017-06-17T21:00:00.000,51,21,30
2017-06-17T22:00:00.000,30,16,14
2017-06-17T23:00:00.000,16,7,9
2017-06-18T00:00:00.000,22,11,11
2017-06-18T01:00:00.000,7,2,5
2017-06-18T02:00:00.000,6,3,3
2017-06-18T03:00:00.000,3,1,2
2017-06-18T04:00:00.000,5,5,0
2017-06-18T05:00:00.000,11,5,6
2017-06-18T06:00:00.000,25,15,10
2017-06-18T07:00:00.000,34,23,11
2017-06-18T08:00:00.000,72,35,37
2017-06-18T09:00:00.000,109,48,61
2017-06-18T10:00:00.000,103,48,55
2017-06-18T11:00:00.000,136,75,61
2017-06-18T12:00:00.000,130,55,75
2017-06-18T13:00:00.000,142,69,73
2017-06-18T14:00:00.000,164,81,83
2017-06-18T15:00:00.000,136,70,66
2017-06-18T16:00:00.000,110,58,52
2017-06-18T17:00:00.000,142,75,67
2017-06-18T18:00:00.000,93,51,42
2017-06-18T19:00:00.000,85,52,33
2017-06-18T20:00:00.000,51,22,29
2017-06-18T21:00:00.000,40,14,26
2017-06-18T22:00:00.000,26,12,14
2017-06-18T23:00:00.000,21,5,16
2017-06-19T00:00:00.000,3,2,1
2017-06-19T01:00:00.000,0,0,0
2017-06-19T02:00:00.000,1,0,1
2017-06-19T03:00:00.000,3,1,2
2017-06-19T04:00:00.000,7,3,4
2017-06-19T05:00:00.000,40,30,10
2017-06-19T06:00:00.000,159,101,58
2017-06-19T07:00:00.000,441,268,173
2017-06-19T08:00:00.000,608,327,281
2017-06-19T09:00:00.000,284,130,154
2017-06-19T10:00:00.000,111,49,62
2017-06-19T11:00:00.000,75,39,36
2017-06-19T12:00:00.000,92,47,45
2017-06-19T13:00:00.000,90,43,47
2017-06-19T14:00:00.000,98,46,52
2017-06-19T15:00:00.000,130,63,67
2017-06-19T16:00:00.000,349,87,262
2017-06-19T17:00:00.000,714,158,556
2017-06-19T18:00:00.000,488,139,349
2017-06-19T19:00:00.000,208,69,139
2017-06-19T20:00:00.000,161,63,98
2017-06-19T21:00:00.000,86,48,38
2017-06-19T22:00:00.000,49,13,36
2017-06-19T23:00:00.000,24,7,17
2017-06-20T00:00:00.000,12,7,5
2017-06-20T01:00:00.000,0,0,0
2017-06-20T02:00:00.000,3,1,2
2017-06-20T03:00:00.000,3,2,1
2017-06-20T04:00:00.000,12,8,4
2017-06-20T05:00:00.000,44,30,14
2017-06-20T06:00:00.000,161,101,60
2017-06-20T07:00:00.000,403,238,165
2017-06-20T08:00:00.000,501,282,219
2017-06-20T09:00:00.000,282,148,134
2017-06-20T10:00:00.000,100,47,53
2017-06-20T11:00:00.000,79,31,48
2017-06-20T12:00:00.000,74,33,41
2017-06-20T13:00:00.000,71,39,32
2017-06-20T14:00:00.000,76,22,54
2017-06-20T15:00:00.000,278,202,76
2017-06-20T16:00:00.000,315,87,228
2017-06-20T17:00:00.000,621,141,480
2017-06-20T18:00:00.000,433,114,319
2017-06-20T19:00:00.000,240,80,160
2017-06-20T20:00:00.000,117,54,63
2017-06-20T21:00:00.000,51,23,28
2017-06-20T22:00:00.000,36,20,16
2017-06-20T23:00:00.000,23,6,17
2017-06-21T00:00:00.000,5,2,3
2017-06-21T01:00:00.000,5,2,3
2017-06-21T02:00:00.000,3,2,1
2017-06-21T03:00:00.000,2,2,0
2017-06-21T04:00:00.000,4,2,2
2017-06-21T05:00:00.000,50,33,17
2017-06-21T06:00:00.000,188,101,87
2017-06-21T07:00:00.000,467,291,176
2017-06-21T08:00:00.000,609,337,272
2017-06-21T09:00:00.000,340,177,163
2017-06-21T10:00:00.000,118,60,58
2017-06-21T11:00:00.000,76,30,46
2017-06-21T12:00:00.000,101,48,53
2017-06-21T13:00:00.000,78,35,43
2017-06-21T14:00:00.000,122,54,68
2017-06-21T15:00:00.000,182,68,114
2017-06-21T16:00:00.000,393,103,290
2017-06-21T17:00:00.000,766,206,560
2017-06-21T18:00:00.000,483,134,349
2017-06-21T19:00:00.000,263,88,175
2017-06-21T20:00:00.000,179,69,110
2017-06-21T21:00:00.000,103,50,53
2017-06-21T22:00:00.000,81,31,50
2017-06-21T23:00:00.000,32,17,15
2017-06-22T00:00:00.000,10,4,6
2017-06-22T01:00:00.000,9,6,3
2017-06-22T02:00:00.000,3,0,3
2017-06-22T03:00:00.000,3,1,2
2017-06-22T04:00:00.000,11,6,5
2017-06-22T05:00:00.000,51,38,13
2017-06-22T06:00:00.000,230,139,91
2017-06-22T07:00:00.000,483,266,217
2017-06-22T08:00:00.000,628,344,284
2017-06-22T09:00:00.000,336,177,159
2017-06-22T10:00:00.000,149,71,78
2017-06-22T11:00:00.000,122,68,54
2017-06-22T12:00:00.000,113,53,60
2017-06-22T13:00:00.000,99,54,45
2017-06-22T14:00:00.000,130,47,83
2017-06-22T15:00:00.000,200,81,119
2017-06-22T16:00:00.000,398,118,280
2017-06-22T17:00:00.000,743,178,565
2017-06-22T18:00:00.000,569,185,384
2017-06-22T19:00:00.000,304,100,204
2017-06-22T20:00:00.000,198,82,116
2017-06-22T21:00:00.000,102,43,59
2017-06-22T22:00:00.000,88,46,42
2017-06-22T23:00:00.000,32,14,18
2017-06-23T00:00:00.000,15,10,5
2017-06-23T01:00:00.000,6,0,6
2017-06-23T02:00:00.000,5,2,3
2017-06-23T03:00:00.000,3,2,1
2017-06-23T04:00:00.000,10,5,5
2017-06-23T05:00:00.000,40,28,12
2017-06-23T06:00:00.000,153,90,63
2017-06-23T07:00:00.000,394,215,179
2017-06-23T08:00:00.000,594,332,262
2017-06-23T09:00:00.000,297,161,136
2017-06-23T10:00:00.000,140,81,59
2017-06-23T11:00:00.000,120,56,64
2017-06-23T12:00:00.000,128,70,58
2017-06-23T13:00:00.000,131,57,74
2017-06-23T14:00:00.000,148,56,92
2017-06-23T15:00:00.000,253,103,150
2017-06-23T16:00:00.000,460,127,333
2017-06-23T17:00:00.000,621,170,451
2017-06-23T18:00:00.000,333,116,217
2017-06-23T19:00:00.000,182,57,125
2017-06-23T20:00:00.000,114,55,59
2017-06-23T21:00:00.000,74,29,45
2017-06-23T22:00:00.000,46,18,28
2017-06-23T23:00:00.000,36,15,21
2017-06-24T00:00:00.000,21,7,14
2017-06-24T01:00:00.000,10,2,8
2017-06-24T02:00:00.000,14,9,5
2017-06-24T03:00:00.000,4,3,1
2017-06-24T04:00:00.000,5,2,3
2017-06-24T05:00:00.000,17,11,6
2017-06-24T06:00:00.000,31,13,18
2017-06-24T07:00:00.000,88,41,47
2017-06-24T08:00:00.000,151,93,58
2017-06-24T09:00:00.000,177,101,76
2017-06-24T10:00:00.000,182,101,81
2017-06-24T11:00:00.000,207,113,94
2017-06-24T12:00:00.000,200,95,105
2017-06-24T13:00:00.000,173,88,85
2017-06-24T14:00:00.000,189,87,102
2017-06-24T15:00:00.000,202,80,122
2017-06-24T16:00:00.000,144,60,84
2017-06-24T17:00:00.000,142,67,75
2017-06-24T18:00:00.000,138,69,69
2017-06-24T19:00:00.000,101,41,60
2017-06-24T20:00:00.000,110,43,67
2017-06-24T21:00:00.000,69,27,42
2017-06-24T22:00:00.000,39,19,20
2017-06-24T23:00:00.000,32,11,21
2017-06-25T00:00:00.000,19,4,15
2017-06-25T01:00:00.000,10,3,7
2017-06-25T02:00:00.000,8,4,4
2017-06-25T03:00:00.000,3,1,2
2017-06-25T04:00:00.000,3,3,0
2017-06-25T05:00:00.000,12,9,3
2017-06-25T06:00:00.000,12,5,7
2017-06-25T07:00:00.000,73,39,34
2017-06-25T08:00:00.000,106,67,39
2017-06-25T09:00:00.000,146,74,72
2017-06-25T10:00:00.000,184,99,85
2017-06-25T11:00:00.000,212,114,98
2017-06-25T12:00:00.000,209,105,104
2017-06-25T13:00:00.000,166,71,95
2017-06-25T14:00:00.000,141,72,69
2017-06-25T15:00:00.000,145,83,62
2017-06-25T16:00:00.000,210,82,128
2017-06-25T17:00:00.000,122,70,52
2017-06-25T18:00:00.000,95,50,45
2017-06-25T19:00:00.000,113,43,70
2017-06-25T20:00:00.000,69,22,47
2017-06-25T21:00:00.000,59,32,27
2017-06-25T22:00:00.000,27,9,18
2017-06-25T23:00:00.000,20,9,11
2017-06-26T00:00:00.000,10,3,7
2017-06-26T01:00:00.000,4,2,2
2017-06-26T02:00:00.000,2,1,1
2017-06-26T03:00:00.000,2,0,2
2017-06-26T04:00:00.000,2,1,1
2017-06-26T05:00:00.000,48,33,15
2017-06-26T06:00:00.000,160,94,66
2017-06-26T07:00:00.000,492,299,193
2017-06-26T08:00:00.000,597,334,263
2017-06-26T09:00:00.000,317,153,164
2017-06-26T10:00:00.000,110,55,55
2017-06-26T11:00:00.000,81,40,41
2017-06-26T12:00:00.000,80,35,45
2017-06-26T13:00:00.000,81,46,35
2017-06-26T14:00:00.000,101,48,53
2017-06-26T15:00:00.000,162,61,101
2017-06-26T16:00:00.000,328,86,242
2017-06-26T17:00:00.000,729,170,559
2017-06-26T18:00:00.000,471,151,320
2017-06-26T19:00:00.000,292,105,187
2017-06-26T20:00:00.000,137,51,86
2017-06-26T21:00:00.000,97,43,54
2017-06-26T22:00:00.000,47,26,21
2017-06-26T23:00:00.000,20,10,10
2017-06-27T00:00:00.000,13,4,9
2017-06-27T01:00:00.000,7,6,1
2017-06-27T02:00:00.000,6,2,4
2017-06-27T03:00:00.000,3,1,2
2017-06-27T04:00:00.000,5,2,3
2017-06-27T05:00:00.000,52,35,17
2017-06-27T06:00:00.000,175,106,69
2017-06-27T07:00:00.000,515,292,223
2017-06-27T08:00:00.000,606,327,279
2017-06-27T09:00:00.000,338,171,167
2017-06-27T10:00:00.000,139,74,65
2017-06-27T11:00:00.000,88,43,45
2017-06-27T12:00:00.000,82,37,45
2017-06-27T13:00:00.000,94,49,45
2017-06-27T14:00:00.000,110,48,62
2017-06-27T15:00:00.000,157,69,88
2017-06-27T16:00:00.000,433,134,299
2017-06-27T17:00:00.000,771,199,572
2017-06-27T18:00:00.000,502,142,360
2017-06-27T19:00:00.000,267,95,172
2017-06-27T20:00:00.000,160,60,100
2017-06-27T21:00:00.000,98,48,50
2017-06-27T22:00:00.000,55,27,28
2017-06-27T23:00:00.000,26,10,16
2017-06-28T00:00:00.000,12,4,8
2017-06-28T01:00:00.000,5,2,3
2017-06-28T02:00:00.000,2,0,2
2017-06-28T03:00:00.000,3,1,2
2017-06-28T04:00:00.000,9,4,5
2017-06-28T05:00:00.000,57,41,16
2017-06-28T06:00:00.000,190,116,74
2017-06-28T07:00:00.000,473,275,198
2017-06-28T08:00:00.000,599,343,256
2017-06-28T09:00:00.000,304,144,160
2017-06-28T10:00:00.000,141,66,75
2017-06-28T11:00:00.000,92,35,57
2017-06-28T12:00:00.000,94,49,45
2017-06-28T13:00:00.000,85,41,44
2017-06-28T14:00:00.000,91,44,47
2017-06-28T15:00:00.000,151,64,87
2017-06-28T16:00:00.000,353,112,241
2017-06-28T17:00:00.000,707,163,544
2017-06-28T18:00:00.000,527,173,354
2017-06-28T19:00:00.000,290,100,190
2017-06-28T20:00:00.000,190,72,118
2017-06-28T21:00:00.000,114,53,61
2017-06-28T22:00:00.000,52,23,29
2017-06-28T23:00:00.000,18,7,11
2017-06-29T00:00:00.000,7,2,5
2017-06-29T01:00:00.000,1,1,0
2017-06-29T02:00:00.000,1,0,1
2017-06-29T03:00:00.000,2,1,1
2017-06-29T04:00:00.000,4,2,2
2017-06-29T05:00:00.000,53,36,17
2017-06-29T06:00:00.000,172,102,70
2017-06-29T07:00:00.000,430,250,180
2017-06-29T08:00:00.000,583,328,255
2017-06-29T09:00:00.000,358,185,173
2017-06-29T10:00:00.000,143,58,85
2017-06-29T11:00:00.000,104,43,61
2017-06-29T12:00:00.000,110,50,60
2017-06-29T13:00:00.000,140,63,77
2017-06-29T14:00:00.000,122,59,63
2017-06-29T15:00:00.000,221,94,127
2017-06-29T16:00:00.000,373,117,256
2017-06-29T17:00:00.000,749,173,576
2017-06-29T18:00:00.000,498,143,355
2017-06-29T19:00:00.000,285,96,189
2017-06-29T20:00:00.000,162,64,98
2017-06-29T21:00:00.000,136,72,64
2017-06-29T22:00:00.000,63,35,28
2017-06-29T23:00:00.000,26,14,12
2017-06-30T00:00:00.000,16,4,12
2017-06-30T01:00:00.000,14,7,7
2017-06-30T02:00:00.000,4,2,2
2017-06-30T03:00:00.000,2,0,2
2017-06-30T04:00:00.000,6,3,3
2017-06-30T05:00:00.000,47,31,16
2017-06-30T06:00:00.000,162,105,57
2017-06-30T07:00:00.000,378,218,160
2017-06-30T08:00:00.000,540,302,238
2017-06-30T09:00:00.000,295,135,160
2017-06-30T10:00:00.000,157,76,81
2017-06-30T11:00:00.000,135,74,61
2017-06-30T12:00:00.000,155,81,74
2017-06-30T13:00:00.000,124,46,78
2017-06-30T14:00:00.000,183,75,108
2017-06-30T15:00:00.000,253,79,174
2017-06-30T16:00:00.000,417,115,302
2017-06-30T17:00:00.000,591,151,440
2017-06-30T18:00:00.000,361,112,249
2017-06-30T19:00:00.000,225,82,143
2017-06-30T20:00:00.000,119,43,76
2017-06-30T21:00:00.000,87,38,49
2017-06-30T22:00:00.000,58,22,36
2017-06-30T23:00:00.000,36,13,23
2017-07-01T00:00:00.000,19,7,12
2017-07-01T01:00:00.000,8,3,5
2017-07-01T02:00:00.000,10,4,6
2017-07-01T03:00:00.000,5,3,2
2017-07-01T04:00:00.000,2,2,0
2017-07-01T05:00:00.000,15,11,4
2017-07-01T06:00:00.000,30,14,16
2017-07-01T07:00:00.000,64,30,34
2017-07-01T08:00:00.000,109,60,49
2017-07-01T09:00:00.000,115,68,47
2017-07-01T10:00:00.000,118,47,71
2017-07-01T11:00:00.000,159,87,72
2017-07-01T12:00:00.000,141,70,71
2017-07-01T13:00:00.000,168,82,86
2017-07-01T14:00:00.000,173,87,86
2017-07-01T15:00:00.000,189,85,104
2017-07-01T16:00:00.000,199,86,113
2017-07-01T17:00:00.000,191,85,106
2017-07-01T18:00:00.000,123,70,53
2017-07-01T19:00:00.000,97,44,53
2017-07-01T20:00:00.000,69,36,33
2017-07-01T21:00:00.000,71,30,41
2017-07-01T22:00:00.000,42,16,26
2017-07-01T23:00:00.000,41,14,27
2017-07-02T00:00:00.000,33,21,12
2017-07-02T01:00:00.000,5,0,5
2017-07-02T02:00:00.000,8,5,3
2017-07-02T03:00:00.000,2,1,1
2017-07-02T04:00:00.000,5,4,1
2017-07-02T05:00:00.000,8,3,5
2017-07-02T06:00:00.000,31,13,18
2017-07-02T07:00:00.000,29,13,16
2017-07-02T08:00:00.000,100,65,35
2017-07-02T09:00:00.000,119,53,66
2017-07-02T10:00:00.000,144,71,73
2017-07-02T11:00:00.000,138,73,65
2017-07-02T12:00:00.000,183,107,76
2017-07-02T13:00:00.000,229,110,119
2017-07-02T14:00:00.000,166,94,72
2017-07-02T15:00:00.000,244,132,112
2017-07-02T16:00:00.000,191,91,100
2017-07-02T17:00:00.000,181,76,105
2017-07-02T18:00:00.000,135,71,64
2017-07-02T19:00:00.000,130,59,71
2017-07-02T20:00:00.000,75,39,36
2017-07-02T21:00:00.000,43,25,18
2017-07-02T22:00:00.000,34,13,21
2017-07-02T23:00:00.000,22,8,14
2017-07-03T00:00:00.000,8,4,4
2017-07-03T01:00:00.000,6,2,4
2017-07-03T02:00:00.000,1,0,1
2017-07-03T03:00:00.000,4,2,2
2017-07-03T04:00:00.000,12,5,7
2017-07-03T05:00:00.000,38,29,9
2017-07-03T06:00:00.000,103,55,48
2017-07-03T07:00:00.000,214,128,86
2017-07-03T08:00:00.000,285,150,135
2017-07-03T09:00:00.000,199,96,103
2017-07-03T10:00:00.000,125,57,68
2017-07-03T11:00:00.000,106,35,71
2017-07-03T12:00:00.000,122,59,63
2017-07-03T13:00:00.000,115,53,62
2017-07-03T14:00:00.000,175,62,113
2017-07-03T15:00:00.000,245,76,169
2017-07-03T16:00:00.000,294,105,189
2017-07-03T17:00:00.000,374,123,251
2017-07-03T18:00:00.000,243,92,151
2017-07-03T19:00:00.000,174,69,105
2017-07-03T20:00:00.000,120,53,67
2017-07-03T21:00:00.000,65,30,35
2017-07-03T22:00:00.000,38,24,14
2017-07-03T23:00:00.000,34,19,15
2017-07-04T00:00:00.000,10,5,5
2017-07-04T01:00:00.000,11,9,2
2017-07-04T02:00:00.000,1,1,0
2017-07-04T03:00:00.000,3,1,2
2017-07-04T04:00:00.000,8,2,6
2017-07-04T05:00:00.000,12,11,1
2017-07-04T06:00:00.000,31,16,15
2017-07-04T07:00:00.000,64,33,31
2017-07-04T08:00:00.000,99,52,47
2017-07-04T09:00:00.000,198,116,82
2017-07-04T10:00:00.000,176,94,82
2017-07-04T11:00:00.000,207,120,87
2017-07-04T12:00:00.000,204,105,99
2017-07-04T13:00:00.000,224,103,121
2017-07-04T14:00:00.000,243,110,133
2017-07-04T15:00:00.000,221,95,126
2017-07-04T16:00:00.000,240,118,122
2017-07-04T17:00:00.000,213,89,124
2017-07-04T18:00:00.000,207,86,121
2017-07-04T19:00:00.000,173,90,83
2017-07-04T20:00:00.000,149,63,86
2017-07-04T21:00:00.000,146,86,60
2017-07-04T22:00:00.000,104,58,46
2017-07-04T23:00:00.000,155,45,110
2017-07-05T00:00:00.000,42,23,19
2017-07-05T01:00:00.000,22,10,12
2017-07-05T02:00:00.000,6,1,5
2017-07-05T03:00:00.000,3,3,0
2017-07-05T04:00:00.000,5,2,3
2017-07-05T05:00:00.000,43,27,16
2017-07-05T06:00:00.000,170,104,66
2017-07-05T07:00:00.000,391,231,160
2017-07-05T08:00:00.000,578,322,256
2017-07-05T09:00:00.000,321,155,166
2017-07-05T10:00:00.000,132,69,63
2017-07-05T11:00:00.000,99,42,57
2017-07-05T12:00:00.000,94,54,40
2017-07-05T13:00:00.000,120,57,63
2017-07-05T14:00:00.000,126,44,82
2017-07-05T15:00:00.000,147,54,93
2017-07-05T16:00:00.000,369,116,253
2017-07-05T17:00:00.000,709,161,548
2017-07-05T18:00:00.000,514,178,336
2017-07-05T19:00:00.000,282,89,193
2017-07-05T20:00:00.000,170,66,104
2017-07-05T21:00:00.000,94,39,55
2017-07-05T22:00:00.000,60,33,27
2017-07-05T23:00:00.000,28,8,20
2017-07-06T00:00:00.000,11,5,6
2017-07-06T01:00:00.000,7,1,6
2017-07-06T02:00:00.000,2,1,1
2017-07-06T03:00:00.000,3,1,2
2017-07-06T04:00:00.000,11,6,5
2017-07-06T05:00:00.000,49,31,18
2017-07-06T06:00:00.000,196,111,85
2017-07-06T07:00:00.000,486,288,198
2017-07-06T08:00:00.000,656,356,300
2017-07-06T09:00:00.000,346,177,169
2017-07-06T10:00:00.000,142,58,84
2017-07-06T11:00:00.000,121,60,61
2017-07-06T12:00:00.000,107,56,51
2017-07-06T13:00:00.000,130,51,79
2017-07-06T14:00:00.000,117,48,69
2017-07-06T15:00:00.000,186,72,114
2017-07-06T16:00:00.000,374,111,263
2017-07-06T17:00:00.000,764,176,588
2017-07-06T18:00:00.000,569,179,390
2017-07-06T19:00:00.000,317,109,208
2017-07-06T20:00:00.000,160,57,103
2017-07-06T21:00:00.000,125,59,66
2017-07-06T22:00:00.000,68,36,32
2017-07-06T23:00:00.000,33,14,19
2017-07-07T00:00:00.000,23,11,12
2017-07-07T01:00:00.000,8,3,5
2017-07-07T02:00:00.000,7,2,5
2017-07-07T03:00:00.000,4,2,2
2017-07-07T04:00:00.000,5,2,3
2017-07-07T05:00:00.000,43,28,15
2017-07-07T06:00:00.000,164,93,71
2017-07-07T07:00:00.000,397,219,178
2017-07-07T08:00:00.000,542,284,258
2017-07-07T09:00:00.000,315,160,155
2017-07-07T10:00:00.000,111,50,61
2017-07-07T11:00:00.000,109,52,57
2017-07-07T12:00:00.000,135,59,76
2017-07-07T13:00:00.000,105,67,38
2017-07-07T14:00:00.000,128,53,75
2017-07-07T15:00:00.000,229,69,160
2017-07-07T16:00:00.000,393,106,287
2017-07-07T17:00:00.000,634,155,479
2017-07-07T18:00:00.000,413,150,263
2017-07-07T19:00:00.000,216,83,133
2017-07-07T20:00:00.000,155,74,81
2017-07-07T21:00:00.000,99,38,61
2017-07-07T22:00:00.000,277,64,213
2017-07-07T23:00:00.000,288,37,251
2017-07-08T00:00:00.000,43,17,26
2017-07-08T01:00:00.000,20,17,3
2017-07-08T02:00:00.000,6,4,2
2017-07-08T03:00:00.000,5,5,0
2017-07-08T04:00:00.000,4,1,3
2017-07-08T05:00:00.000,11,6,5
2017-07-08T06:00:00.000,39,23,16
2017-07-08T07:00:00.000,57,25,32
2017-07-08T08:00:00.000,135,65,70
2017-07-08T09:00:00.000,156,84,72
2017-07-08T10:00:00.000,156,71,85
2017-07-08T11:00:00.000,217,108,109
2017-07-08T12:00:00.000,174,87,87
2017-07-08T13:00:00.000,195,109,86
2017-07-08T14:00:00.000,229,111,118
2017-07-08T15:00:00.000,236,122,114
2017-07-08T16:00:00.000,201,100,101
2017-07-08T17:00:00.000,191,93,98
2017-07-08T18:00:00.000,147,77,70
2017-07-08T19:00:00.000,130,71,59
2017-07-08T20:00:00.000,103,47,56
2017-07-08T21:00:00.000,90,41,49
2017-07-08T22:00:00.000,43,18,25
2017-07-08T23:00:00.000,34,6,28
2017-07-09T00:00:00.000,19,8,11
2017-07-09T01:00:00.000,13,7,6
2017-07-09T02:00:00.000,9,3,6
2017-07-09T03:00:00.000,5,1,4
2017-07-09T04:00:00.000,3,2,1
2017-07-09T05:00:00.000,6,6,0
2017-07-09T06:00:00.000,22,16,6
2017-07-09T07:00:00.000,43,21,22
2017-07-09T08:00:00.000,87,49,38
2017-07-09T09:00:00.000,112,55,57
2017-07-09T10:00:00.000,140,80,60
2017-07-09T11:00:00.000,189,101,88
2017-07-09T12:00:00.000,242,117,125
2017-07-09T13:00:00.000,195,101,94
2017-07-09T14:00:00.000,228,104,124
2017-07-09T15:00:00.000,161,74,87
2017-07-09T16:00:00.000,167,68,99
2017-07-09T17:00:00.000,171,82,89
2017-07-09T18:00:00.000,152,74,78
2017-07-09T19:00:00.000,107,54,53
2017-07-09T20:00:00.000,85,41,44
2017-07-09T21:00:00.000,65,27,38
2017-07-09T22:00:00.000,28,6,22
2017-07-09T23:00:00.000,25,12,13
2017-07-10T00:00:00.000,8,4,4
2017-07-10T01:00:00.000,8,6,2
2017-07-10T02:00:00.000,0,0,0
2017-07-10T03:00:00.000,1,1,0
2017-07-10T04:00:00.000,8,3,5
2017-07-10T05:00:00.000,54,30,24
2017-07-10T06:00:00.000,210,126,84
2017-07-10T07:00:00.000,478,288,190
2017-07-10T08:00:00.000,665,347,318
2017-07-10T09:00:00.000,342,180,162
2017-07-10T10:00:00.000,142,59,83
2017-07-10T11:00:00.000,85,43,42
2017-07-10T12:00:00.000,98,50,48
2017-07-10T13:00:00.000,99,57,42
2017-07-10T14:00:00.000,112,45,67
2017-07-10T15:00:00.000,170,61,109
2017-07-10T16:00:00.000,390,126,264
2017-07-10T17:00:00.000,792,183,609
2017-07-10T18:00:00.000,580,178,402
2017-07-10T19:00:00.000,259,84,175
2017-07-10T20:00:00.000,165,63,102
2017-07-10T21:00:00.000,79,45,34
2017-07-10T22:00:00.000,44,21,23
2017-07-10T23:00:00.000,17,4,13
2017-07-11T00:00:00.000,6,4,2
2017-07-11T01:00:00.000,4,2,2
2017-07-11T02:00:00.000,3,1,2
2017-07-11T03:00:00.000,4,2,2
2017-07-11T04:00:00.000,15,8,7
2017-07-11T05:00:00.000,55,36,19
2017-07-11T06:00:00.000,228,117,111
2017-07-11T07:00:00.000,481,273,208
2017-07-11T08:00:00.000,595,320,275
2017-07-11T09:00:00.000,371,177,194
2017-07-11T10:00:00.000,144,82,62
2017-07-11T11:00:00.000,115,41,74
2017-07-11T12:00:00.000,90,42,48
2017-07-11T13:00:00.000,108,51,57
2017-07-11T14:00:00.000,123,67,56
2017-07-11T15:00:00.000,190,72,118
2017-07-11T16:00:00.000,404,131,273
2017-07-11T17:00:00.000,834,194,640
2017-07-11T18:00:00.000,558,172,386
2017-07-11T19:00:00.000,314,117,197
2017-07-11T20:00:00.000,162,64,98
2017-07-11T21:00:00.000,103,47,56
2017-07-11T22:00:00.000,52,25,27
2017-07-11T23:00:00.000,29,13,16
2017-07-12T00:00:00.000,13,3,10
2017-07-12T01:00:00.000,7,6,1
2017-07-12T02:00:00.000,3,1,2
2017-07-12T03:00:00.000,4,2,2
2017-07-12T04:00:00.000,11,4,7
2017-07-12T05:00:00.000,61,42,19
2017-07-12T06:00:00.000,199,114,85
2017-07-12T07:00:00.000,519,307,212
2017-07-12T08:00:00.000,699,373,326
2017-07-12T09:00:00.000,325,169,156
2017-07-12T10:00:00.000,145,59,86
2017-07-12T11:00:00.000,120,70,50
2017-07-12T12:00:00.000,115,63,52
2017-07-12T13:00:00.000,142,64,78
2017-07-12T14:00:00.000,134,56,78
2017-07-12T15:00:00.000,197,88,109
2017-07-12T16:00:00.000,417,124,293
2017-07-12T17:00:00.000,773,185,588
2017-07-12T18:00:00.000,612,199,413
2017-07-12T19:00:00.000,311,102,209
2017-07-12T20:00:00.000,236,83,153
2017-07-12T21:00:00.000,111,52,59
2017-07-12T22:00:00.000,75,39,36
2017-07-12T23:00:00.000,21,12,9
2017-07-13T00:00:00.000,18,9,9
2017-07-13T01:00:00.000,2,1,1
2017-07-13T02:00:00.000,2,1,1
2017-07-13T03:00:00.000,2,2,0
2017-07-13T04:00:00.000,12,6,6
2017-07-13T05:00:00.000,50,36,14
2017-07-13T06:00:00.000,170,103,67
2017-07-13T07:00:00.000,433,255,178
2017-07-13T08:00:00.000,599,317,282
2017-07-13T09:00:00.000,312,174,138
2017-07-13T10:00:00.000,127,64,63
2017-07-13T11:00:00.000,98,54,44
2017-07-13T12:00:00.000,81,34,47
2017-07-13T13:00:00.000,86,40,46
2017-07-13T14:00:00.000,114,40,74
2017-07-13T15:00:00.000,163,64,99
2017-07-13T16:00:00.000,360,101,259
2017-07-13T17:00:00.000,663,162,501
2017-07-13T18:00:00.000,69,52,17
2017-07-13T19:00:00.000,197,72,125
2017-07-13T20:00:00.000,212,66,146
2017-07-13T21:00:00.000,107,62,45
2017-07-13T22:00:00.000,69,25,44
2017-07-13T23:00:00.000,22,9,13
2017-07-14T00:00:00.000,15,5,10
2017-07-14T01:00:00.000,6,3,3
2017-07-14T02:00:00.000,2,2,0
2017-07-14T03:00:00.000,3,1,2
2017-07-14T04:00:00.000,10,5,5
2017-07-14T05:00:00.000,47,29,18
2017-07-14T06:00:00.000,156,86,70
2017-07-14T07:00:00.000,397,237,160
2017-07-14T08:00:00.000,522,278,244
2017-07-14T09:00:00.000,300,159,141
2017-07-14T10:00:00.000,157,73,84
2017-07-14T11:00:00.000,111,53,58
2017-07-14T12:00:00.000,135,65,70
2017-07-14T13:00:00.000,127,61,66
2017-07-14T14:00:00.000,135,50,85
2017-07-14T15:00:00.000,229,80,149
2017-07-14T16:00:00.000,413,130,283
2017-07-14T17:00:00.000,634,170,464
2017-07-14T18:00:00.000,395,105,290
2017-07-14T19:00:00.000,221,91,130
2017-07-14T20:00:00.000,137,51,86
2017-07-14T21:00:00.000,92,34,58
2017-07-14T22:00:00.000,48,20,28
2017-07-14T23:00:00.000,37,15,22
2017-07-15T00:00:00.000,27,11,16
2017-07-15T01:00:00.000,12,5,7
2017-07-15T02:00:00.000,4,3,1
2017-07-15T03:00:00.000,9,3,6
2017-07-15T04:00:00.000,30,10,20
2017-07-15T05:00:00.000,36,11,25
2017-07-15T06:00:00.000,36,13,23
2017-07-15T07:00:00.000,61,36,25
2017-07-15T08:00:00.000,112,61,51
2017-07-15T09:00:00.000,129,65,64
2017-07-15T10:00:00.000,153,76,77
2017-07-15T11:00:00.000,170,83,87
2017-07-15T12:00:00.000,220,110,110
2017-07-15T13:00:00.000,211,114,97
2017-07-15T14:00:00.000,189,84,105
2017-07-15T15:00:00.000,186,74,112
2017-07-15T16:00:00.000,153,72,81
2017-07-15T17:00:00.000,193,92,101
2017-07-15T18:00:00.000,129,67,62
2017-07-15T19:00:00.000,154,63,91
2017-07-15T20:00:00.000,89,40,49
2017-07-15T21:00:00.000,69,34,35
2017-07-15T22:00:00.000,35,12,23
2017-07-15T23:00:00.000,19,6,13
2017-07-16T00:00:00.000,26,4,22
2017-07-16T01:00:00.000,10,2,8
2017-07-16T02:00:00.000,5,0,5
2017-07-16T03:00:00.000,2,1,1
2017-07-16T04:00:00.000,8,4,4
2017-07-16T05:00:00.000,12,9,3
2017-07-16T06:00:00.000,23,10,13
2017-07-16T07:00:00.000,40,19,21
2017-07-16T08:00:00.000,82,43,39
2017-07-16T09:00:00.000,98,46,52
2017-07-16T10:00:00.000,145,75,70
2017-07-16T11:00:00.000,152,84,68
2017-07-16T12:00:00.000,197,100,97
2017-07-16T13:00:00.000,182,93,89
2017-07-16T14:00:00.000,227,102,125
2017-07-16T15:00:00.000,190,100,90
2017-07-16T16:00:00.000,163,68,95
2017-07-16T17:00:00.000,148,78,70
2017-07-16T18:00:00.000,159,84,75
2017-07-16T19:00:00.000,112,59,53
2017-07-16T20:00:00.000,68,28,40
2017-07-16T21:00:00.000,35,12,23
2017-07-16T22:00:00.000,31,14,17
2017-07-16T23:00:00.000,16,8,8
2017-07-17T00:00:00.000,7,3,4
2017-07-17T01:00:00.000,3,0,3
2017-07-17T02:00:00.000,2,1,1
2017-07-17T03:00:00.000,4,2,2
2017-07-17T04:00:00.000,10,5,5
2017-07-17T05:00:00.000,63,42,21
2017-07-17T06:00:00.000,179,88,91
2017-07-17T07:00:00.000,482,263,219
2017-07-17T08:00:00.000,648,339,309
2017-07-17T09:00:00.000,331,152,179
2017-07-17T10:00:00.000,134,62,72
2017-07-17T11:00:00.000,95,54,41
2017-07-17T12:00:00.000,99,47,52
2017-07-17T13:00:00.000,109,59,50
2017-07-17T14:00:00.000,127,44,83
2017-07-17T15:00:00.000,171,69,102
2017-07-17T16:00:00.000,399,119,280
2017-07-17T17:00:00.000,763,177,586
2017-07-17T18:00:00.000,563,150,413
2017-07-17T19:00:00.000,276,98,178
2017-07-17T20:00:00.000,168,59,109
2017-07-17T21:00:00.000,84,28,56
2017-07-17T22:00:00.000,50,20,30
2017-07-17T23:00:00.000,24,15,9
2017-07-18T00:00:00.000,9,2,7
2017-07-18T01:00:00.000,3,1,2
2017-07-18T02:00:00.000,6,4,2
2017-07-18T03:00:00.000,2,1,1
2017-07-18T04:00:00.000,9,6,3
2017-07-18T05:00:00.000,61,37,24
2017-07-18T06:00:00.000,198,111,87
2017-07-18T07:00:00.000,518,309,209
2017-07-18T08:00:00.000,731,394,337
2017-07-18T09:00:00.000,345,178,167
2017-07-18T10:00:00.000,141,64,77
2017-07-18T11:00:00.000,107,63,44
2017-07-18T12:00:00.000,112,46,66
2017-07-18T13:00:00.000,99,49,50
2017-07-18T14:00:00.000,150,67,83
2017-07-18T15:00:00.000,201,71,130
2017-07-18T16:00:00.000,437,138,299
2017-07-18T17:00:00.000,815,198,617
2017-07-18T18:00:00.000,552,167,385
2017-07-18T19:00:00.000,287,97,190
2017-07-18T20:00:00.000,232,83,149
2017-07-18T21:00:00.000,111,47,64
2017-07-18T22:00:00.000,67,24,43
2017-07-18T23:00:00.000,45,23,22
2017-07-19T00:00:00.000,11,5,6
2017-07-19T01:00:00.000,8,2,6
2017-07-19T02:00:00.000,3,0,3
2017-07-19T03:00:00.000,1,1,0
2017-07-19T04:00:00.000,9,3,6
2017-07-19T05:00:00.000,53,37,16
2017-07-19T06:00:00.000,203,111,92
2017-07-19T07:00:00.000,491,273,218
2017-07-19T08:00:00.000,695,364,331
2017-07-19T09:00:00.000,329,148,181
2017-07-19T10:00:00.000,191,111,80
2017-07-19T11:00:00.000,132,64,68
2017-07-19T12:00:00.000,108,50,58
2017-07-19T13:00:00.000,126,57,69
2017-07-19T14:00:00.000,132,57,75
2017-07-19T15:00:00.000,216,69,147
2017-07-19T16:00:00.000,412,110,302
2017-07-19T17:00:00.000,771,182,589
2017-07-19T18:00:00.000,558,175,383
2017-07-19T19:00:00.000,294,108,186
2017-07-19T20:00:00.000,157,63,94
2017-07-19T21:00:00.000,102,35,67
2017-07-19T22:00:00.000,64,30,34
2017-07-19T23:00:00.000,22,6,16
2017-07-20T00:00:00.000,17,6,11
2017-07-20T01:00:00.000,4,3,1
2017-07-20T02:00:00.000,2,0,2
2017-07-20T03:00:00.000,3,1,2
2017-07-20T04:00:00.000,8,6,2
2017-07-20T05:00:00.000,56,39,17
2017-07-20T06:00:00.000,160,86,74
2017-07-20T07:00:00.000,437,243,194
2017-07-20T08:00:00.000,653,323,330
2017-07-20T09:00:00.000,323,152,171
2017-07-20T10:00:00.000,138,75,63
2017-07-20T11:00:00.000,97,41,56
2017-07-20T12:00:00.000,93,48,45
2017-07-20T13:00:00.000,107,49,58
2017-07-20T14:00:00.000,112,43,69
2017-07-20T15:00:00.000,176,70,106
2017-07-20T16:00:00.000,378,114,264
2017-07-20T17:00:00.000,688,186,502
2017-07-20T18:00:00.000,509,168,341
2017-07-20T19:00:00.000,266,88,178
2017-07-20T20:00:00.000,173,79,94
2017-07-20T21:00:00.000,116,42,74
2017-07-20T22:00:00.000,65,24,41
2017-07-20T23:00:00.000,34,13,21
2017-07-21T00:00:00.000,11,5,6
2017-07-21T01:00:00.000,9,2,7
2017-07-21T02:00:00.000,3,0,3
2017-07-21T03:00:00.000,3,1,2
2017-07-21T04:00:00.000,7,3,4
2017-07-21T05:00:00.000,39,28,11
2017-07-21T06:00:00.000,149,88,61
2017-07-21T07:00:00.000,377,216,161
2017-07-21T08:00:00.000,519,289,230
2017-07-21T09:00:00.000,318,160,158
2017-07-21T10:00:00.000,124,56,68
2017-07-21T11:00:00.000,105,47,58
2017-07-21T12:00:00.000,98,43,55
2017-07-21T13:00:00.000,121,52,69
2017-07-21T14:00:00.000,157,69,88
2017-07-21T15:00:00.000,230,76,154
2017-07-21T16:00:00.000,376,111,265
2017-07-21T17:00:00.000,595,156,439
2017-07-21T18:00:00.000,348,94,254
2017-07-21T19:00:00.000,182,63,119
2017-07-21T20:00:00.000,112,44,68
2017-07-21T21:00:00.000,71,35,36
2017-07-21T22:00:00.000,25,8,17
2017-07-21T23:00:00.000,34,9,25
2017-07-22T00:00:00.000,34,11,23
2017-07-22T01:00:00.000,17,9,8
2017-07-22T02:00:00.000,4,2,2
2017-07-22T03:00:00.000,13,6,7
2017-07-22T04:00:00.000,4,2,2
2017-07-22T05:00:00.000,13,9,4
2017-07-22T06:00:00.000,30,14,16
2017-07-22T07:00:00.000,61,31,30
2017-07-22T08:00:00.000,104,54,50
2017-07-22T09:00:00.000,125,71,54
2017-07-22T10:00:00.000,149,67,82
2017-07-22T11:00:00.000,202,91,111
2017-07-22T12:00:00.000,200,103,97
2017-07-22T13:00:00.000,178,103,75
2017-07-22T14:00:00.000,229,110,119
2017-07-22T15:00:00.000,197,85,112
2017-07-22T16:00:00.000,194,105,89
2017-07-22T17:00:00.000,159,86,73
2017-07-22T18:00:00.000,139,73,66
2017-07-22T19:00:00.000,94,44,50
2017-07-22T20:00:00.000,75,32,43
2017-07-22T21:00:00.000,58,26,32
2017-07-22T22:00:00.000,29,9,20
2017-07-22T23:00:00.000,30,10,20
2017-07-23T00:00:00.000,33,12,21
2017-07-23T01:00:00.000,14,2,12
2017-07-23T02:00:00.000,4,3,1
2017-07-23T03:00:00.000,2,0,2
2017-07-23T04:00:00.000,5,2,3
2017-07-23T05:00:00.000,11,5,6
2017-07-23T06:00:00.000,25,12,13
2017-07-23T07:00:00.000,51,23,28
2017-07-23T08:00:00.000,76,40,36
2017-07-23T09:00:00.000,95,50,45
2017-07-23T10:00:00.000,134,71,63
2017-07-23T11:00:00.000,167,74,93
2017-07-23T12:00:00.000,163,80,83
2017-07-23T13:00:00.000,218,116,102
2017-07-23T14:00:00.000,187,99,88
2017-07-23T15:00:00.000,226,102,124
2017-07-23T16:00:00.000,168,87,81
2017-07-23T17:00:00.000,157,69,88
2017-07-23T18:00:00.000,122,54,68
2017-07-23T19:00:00.000,111,51,60
2017-07-23T20:00:00.000,76,26,50
2017-07-23T21:00:00.000,51,12,39
2017-07-23T22:00:00.000,36,17,19
2017-07-23T23:00:00.000,23,13,10
2017-07-24T00:00:00.000,13,4,9
2017-07-24T01:00:00.000,7,6,1
2017-07-24T02:00:00.000,5,2,3
2017-07-24T03:00:00.000,6,3,3
2017-07-24T04:00:00.000,11,3,8
2017-07-24T05:00:00.000,48,34,14
2017-07-24T06:00:00.000,193,114,79
2017-07-24T07:00:00.000,462,260,202
2017-07-24T08:00:00.000,667,362,305
2017-07-24T09:00:00.000,348,163,185
2017-07-24T10:00:00.000,132,61,71
2017-07-24T11:00:00.000,118,55,63
2017-07-24T12:00:00.000,101,46,55
2017-07-24T13:00:00.000,105,59,46
2017-07-24T14:00:00.000,144,55,89
2017-07-24T15:00:00.000,174,71,103
2017-07-24T16:00:00.000,431,115,316
2017-07-24T17:00:00.000,783,185,598
2017-07-24T18:00:00.000,541,173,368
2017-07-24T19:00:00.000,259,91,168
2017-07-24T20:00:00.000,159,63,96
2017-07-24T21:00:00.000,104,41,63
2017-07-24T22:00:00.000,60,32,28
2017-07-24T23:00:00.000,36,11,25
2017-07-25T00:00:00.000,11,3,8
2017-07-25T01:00:00.000,9,7,2
2017-07-25T02:00:00.000,2,1,1
2017-07-25T03:00:00.000,5,2,3
2017-07-25T04:00:00.000,12,6,6
2017-07-25T05:00:00.000,52,33,19
2017-07-25T06:00:00.000,196,106,90
2017-07-25T07:00:00.000,534,274,260
2017-07-25T08:00:00.000,707,398,309
2017-07-25T09:00:00.000,343,155,188
2017-07-25T10:00:00.000,133,64,69
2017-07-25T11:00:00.000,115,58,57
2017-07-25T12:00:00.000,108,49,59
2017-07-25T13:00:00.000,96,60,36
2017-07-25T14:00:00.000,150,69,81
2017-07-25T15:00:00.000,170,77,93
2017-07-25T16:00:00.000,404,107,297
2017-07-25T17:00:00.000,798,205,593
2017-07-25T18:00:00.000,529,160,369
2017-07-25T19:00:00.000,333,107,226
2017-07-25T20:00:00.000,185,72,113
2017-07-25T21:00:00.000,110,49,61
2017-07-25T22:00:00.000,61,27,34
2017-07-25T23:00:00.000,31,15,16
2017-07-26T00:00:00.000,17,6,11
2017-07-26T01:00:00.000,5,5,0
2017-07-26T02:00:00.000,4,2,2
2017-07-26T03:00:00.000,1,0,1
2017-07-26T04:00:00.000,14,6,8
2017-07-26T05:00:00.000,46,28,18
2017-07-26T06:00:00.000,205,119,86
2017-07-26T07:00:00.000,507,276,231
2017-07-26T08:00:00.000,650,357,293
2017-07-26T09:00:00.000,348,167,181
2017-07-26T10:00:00.000,163,72,91
2017-07-26T11:00:00.000,110,61,49
2017-07-26T12:00:00.000,106,62,44
2017-07-26T13:00:00.000,106,44,62
2017-07-26T14:00:00.000,134,42,92
2017-07-26T15:00:00.000,194,75,119
2017-07-26T16:00:00.000,402,110,292
2017-07-26T17:00:00.000,788,217,571
2017-07-26T18:00:00.000,551,167,384
2017-07-26T19:00:00.000,297,93,204
2017-07-26T20:00:00.000,205,67,138
2017-07-26T21:00:00.000,115,52,63
2017-07-26T22:00:00.000,85,38,47
2017-07-26T23:00:00.000,34,11,23
2017-07-27T00:00:00.000,14,7,7
2017-07-27T01:00:00.000,14,7,7
2017-07-27T02:00:00.000,6,3,3
2017-07-27T03:00:00.000,4,2,2
2017-07-27T04:00:00.000,17,10,7
2017-07-27T05:00:00.000,59,35,24
2017-07-27T06:00:00.000,175,101,74
2017-07-27T07:00:00.000,335,184,151
2017-07-27T08:00:00.000,499,257,242
2017-07-27T09:00:00.000,256,130,126
2017-07-27T10:00:00.000,128,63,65
2017-07-27T11:00:00.000,85,41,44
2017-07-27T12:00:00.000,71,44,27
2017-07-27T13:00:00.000,84,46,38
2017-07-27T14:00:00.000,112,59,53
2017-07-27T15:00:00.000,163,55,108
2017-07-27T16:00:00.000,325,96,229
2017-07-27T17:00:00.000,613,169,444
2017-07-27T18:00:00.000,417,127,290
2017-07-27T19:00:00.000,252,77,175
2017-07-27T20:00:00.000,169,72,97
2017-07-27T21:00:00.000,105,48,57
2017-07-27T22:00:00.000,48,19,29
2017-07-27T23:00:00.000,29,10,19
2017-07-28T00:00:00.000,15,7,8
2017-07-28T01:00:00.000,8,4,4
2017-07-28T02:00:00.000,2,1,1
2017-07-28T03:00:00.000,2,0,2
2017-07-28T04:00:00.000,11,6,5
2017-07-28T05:00:00.000,45,30,15
2017-07-28T06:00:00.000,150,79,71
2017-07-28T07:00:00.000,353,192,161
2017-07-28T08:00:00.000,533,285,248
2017-07-28T09:00:00.000,297,143,154
2017-07-28T10:00:00.000,150,64,86
2017-07-28T11:00:00.000,117,58,59
2017-07-28T12:00:00.000,119,61,58
2017-07-28T13:00:00.000,114,47,67
2017-07-28T14:00:00.000,173,72,101
2017-07-28T15:00:00.000,232,83,149
2017-07-28T16:00:00.000,385,91,294
2017-07-28T17:00:00.000,652,196,456
2017-07-28T18:00:00.000,398,110,288
2017-07-28T19:00:00.000,209,82,127
2017-07-28T20:00:00.000,128,45,83
2017-07-28T21:00:00.000,106,49,57
2017-07-28T22:00:00.000,67,30,37
2017-07-28T23:00:00.000,45,15,30
2017-07-29T00:00:00.000,30,11,19
2017-07-29T01:00:00.000,18,6,12
2017-07-29T02:00:00.000,12,9,3
2017-07-29T03:00:00.000,4,1,3
2017-07-29T04:00:00.000,5,3,2
2017-07-29T05:00:00.000,12,6,6
2017-07-29T06:00:00.000,33,15,18
2017-07-29T07:00:00.000,65,23,42
2017-07-29T08:00:00.000,88,44,44
2017-07-29T09:00:00.000,134,59,75
2017-07-29T10:00:00.000,168,89,79
2017-07-29T11:00:00.000,206,108,98
2017-07-29T12:00:00.000,182,101,81
2017-07-29T13:00:00.000,224,102,122
2017-07-29T14:00:00.000,208,117,91
2017-07-29T15:00:00.000,199,93,106
2017-07-29T16:00:00.000,181,91,90
2017-07-29T17:00:00.000,161,71,90
2017-07-29T18:00:00.000,158,76,82
2017-07-29T19:00:00.000,99,52,47
2017-07-29T20:00:00.000,90,49,41
2017-07-29T21:00:00.000,69,32,37
2017-07-29T22:00:00.000,49,20,29
2017-07-29T23:00:00.000,40,16,24
2017-07-30T00:00:00.000,33,11,22
2017-07-30T01:00:00.000,22,8,14
2017-07-30T02:00:00.000,8,3,5
2017-07-30T03:00:00.000,4,1,3
2017-07-30T04:00:00.000,7,5,2
2017-07-30T05:00:00.000,13,10,3
2017-07-30T06:00:00.000,28,13,15
2017-07-30T07:00:00.000,37,26,11
2017-07-30T08:00:00.000,76,40,36
2017-07-30T09:00:00.000,93,54,39
2017-07-30T10:00:00.000,128,48,80
2017-07-30T11:00:00.000,156,70,86
2017-07-30T12:00:00.000,189,105,84
2017-07-30T13:00:00.000,193,89,104
2017-07-30T14:00:00.000,199,89,110
2017-07-30T15:00:00.000,177,82,95
2017-07-30T16:00:00.000,179,82,97
2017-07-30T17:00:00.000,203,103,100
2017-07-30T18:00:00.000,152,60,92
2017-07-30T19:00:00.000,116,46,70
2017-07-30T20:00:00.000,96,49,47
2017-07-30T21:00:00.000,52,18,34
2017-07-30T22:00:00.000,34,21,13
2017-07-30T23:00:00.000,24,12,12
2017-07-31T00:00:00.000,5,2,3
2017-07-31T01:00:00.000,7,5,2
2017-07-31T02:00:00.000,1,1,0
2017-07-31T03:00:00.000,2,2,0
2017-07-31T04:00:00.000,11,6,5
2017-07-31T05:00:00.000,52,32,20
2017-07-31T06:00:00.000,166,99,67
2017-07-31T07:00:00.000,492,269,223
2017-07-31T08:00:00.000,660,348,312
2017-07-31T09:00:00.000,364,172,192
2017-07-31T10:00:00.000,148,73,75
2017-07-31T11:00:00.000,119,58,61
2017-07-31T12:00:00.000,107,56,51
2017-07-31T13:00:00.000,107,44,63
2017-07-31T14:00:00.000,145,68,77
2017-07-31T15:00:00.000,167,74,93
2017-07-31T16:00:00.000,365,104,261
2017-07-31T17:00:00.000,840,199,641
2017-07-31T18:00:00.000,555,162,393
2017-07-31T19:00:00.000,270,88,182
2017-07-31T20:00:00.000,154,56,98
2017-07-31T21:00:00.000,106,53,53
2017-07-31T22:00:00.000,41,13,28
2017-07-31T23:00:00.000,38,12,26
2017-08-01T00:00:00.000,18,8,10
2017-08-01T01:00:00.000,8,3,5
2017-08-01T02:00:00.000,5,1,4
2017-08-01T03:00:00.000,2,1,1
2017-08-01T04:00:00.000,12,7,5
2017-08-01T05:00:00.000,51,30,21
2017-08-01T06:00:00.000,209,114,95
2017-08-01T07:00:00.000,513,281,232
2017-08-01T08:00:00.000,734,395,339
2017-08-01T09:00:00.000,343,192,151
2017-08-01T10:00:00.000,160,84,76
2017-08-01T11:00:00.000,109,55,54
2017-08-01T12:00:00.000,112,64,48
2017-08-01T13:00:00.000,119,56,63
2017-08-01T14:00:00.000,105,46,59
2017-08-01T15:00:00.000,194,76,118
2017-08-01T16:00:00.000,436,111,325
2017-08-01T17:00:00.000,835,214,621
2017-08-01T18:00:00.000,508,137,371
2017-08-01T19:00:00.000,311,103,208
2017-08-01T20:00:00.000,188,72,116
2017-08-01T21:00:00.000,104,41,63
2017-08-01T22:00:00.000,50,24,26
2017-08-01T23:00:00.000,40,18,22
2017-08-02T00:00:00.000,16,5,11
2017-08-02T01:00:00.000,5,2,3
2017-08-02T02:00:00.000,6,3,3
2017-08-02T03:00:00.000,2,1,1
2017-08-02T04:00:00.000,11,5,6
2017-08-02T05:00:00.000,52,35,17
2017-08-02T06:00:00.000,189,109,80
2017-08-02T07:00:00.000,483,281,202
2017-08-02T08:00:00.000,606,325,281
2017-08-02T09:00:00.000,373,170,203
2017-08-02T10:00:00.000,143,73,70
2017-08-02T11:00:00.000,106,42,64
2017-08-02T12:00:00.000,112,54,58
2017-08-02T13:00:00.000,107,44,63
2017-08-02T14:00:00.000,115,47,68
2017-08-02T15:00:00.000,164,52,112
2017-08-02T16:00:00.000,389,117,272
2017-08-02T17:00:00.000,750,174,576
2017-08-02T18:00:00.000,471,135,336
2017-08-02T19:00:00.000,271,95,176
2017-08-02T20:00:00.000,158,66,92
2017-08-02T21:00:00.000,107,51,56
2017-08-02T22:00:00.000,60,16,44
2017-08-02T23:00:00.000,24,9,15
2017-08-03T00:00:00.000,14,9,5
2017-08-03T01:00:00.000,6,3,3
2017-08-03T02:00:00.000,0,0,0
2017-08-03T03:00:00.000,2,2,0
2017-08-03T04:00:00.000,12,6,6
2017-08-03T05:00:00.000,39,23,16
2017-08-03T06:00:00.000,130,84,46
2017-08-03T07:00:00.000,387,198,189
2017-08-03T08:00:00.000,563,274,289
2017-08-03T09:00:00.000,317,164,153
2017-08-03T10:00:00.000,121,50,71
2017-08-03T11:00:00.000,93,45,48
2017-08-03T12:00:00.000,90,45,45
2017-08-03T13:00:00.000,112,46,66
2017-08-03T14:00:00.000,102,40,62
2017-08-03T15:00:00.000,134,48,86
2017-08-03T16:00:00.000,322,94,228
2017-08-03T17:00:00.000,602,142,460
2017-08-03T18:00:00.000,445,163,282
2017-08-03T19:00:00.000,255,86,169
2017-08-03T20:00:00.000,143,53,90
2017-08-03T21:00:00.000,110,46,64
2017-08-03T22:00:00.000,55,24,31
2017-08-03T23:00:00.000,43,15,28
2017-08-04T00:00:00.000,13,3,10
2017-08-04T01:00:00.000,17,7,10
2017-08-04T02:00:00.000,13,6,7
2017-08-04T03:00:00.000,1,0,1
2017-08-04T04:00:00.000,13,6,7
2017-08-04T05:00:00.000,46,33,13
2017-08-04T06:00:00.000,126,66,60
2017-08-04T07:00:00.000,346,191,155
2017-08-04T08:00:00.000,481,242,239
2017-08-04T09:00:00.000,268,127,141
2017-08-04T10:00:00.000,149,73,76
2017-08-04T11:00:00.000,110,47,63
2017-08-04T12:00:00.000,117,55,62
2017-08-04T13:00:00.000,119,66,53
2017-08-04T14:00:00.000,116,35,81
2017-08-04T15:00:00.000,161,54,107
2017-08-04T16:00:00.000,358,99,259
2017-08-04T17:00:00.000,475,104,371
2017-08-04T18:00:00.000,306,110,196
2017-08-04T19:00:00.000,211,72,139
2017-08-04T20:00:00.000,110,41,69
2017-08-04T21:00:00.000,88,33,55
2017-08-04T22:00:00.000,65,27,38
2017-08-04T23:00:00.000,26,12,14
2017-08-05T00:00:00.000,22,8,14
2017-08-05T01:00:00.000,15,9,6
2017-08-05T02:00:00.000,13,6,7
2017-08-05T03:00:00.000,5,2,3
2017-08-05T04:00:00.000,4,2,2
2017-08-05T05:00:00.000,12,7,5
2017-08-05T06:00:00.000,19,8,11
2017-08-05T07:00:00.000,53,22,31
2017-08-05T08:00:00.000,88,46,42
2017-08-05T09:00:00.000,142,83,59
2017-08-05T10:00:00.000,128,75,53
2017-08-05T11:00:00.000,123,68,55
2017-08-05T12:00:00.000,161,80,81
2017-08-05T13:00:00.000,159,83,76
2017-08-05T14:00:00.000,160,85,75
2017-08-05T15:00:00.000,169,88,81
2017-08-05T16:00:00.000,176,77,99
2017-08-05T17:00:00.000,150,70,80
2017-08-05T18:00:00.000,106,48,58
2017-08-05T19:00:00.000,116,56,60
2017-08-05T20:00:00.000,62,26,36
2017-08-05T21:00:00.000,57,24,33
2017-08-05T22:00:00.000,49,19,30
2017-08-05T23:00:00.000,37,8,29
2017-08-06T00:00:00.000,32,9,23
2017-08-06T01:00:00.000,29,7,22
2017-08-06T02:00:00.000,14,4,10
2017-08-06T03:00:00.000,8,4,4
2017-08-06T04:00:00.000,5,2,3
2017-08-06T05:00:00.000,10,6,4
2017-08-06T06:00:00.000,13,9,4
2017-08-06T07:00:00.000,56,27,29
2017-08-06T08:00:00.000,107,46,61
2017-08-06T09:00:00.000,121,59,62
2017-08-06T10:00:00.000,159,81,78
2017-08-06T11:00:00.000,181,79,102
2017-08-06T12:00:00.000,195,95,100
2017-08-06T13:00:00.000,196,92,104
2017-08-06T14:00:00.000,147,89,58
2017-08-06T15:00:00.000,175,86,89
2017-08-06T16:00:00.000,183,100,83
2017-08-06T17:00:00.000,158,74,84
2017-08-06T18:00:00.000,127,50,77
2017-08-06T19:00:00.000,98,49,49
2017-08-06T20:00:00.000,76,28,48
2017-08-06T21:00:00.000,35,15,20
2017-08-06T22:00:00.000,27,12,15
2017-08-06T23:00:00.000,20,10,10
2017-08-07T00:00:00.000,7,1,6
2017-08-07T01:00:00.000,2,2,0
2017-08-07T02:00:00.000,3,3,0
2017-08-07T03:00:00.000,2,2,0
2017-08-07T04:00:00.000,10,4,6
2017-08-07T05:00:00.000,55,32,23
2017-08-07T06:00:00.000,169,96,73
2017-08-07T07:00:00.000,429,224,205
2017-08-07T08:00:00.000,613,298,315
2017-08-07T09:00:00.000,295,147,148
2017-08-07T10:00:00.000,127,58,69
2017-08-07T11:00:00.000,106,49,57
2017-08-07T12:00:00.000,103,45,58
2017-08-07T13:00:00.000,89,42,47
2017-08-07T14:00:00.000,123,61,62
2017-08-07T15:00:00.000,164,73,91
2017-08-07T16:00:00.000,368,101,267
2017-08-07T17:00:00.000,735,185,550
2017-08-07T18:00:00.000,494,145,349
2017-08-07T19:00:00.000,257,87,170
2017-08-07T20:00:00.000,152,66,86
2017-08-07T21:00:00.000,75,28,47
2017-08-07T22:00:00.000,52,23,29
2017-08-07T23:00:00.000,18,9,9
2017-08-08T00:00:00.000,14,7,7
2017-08-08T01:00:00.000,10,5,5
2017-08-08T02:00:00.000,4,3,1
2017-08-08T03:00:00.000,4,1,3
2017-08-08T04:00:00.000,16,11,5
2017-08-08T05:00:00.000,54,42,12
2017-08-08T06:00:00.000,208,109,99
2017-08-08T07:00:00.000,492,272,220
2017-08-08T08:00:00.000,640,332,308
2017-08-08T09:00:00.000,352,170,182
2017-08-08T10:00:00.000,125,52,73
2017-08-08T11:00:00.000,102,50,52
2017-08-08T12:00:00.000,103,63,40
2017-08-08T13:00:00.000,92,47,45
2017-08-08T14:00:00.000,109,45,64
2017-08-08T15:00:00.000,158,57,101
2017-08-08T16:00:00.000,395,107,288
2017-08-08T17:00:00.000,790,180,610
2017-08-08T18:00:00.000,486,169,317
2017-08-08T19:00:00.000,311,98,213
2017-08-08T20:00:00.000,169,74,95
2017-08-08T21:00:00.000,111,51,60
2017-08-08T22:00:00.000,43,19,24
2017-08-08T23:00:00.000,32,6,26
2017-08-09T00:00:00.000,15,10,5
2017-08-09T01:00:00.000,5,1,4
2017-08-09T02:00:00.000,7,4,3
2017-08-09T03:00:00.000,2,1,1
2017-08-09T04:00:00.000,17,7,10
2017-08-09T05:00:00.000,47,32,15
2017-08-09T06:00:00.000,174,95,79
2017-08-09T07:00:00.000,460,249,211
2017-08-09T08:00:00.000,637,324,313
2017-08-09T09:00:00.000,316,150,166
2017-08-09T10:00:00.000,143,66,77
2017-08-09T11:00:00.000,118,61,57
2017-08-09T12:00:00.000,96,47,49
2017-08-09T13:00:00.000,129,68,61
2017-08-09T14:00:00.000,111,47,64
2017-08-09T15:00:00.000,160,56,104
2017-08-09T16:00:00.000,362,120,242
2017-08-09T17:00:00.000,737,171,566
2017-08-09T18:00:00.000,554,152,402
2017-08-09T19:00:00.000,260,95,165
2017-08-09T20:00:00.000,155,65,90
2017-08-09T21:00:00.000,111,56,55
2017-08-09T22:00:00.000,54,26,28
2017-08-09T23:00:00.000,29,12,17
2017-08-10T00:00:00.000,29,18,11
2017-08-10T01:00:00.000,8,2,6
2017-08-10T02:00:00.000,5,3,2
2017-08-10T03:00:00.000,4,1,3
2017-08-10T04:00:00.000,11,5,6
2017-08-10T05:00:00.000,47,28,19
2017-08-10T06:00:00.000,144,81,63
2017-08-10T07:00:00.000,451,252,199
2017-08-10T08:00:00.000,559,283,276
2017-08-10T09:00:00.000,307,152,155
2017-08-10T10:00:00.000,137,70,67
2017-08-10T11:00:00.000,93,49,44
2017-08-10T12:00:00.000,94,46,48
2017-08-10T13:00:00.000,106,48,58
2017-08-10T14:00:00.000,123,61,62
2017-08-10T15:00:00.000,170,78,92
2017-08-10T16:00:00.000,391,103,288
2017-08-10T17:00:00.000,684,180,504
2017-08-10T18:00:00.000,440,148,292
2017-08-10T19:00:00.000,280,94,186
2017-08-10T20:00:00.000,186,69,117
2017-08-10T21:00:00.000,78,32,46
2017-08-10T22:00:00.000,56,23,33
2017-08-10T23:00:00.000,33,14,19
2017-08-11T00:00:00.000,22,7,15
2017-08-11T01:00:00.000,4,3,1
2017-08-11T02:00:00.000,6,1,5
2017-08-11T03:00:00.000,2,1,1
2017-08-11T04:00:00.000,10,7,3
2017-08-11T05:00:00.000,47,25,22
2017-08-11T06:00:00.000,128,71,57
2017-08-11T07:00:00.000,352,190,162
2017-08-11T08:00:00.000,512,262,250
2017-08-11T09:00:00.000,252,120,132
2017-08-11T10:00:00.000,123,56,67
2017-08-11T11:00:00.000,109,50,59
2017-08-11T12:00:00.000,118,56,62
2017-08-11T13:00:00.000,127,60,67
2017-08-11T14:00:00.000,133,56,77
2017-08-11T15:00:00.000,236,75,161
2017-08-11T16:00:00.000,360,107,253
2017-08-11T17:00:00.000,620,169,451
2017-08-11T18:00:00.000,365,123,242
2017-08-11T19:00:00.000,221,88,133
2017-08-11T20:00:00.000,148,62,86
2017-08-11T21:00:00.000,59,20,39
2017-08-11T22:00:00.000,52,22,30
2017-08-11T23:00:00.000,36,12,24
2017-08-12T00:00:00.000,33,16,17
2017-08-12T01:00:00.000,16,5,11
2017-08-12T02:00:00.000,11,5,6
2017-08-12T03:00:00.000,3,1,2
2017-08-12T04:00:00.000,5,2,3
2017-08-12T05:00:00.000,10,5,5
2017-08-12T06:00:00.000,36,18,18
2017-08-12T07:00:00.000,56,25,31
2017-08-12T08:00:00.000,100,60,40
2017-08-12T09:00:00.000,90,41,49
2017-08-12T10:00:00.000,127,66,61
2017-08-12T11:00:00.000,134,55,79
2017-08-12T12:00:00.000,211,119,92
2017-08-12T13:00:00.000,189,95,94
2017-08-12T14:00:00.000,184,114,70
2017-08-12T15:00:00.000,208,102,106
2017-08-12T16:00:00.000,189,79,110
2017-08-12T17:00:00.000,182,75,107
2017-08-12T18:00:00.000,145,69,76
2017-08-12T19:00:00.000,103,54,49
2017-08-12T20:00:00.000,79,37,42
2017-08-12T21:00:00.000,45,19,26
2017-08-12T22:00:00.000,28,17,11
2017-08-12T23:00:00.000,21,7,14
2017-08-13T00:00:00.000,16,10,6
2017-08-13T01:00:00.000,10,4,6
2017-08-13T02:00:00.000,9,4,5
2017-08-13T03:00:00.000,2,1,1
2017-08-13T04:00:00.000,1,0,1
2017-08-13T05:00:00.000,5,3,2
2017-08-13T06:00:00.000,66,21,45
2017-08-13T07:00:00.000,55,33,22
2017-08-13T08:00:00.000,82,42,40
2017-08-13T09:00:00.000,92,42,50
2017-08-13T10:00:00.000,112,56,56
2017-08-13T11:00:00.000,203,38,165
2017-08-13T12:00:00.000,637,71,566
2017-08-13T13:00:00.000,545,89,456
2017-08-13T14:00:00.000,334,113,221
2017-08-13T15:00:00.000,375,142,233
2017-08-13T16:00:00.000,273,99,174
2017-08-13T17:00:00.000,162,72,90
2017-08-13T18:00:00.000,113,63,50
2017-08-13T19:00:00.000,67,36,31
2017-08-13T20:00:00.000,42,21,21
2017-08-13T21:00:00.000,33,14,19
2017-08-13T22:00:00.000,23,12,11
2017-08-13T23:00:00.000,11,4,7
2017-08-14T00:00:00.000,10,4,6
2017-08-14T01:00:00.000,5,5,0
2017-08-14T02:00:00.000,2,2,0
2017-08-14T03:00:00.000,2,1,1
2017-08-14T04:00:00.000,16,11,5
2017-08-14T05:00:00.000,44,30,14
2017-08-14T06:00:00.000,172,98,74
2017-08-14T07:00:00.000,432,237,195
2017-08-14T08:00:00.000,595,305,290
2017-08-14T09:00:00.000,329,161,168
2017-08-14T10:00:00.000,138,63,75
2017-08-14T11:00:00.000,96,55,41
2017-08-14T12:00:00.000,93,51,42
2017-08-14T13:00:00.000,101,51,50
2017-08-14T14:00:00.000,125,50,75
2017-08-14T15:00:00.000,161,61,100
2017-08-14T16:00:00.000,342,101,241
2017-08-14T17:00:00.000,769,186,583
2017-08-14T18:00:00.000,506,153,353
2017-08-14T19:00:00.000,222,79,143
2017-08-14T20:00:00.000,134,52,82
2017-08-14T21:00:00.000,75,32,43
2017-08-14T22:00:00.000,36,17,19
2017-08-14T23:00:00.000,18,9,9
2017-08-15T00:00:00.000,15,7,8
2017-08-15T01:00:00.000,7,1,6
2017-08-15T02:00:00.000,4,0,4
2017-08-15T03:00:00.000,0,0,0
2017-08-15T04:00:00.000,6,4,2
2017-08-15T05:00:00.000,51,40,11
2017-08-15T06:00:00.000,189,115,74
2017-08-15T07:00:00.000,499,274,225
2017-08-15T08:00:00.000,688,372,316
2017-08-15T09:00:00.000,319,155,164
2017-08-15T10:00:00.000,150,73,77
2017-08-15T11:00:00.000,114,53,61
2017-08-15T12:00:00.000,110,60,50
2017-08-15T13:00:00.000,122,70,52
2017-08-15T14:00:00.000,112,44,68
2017-08-15T15:00:00.000,185,76,109
2017-08-15T16:00:00.000,392,102,290
2017-08-15T17:00:00.000,812,174,638
2017-08-15T18:00:00.000,487,160,327
2017-08-15T19:00:00.000,286,86,200
2017-08-15T20:00:00.000,158,81,77
2017-08-15T21:00:00.000,113,59,54
2017-08-15T22:00:00.000,65,31,34
2017-08-15T23:00:00.000,31,19,12
2017-08-16T00:00:00.000,18,6,12
2017-08-16T01:00:00.000,5,5,0
2017-08-16T02:00:00.000,5,1,4
2017-08-16T03:00:00.000,2,1,1
2017-08-16T04:00:00.000,11,7,4
2017-08-16T05:00:00.000,44,24,20
2017-08-16T06:00:00.000,186,109,77
2017-08-16T07:00:00.000,479,271,208
2017-08-16T08:00:00.000,656,345,311
2017-08-16T09:00:00.000,369,180,189
2017-08-16T10:00:00.000,139,74,65
2017-08-16T11:00:00.000,125,60,65
2017-08-16T12:00:00.000,123,62,61
2017-08-16T13:00:00.000,128,66,62
2017-08-16T14:00:00.000,129,64,65
2017-08-16T15:00:00.000,178,71,107
2017-08-16T16:00:00.000,426,137,289
2017-08-16T17:00:00.000,779,192,587
2017-08-16T18:00:00.000,523,167,356
2017-08-16T19:00:00.000,320,110,210
2017-08-16T20:00:00.000,180,77,103
2017-08-16T21:00:00.000,99,41,58
2017-08-16T22:00:00.000,56,20,36
2017-08-16T23:00:00.000,30,11,19
2017-08-17T00:00:00.000,16,6,10
2017-08-17T01:00:00.000,8,5,3
2017-08-17T02:00:00.000,2,2,0
2017-08-17T03:00:00.000,6,4,2
2017-08-17T04:00:00.000,16,12,4
2017-08-17T05:00:00.000,45,32,13
2017-08-17T06:00:00.000,153,96,57
2017-08-17T07:00:00.000,440,221,219
2017-08-17T08:00:00.000,612,342,270
2017-08-17T09:00:00.000,315,154,161
2017-08-17T10:00:00.000,150,74,76
2017-08-17T11:00:00.000,102,53,49
2017-08-17T12:00:00.000,94,50,44
2017-08-17T13:00:00.000,146,68,78
2017-08-17T14:00:00.000,137,67,70
2017-08-17T15:00:00.000,182,64,118
2017-08-17T16:00:00.000,380,108,272
2017-08-17T17:00:00.000,741,165,576
2017-08-17T18:00:00.000,556,178,378
2017-08-17T19:00:00.000,256,101,155
2017-08-17T20:00:00.000,173,63,110
2017-08-17T21:00:00.000,98,36,62
2017-08-17T22:00:00.000,60,23,37
2017-08-17T23:00:00.000,27,15,12
2017-08-18T00:00:00.000,12,6,6
2017-08-18T01:00:00.000,10,4,6
2017-08-18T02:00:00.000,5,2,3
2017-08-18T03:00:00.000,5,4,1
2017-08-18T04:00:00.000,5,1,4
2017-08-18T05:00:00.000,63,27,36
2017-08-18T06:00:00.000,155,81,74
2017-08-18T07:00:00.000,388,194,194
2017-08-18T08:00:00.000,454,228,226
2017-08-18T09:00:00.000,276,133,143
2017-08-18T10:00:00.000,116,48,68
2017-08-18T11:00:00.000,101,46,55
2017-08-18T12:00:00.000,109,39,70
2017-08-18T13:00:00.000,116,68,48
2017-08-18T14:00:00.000,172,64,108
2017-08-18T15:00:00.000,206,70,136
2017-08-18T16:00:00.000,382,100,282
2017-08-18T17:00:00.000,578,158,420
2017-08-18T18:00:00.000,348,126,222
2017-08-18T19:00:00.000,173,61,112
2017-08-18T20:00:00.000,98,44,54
2017-08-18T21:00:00.000,82,27,55
2017-08-18T22:00:00.000,59,22,37
2017-08-18T23:00:00.000,30,14,16
2017-08-19T00:00:00.000,27,11,16
2017-08-19T01:00:00.000,16,5,11
2017-08-19T02:00:00.000,14,5,9
2017-08-19T03:00:00.000,5,2,3
2017-08-19T04:00:00.000,2,1,1
2017-08-19T05:00:00.000,8,5,3
2017-08-19T06:00:00.000,25,9,16
2017-08-19T07:00:00.000,57,22,35
2017-08-19T08:00:00.000,88,41,47
2017-08-19T09:00:00.000,101,57,44
2017-08-19T10:00:00.000,124,61,63
2017-08-19T11:00:00.000,162,80,82
2017-08-19T12:00:00.000,190,84,106
2017-08-19T13:00:00.000,167,67,100
2017-08-19T14:00:00.000,216,122,94
2017-08-19T15:00:00.000,187,102,85
2017-08-19T16:00:00.000,184,68,116
2017-08-19T17:00:00.000,170,81,89
2017-08-19T18:00:00.000,132,75,57
2017-08-19T19:00:00.000,113,47,66
2017-08-19T20:00:00.000,87,42,45
2017-08-19T21:00:00.000,46,18,28
2017-08-19T22:00:00.000,21,10,11
2017-08-19T23:00:00.000,28,7,21
2017-08-20T00:00:00.000,19,9,10
2017-08-20T01:00:00.000,13,9,4
2017-08-20T02:00:00.000,9,6,3
2017-08-20T03:00:00.000,5,3,2
2017-08-20T04:00:00.000,2,2,0
2017-08-20T05:00:00.000,1,0,1
2017-08-20T06:00:00.000,13,5,8
2017-08-20T07:00:00.000,25,17,8
2017-08-20T08:00:00.000,61,22,39
2017-08-20T09:00:00.000,78,43,35
2017-08-20T10:00:00.000,99,43,56
2017-08-20T11:00:00.000,159,80,79
2017-08-20T12:00:00.000,191,100,91
2017-08-20T13:00:00.000,200,106,94
2017-08-20T14:00:00.000,197,90,107
2017-08-20T15:00:00.000,152,76,76
2017-08-20T16:00:00.000,163,90,73
2017-08-20T17:00:00.000,124,46,78
2017-08-20T18:00:00.000,111,47,64
2017-08-20T19:00:00.000,76,39,37
2017-08-20T20:00:00.000,66,35,31
2017-08-20T21:00:00.000,42,16,26
2017-08-20T22:00:00.000,18,8,10
2017-08-20T23:00:00.000,14,6,8
2017-08-21T00:00:00.000,7,2,5
2017-08-21T01:00:00.000,2,0,2
2017-08-21T02:00:00.000,3,0,3
2017-08-21T03:00:00.000,2,1,1
2017-08-21T04:00:00.000,9,3,6
2017-08-21T05:00:00.000,31,20,11
2017-08-21T06:00:00.000,118,72,46
2017-08-21T07:00:00.000,358,175,183
2017-08-21T08:00:00.000,476,236,240
2017-08-21T09:00:00.000,253,120,133
2017-08-21T10:00:00.000,174,102,72
2017-08-21T11:00:00.000,135,72,63
2017-08-21T12:00:00.000,100,52,48
2017-08-21T13:00:00.000,102,50,52
2017-08-21T14:00:00.000,95,43,52
2017-08-21T15:00:00.000,149,62,87
2017-08-21T16:00:00.000,318,83,235
2017-08-21T17:00:00.000,597,136,461
2017-08-21T18:00:00.000,402,125,277
2017-08-21T19:00:00.000,235,84,151
2017-08-21T20:00:00.000,104,39,65
2017-08-21T21:00:00.000,51,18,33
2017-08-21T22:00:00.000,28,16,12
2017-08-21T23:00:00.000,19,12,7
2017-08-22T00:00:00.000,17,5,12
2017-08-22T01:00:00.000,6,2,4
2017-08-22T02:00:00.000,2,0,2
2017-08-22T03:00:00.000,4,1,3
2017-08-22T04:00:00.000,7,2,5
2017-08-22T05:00:00.000,39,28,11
2017-08-22T06:00:00.000,147,85,62
2017-08-22T07:00:00.000,442,232,210
2017-08-22T08:00:00.000,608,328,280
2017-08-22T09:00:00.000,331,158,173
2017-08-22T10:00:00.000,138,66,72
2017-08-22T11:00:00.000,118,61,57
2017-08-22T12:00:00.000,95,48,47
2017-08-22T13:00:00.000,99,54,45
2017-08-22T14:00:00.000,123,41,82
2017-08-22T15:00:00.000,163,67,96
2017-08-22T16:00:00.000,391,109,282
2017-08-22T17:00:00.000,752,190,562
2017-08-22T18:00:00.000,458,145,313
2017-08-22T19:00:00.000,269,88,181
2017-08-22T20:00:00.000,142,59,83
2017-08-22T21:00:00.000,70,32,38
2017-08-22T22:00:00.000,48,21,27
2017-08-22T23:00:00.000,20,9,11
2017-08-23T00:00:00.000,8,2,6
2017-08-23T01:00:00.000,3,0,3
2017-08-23T02:00:00.000,4,2,2
2017-08-23T03:00:00.000,9,6,3
2017-08-23T04:00:00.000,11,5,6
2017-08-23T05:00:00.000,42,27,15
2017-08-23T06:00:00.000,172,91,81
2017-08-23T07:00:00.000,466,240,226
2017-08-23T08:00:00.000,624,326,298
2017-08-23T09:00:00.000,347,170,177
2017-08-23T10:00:00.000,132,50,82
2017-08-23T11:00:00.000,100,42,58
2017-08-23T12:00:00.000,92,40,52
2017-08-23T13:00:00.000,98,52,46
2017-08-23T14:00:00.000,120,56,64
2017-08-23T15:00:00.000,160,68,92
2017-08-23T16:00:00.000,409,115,294
2017-08-23T17:00:00.000,768,175,593
2017-08-23T18:00:00.000,546,175,371
2017-08-23T19:00:00.000,296,102,194
2017-08-23T20:00:00.000,130,48,82
2017-08-23T21:00:00.000,64,29,35
2017-08-23T22:00:00.000,53,28,25
2017-08-23T23:00:00.000,24,8,16
2017-08-24T00:00:00.000,18,5,13
2017-08-24T01:00:00.000,4,1,3
2017-08-24T02:00:00.000,1,0,1
2017-08-24T03:00:00.000,1,1,0
2017-08-24T04:00:00.000,10,7,3
2017-08-24T05:00:00.000,42,23,19
2017-08-24T06:00:00.000,141,88,53
2017-08-24T07:00:00.000,388,193,195
2017-08-24T08:00:00.000,546,305,241
2017-08-24T09:00:00.000,293,151,142
2017-08-24T10:00:00.000,129,61,68
2017-08-24T11:00:00.000,108,48,60
2017-08-24T12:00:00.000,100,42,58
2017-08-24T13:00:00.000,121,69,52
2017-08-24T14:00:00.000,128,61,67
2017-08-24T15:00:00.000,188,75,113
2017-08-24T16:00:00.000,355,113,242
2017-08-24T17:00:00.000,620,162,458
2017-08-24T18:00:00.000,538,171,367
2017-08-24T19:00:00.000,285,104,181
2017-08-24T20:00:00.000,146,63,83
2017-08-24T21:00:00.000,68,34,34
2017-08-24T22:00:00.000,61,22,39
2017-08-24T23:00:00.000,42,27,15
2017-08-25T00:00:00.000,21,5,16
2017-08-25T01:00:00.000,10,7,3
2017-08-25T02:00:00.000,9,6,3
2017-08-25T03:00:00.000,8,5,3
2017-08-25T04:00:00.000,6,1,5
2017-08-25T05:00:00.000,49,31,18
2017-08-25T06:00:00.000,129,68,61
2017-08-25T07:00:00.000,376,196,180
2017-08-25T08:00:00.000,497,246,251
2017-08-25T09:00:00.000,297,138,159
2017-08-25T10:00:00.000,131,56,75
2017-08-25T11:00:00.000,107,53,54
2017-08-25T12:00:00.000,105,51,54
2017-08-25T13:00:00.000,94,48,46
2017-08-25T14:00:00.000,164,65,99
2017-08-25T15:00:00.000,220,79,141
2017-08-25T16:00:00.000,395,88,307
2017-08-25T17:00:00.000,608,151,457
2017-08-25T18:00:00.000,371,112,259
2017-08-25T19:00:00.000,187,66,121
2017-08-25T20:00:00.000,144,64,80
2017-08-25T21:00:00.000,65,25,40
2017-08-25T22:00:00.000,43,20,23
2017-08-25T23:00:00.000,36,17,19
2017-08-26T00:00:00.000,20,8,12
2017-08-26T01:00:00.000,13,4,9
2017-08-26T02:00:00.000,5,2,3
2017-08-26T03:00:00.000,4,2,2
2017-08-26T04:00:00.000,16,7,9
2017-08-26T05:00:00.000,14,7,7
2017-08-26T06:00:00.000,22,9,13
2017-08-26T07:00:00.000,40,17,23
2017-08-26T08:00:00.000,90,33,57
2017-08-26T09:00:00.000,115,65,50
2017-08-26T10:00:00.000,149,77,72
2017-08-26T11:00:00.000,170,73,97
2017-08-26T12:00:00.000,197,97,100
2017-08-26T13:00:00.000,198,101,97
2017-08-26T14:00:00.000,181,97,84
2017-08-26T15:00:00.000,174,70,104
2017-08-26T16:00:00.000,185,89,96
2017-08-26T17:00:00.000,193,86,107
2017-08-26T18:00:00.000,140,69,71
2017-08-26T19:00:00.000,127,59,68
2017-08-26T20:00:00.000,80,39,41
2017-08-26T21:00:00.000,49,24,25
2017-08-26T22:00:00.000,38,12,26
2017-08-26T23:00:00.000,21,5,16
2017-08-27T00:00:00.000,12,8,4
2017-08-27T01:00:00.000,11,6,5
2017-08-27T02:00:00.000,8,7,1
2017-08-27T03:00:00.000,7,1,6
2017-08-27T04:00:00.000,4,1,3
2017-08-27T05:00:00.000,6,4,2
2017-08-27T06:00:00.000,19,10,9
2017-08-27T07:00:00.000,40,23,17
2017-08-27T08:00:00.000,58,29,29
2017-08-27T09:00:00.000,124,70,54
2017-08-27T10:00:00.000,154,76,78
2017-08-27T11:00:00.000,205,105,100
2017-08-27T12:00:00.000,199,91,108
2017-08-27T13:00:00.000,176,94,82
2017-08-27T14:00:00.000,184,94,90
2017-08-27T15:00:00.000,191,80,111
2017-08-27T16:00:00.000,183,96,87
2017-08-27T17:00:00.000,154,78,76
2017-08-27T18:00:00.000,129,74,55
2017-08-27T19:00:00.000,73,36,37
2017-08-27T20:00:00.000,70,31,39
2017-08-27T21:00:00.000,60,20,40
2017-08-27T22:00:00.000,29,14,15
2017-08-27T23:00:00.000,10,4,6
2017-08-28T00:00:00.000,9,2,7
2017-08-28T01:00:00.000,1,0,1
2017-08-28T02:00:00.000,2,2,0
2017-08-28T03:00:00.000,3,1,2
2017-08-28T04:00:00.000,5,2,3
2017-08-28T05:00:00.000,44,28,16
2017-08-28T06:00:00.000,145,79,66
2017-08-28T07:00:00.000,479,247,232
2017-08-28T08:00:00.000,584,308,276
2017-08-28T09:00:00.000,324,145,179
2017-08-28T10:00:00.000,113,57,56
2017-08-28T11:00:00.000,118,55,63
2017-08-28T12:00:00.000,101,56,45
2017-08-28T13:00:00.000,103,54,49
2017-08-28T14:00:00.000,103,51,52
2017-08-28T15:00:00.000,155,55,100
2017-08-28T16:00:00.000,345,97,248
2017-08-28T17:00:00.000,726,166,560
2017-08-28T18:00:00.000,516,114,402
2017-08-28T19:00:00.000,246,95,151
2017-08-28T20:00:00.000,124,41,83
2017-08-28T21:00:00.000,60,16,44
2017-08-28T22:00:00.000,44,20,24
2017-08-28T23:00:00.000,20,11,9
2017-08-29T00:00:00.000,14,4,10
2017-08-29T01:00:00.000,6,1,5
2017-08-29T02:00:00.000,5,3,2
2017-08-29T03:00:00.000,2,1,1
2017-08-29T04:00:00.000,9,6,3
2017-08-29T05:00:00.000,44,28,16
2017-08-29T06:00:00.000,197,120,77
2017-08-29T07:00:00.000,532,275,257
2017-08-29T08:00:00.000,630,314,316
2017-08-29T09:00:00.000,307,149,158
2017-08-29T10:00:00.000,162,83,79
2017-08-29T11:00:00.000,114,62,52
2017-08-29T12:00:00.000,107,45,62
2017-08-29T13:00:00.000,94,41,53
2017-08-29T14:00:00.000,107,54,53
2017-08-29T15:00:00.000,179,76,103
2017-08-29T16:00:00.000,440,116,324
2017-08-29T17:00:00.000,751,177,574
2017-08-29T18:00:00.000,516,174,342
2017-08-29T19:00:00.000,297,117,180
2017-08-29T20:00:00.000,141,55,86
2017-08-29T21:00:00.000,68,31,37
2017-08-29T22:00:00.000,48,16,32
2017-08-29T23:00:00.000,23,11,12
2017-08-30T00:00:00.000,11,5,6
2017-08-30T01:00:00.000,5,1,4
2017-08-30T02:00:00.000,5,4,1
2017-08-30T03:00:00.000,3,0,3
2017-08-30T04:00:00.000,5,3,2
2017-08-30T05:00:00.000,45,21,24
2017-08-30T06:00:00.000,174,103,71
2017-08-30T07:00:00.000,472,246,226
2017-08-30T08:00:00.000,591,303,288
2017-08-30T09:00:00.000,319,165,154
2017-08-30T10:00:00.000,135,66,69
2017-08-30T11:00:00.000,98,45,53
2017-08-30T12:00:00.000,95,47,48
2017-08-30T13:00:00.000,97,49,48
2017-08-30T14:00:00.000,100,43,57
2017-08-30T15:00:00.000,172,80,92
2017-08-30T16:00:00.000,358,96,262
2017-08-30T17:00:00.000,749,191,558
2017-08-30T18:00:00.000,520,165,355
2017-08-30T19:00:00.000,322,114,208
2017-08-30T20:00:00.000,162,48,114
2017-08-30T21:00:00.000,57,17,40
2017-08-30T22:00:00.000,57,23,34
2017-08-30T23:00:00.000,30,11,19
2017-08-31T00:00:00.000,11,4,7
2017-08-31T01:00:00.000,8,5,3
2017-08-31T02:00:00.000,5,3,2
2017-08-31T03:00:00.000,7,5,2
2017-08-31T04:00:00.000,11,5,6
2017-08-31T05:00:00.000,46,32,14
2017-08-31T06:00:00.000,141,78,63
2017-08-31T07:00:00.000,413,225,188
2017-08-31T08:00:00.000,573,311,262
2017-08-31T09:00:00.000,234,121,113
2017-08-31T10:00:00.000,80,40,40
2017-08-31T11:00:00.000,54,23,31
2017-08-31T12:00:00.000,80,34,46
2017-08-31T13:00:00.000,67,33,34
2017-08-31T14:00:00.000,80,37,43
2017-08-31T15:00:00.000,142,59,83
2017-08-31T16:00:00.000,365,126,239
2017-08-31T17:00:00.000,627,154,473
2017-08-31T18:00:00.000,440,141,299
2017-08-31T19:00:00.000,221,81,140
2017-08-31T20:00:00.000,157,62,95
2017-08-31T21:00:00.000,75,35,40
2017-08-31T22:00:00.000,50,25,25
2017-08-31T23:00:00.000,21,14,7
2017-09-01T00:00:00.000,17,4,13
2017-09-01T01:00:00.000,10,2,8
2017-09-01T02:00:00.000,4,3,1
2017-09-01T03:00:00.000,2,0,2
2017-09-01T04:00:00.000,8,2,6
2017-09-01T05:00:00.000,48,27,21
2017-09-01T06:00:00.000,126,67,59
2017-09-01T07:00:00.000,356,212,144
2017-09-01T08:00:00.000,481,261,220
2017-09-01T09:00:00.000,229,98,131
2017-09-01T10:00:00.000,127,51,76
2017-09-01T11:00:00.000,112,58,54
2017-09-01T12:00:00.000,147,65,82
2017-09-01T13:00:00.000,137,62,75
2017-09-01T14:00:00.000,153,60,93
2017-09-01T15:00:00.000,264,95,169
2017-09-01T16:00:00.000,392,110,282
2017-09-01T17:00:00.000,463,133,330
2017-09-01T18:00:00.000,282,79,203
2017-09-01T19:00:00.000,174,65,109
2017-09-01T20:00:00.000,118,60,58
2017-09-01T21:00:00.000,61,32,29
2017-09-01T22:00:00.000,44,18,26
2017-09-01T23:00:00.000,31,14,17
2017-09-02T00:00:00.000,20,7,13
2017-09-02T01:00:00.000,15,5,10
2017-09-02T02:00:00.000,5,1,4
2017-09-02T03:00:00.000,9,3,6
2017-09-02T04:00:00.000,1,0,1
2017-09-02T05:00:00.000,12,6,6
2017-09-02T06:00:00.000,22,15,7
2017-09-02T07:00:00.000,70,34,36
2017-09-02T08:00:00.000,91,35,56
2017-09-02T09:00:00.000,121,71,50
2017-09-02T10:00:00.000,126,73,53
2017-09-02T11:00:00.000,165,84,81
2017-09-02T12:00:00.000,146,70,76
2017-09-02T13:00:00.000,194,110,84
2017-09-02T14:00:00.000,212,89,123
2017-09-02T15:00:00.000,193,100,93
2017-09-02T16:00:00.000,194,105,89
2017-09-02T17:00:00.000,173,89,84
2017-09-02T18:00:00.000,108,59,49
2017-09-02T19:00:00.000,102,43,59
2017-09-02T20:00:00.000,68,26,42
2017-09-02T21:00:00.000,23,10,13
2017-09-02T22:00:00.000,39,18,21
2017-09-02T23:00:00.000,44,6,38
2017-09-03T00:00:00.000,24,14,10
2017-09-03T01:00:00.000,9,5,4
2017-09-03T02:00:00.000,5,1,4
2017-09-03T03:00:00.000,1,1,0
2017-09-03T04:00:00.000,5,2,3
2017-09-03T05:00:00.000,9,8,1
2017-09-03T06:00:00.000,20,14,6
2017-09-03T07:00:00.000,29,16,13
2017-09-03T08:00:00.000,85,42,43
2017-09-03T09:00:00.000,126,56,70
2017-09-03T10:00:00.000,148,82,66
2017-09-03T11:00:00.000,168,92,76
2017-09-03T12:00:00.000,158,88,70
2017-09-03T13:00:00.000,182,93,89
2017-09-03T14:00:00.000,162,87,75
2017-09-03T15:00:00.000,164,75,89
2017-09-03T16:00:00.000,127,55,72
2017-09-03T17:00:00.000,129,59,70
2017-09-03T18:00:00.000,123,73,50
2017-09-03T19:00:00.000,69,34,35
2017-09-03T20:00:00.000,45,20,25
2017-09-03T21:00:00.000,44,19,25
2017-09-03T22:00:00.000,23,4,19
2017-09-03T23:00:00.000,24,8,16
2017-09-04T00:00:00.000,28,6,22
2017-09-04T01:00:00.000,6,1,5
2017-09-04T02:00:00.000,8,3,5
2017-09-04T03:00:00.000,3,1,2
2017-09-04T04:00:00.000,5,2,3
2017-09-04T05:00:00.000,14,12,2
2017-09-04T06:00:00.000,30,17,13
2017-09-04T07:00:00.000,49,26,23
2017-09-04T08:00:00.000,93,48,45
2017-09-04T09:00:00.000,153,66,87
2017-09-04T10:00:00.000,157,71,86
2017-09-04T11:00:00.000,185,101,84
2017-09-04T12:00:00.000,168,94,74
2017-09-04T13:00:00.000,213,124,89
2017-09-04T14:00:00.000,199,116,83
2017-09-04T15:00:00.000,161,77,84
2017-09-04T16:00:00.000,159,84,75
2017-09-04T17:00:00.000,139,64,75
2017-09-04T18:00:00.000,108,59,49
2017-09-04T19:00:00.000,96,54,42
2017-09-04T20:00:00.000,57,25,32
2017-09-04T21:00:00.000,33,10,23
2017-09-04T22:00:00.000,31,11,20
2017-09-04T23:00:00.000,26,17,9
2017-09-05T00:00:00.000,8,3,5
2017-09-05T01:00:00.000,5,3,2
2017-09-05T02:00:00.000,5,2,3
2017-09-05T03:00:00.000,3,3,0
2017-09-05T04:00:00.000,8,3,5
2017-09-05T05:00:00.000,47,32,15
2017-09-05T06:00:00.000,150,75,75
2017-09-05T07:00:00.000,438,228,210
2017-09-05T08:00:00.000,537,276,261
2017-09-05T09:00:00.000,237,96,141
2017-09-05T10:00:00.000,108,58,50
2017-09-05T11:00:00.000,70,37,33
2017-09-05T12:00:00.000,62,31,31
2017-09-05T13:00:00.000,64,24,40
2017-09-05T14:00:00.000,69,37,32
2017-09-05T15:00:00.000,125,47,78
2017-09-05T16:00:00.000,270,69,201
2017-09-05T17:00:00.000,588,151,437
2017-09-05T18:00:00.000,399,105,294
2017-09-05T19:00:00.000,168,66,102
2017-09-05T20:00:00.000,83,32,51
2017-09-05T21:00:00.000,51,22,29
2017-09-05T22:00:00.000,33,17,16
2017-09-05T23:00:00.000,22,11,11
2017-09-06T00:00:00.000,8,3,5
2017-09-06T01:00:00.000,3,1,2
2017-09-06T02:00:00.000,2,0,2
2017-09-06T03:00:00.000,6,4,2
2017-09-06T04:00:00.000,9,2,7
2017-09-06T05:00:00.000,43,26,17
2017-09-06T06:00:00.000,149,80,69
2017-09-06T07:00:00.000,393,210,183
2017-09-06T08:00:00.000,539,277,262
2017-09-06T09:00:00.000,269,121,148
2017-09-06T10:00:00.000,99,49,50
2017-09-06T11:00:00.000,68,32,36
2017-09-06T12:00:00.000,91,48,43
2017-09-06T13:00:00.000,50,26,24
2017-09-06T14:00:00.000,105,45,60
2017-09-06T15:00:00.000,135,59,76
2017-09-06T16:00:00.000,285,73,212
2017-09-06T17:00:00.000,603,144,459
2017-09-06T18:00:00.000,392,132,260
2017-09-06T19:00:00.000,208,55,153
2017-09-06T20:00:00.000,89,30,59
2017-09-06T21:00:00.000,53,20,33
2017-09-06T22:00:00.000,39,15,24
2017-09-06T23:00:00.000,26,11,15
2017-09-07T00:00:00.000,9,3,6
2017-09-07T01:00:00.000,4,3,1
2017-09-07T02:00:00.000,3,1,2
2017-09-07T03:00:00.000,2,1,1
2017-09-07T04:00:00.000,9,3,6
2017-09-07T05:00:00.000,38,27,11
2017-09-07T06:00:00.000,153,84,69
2017-09-07T07:00:00.000,404,212,192
2017-09-07T08:00:00.000,589,326,263
2017-09-07T09:00:00.000,258,112,146
2017-09-07T10:00:00.000,95,52,43
2017-09-07T11:00:00.000,88,33,55
2017-09-07T12:00:00.000,59,28,31
2017-09-07T13:00:00.000,82,46,36
2017-09-07T14:00:00.000,95,39,56
2017-09-07T15:00:00.000,147,53,94
2017-09-07T16:00:00.000,316,100,216
2017-09-07T17:00:00.000,648,151,497
2017-09-07T18:00:00.000,399,129,270
2017-09-07T19:00:00.000,210,60,150
2017-09-07T20:00:00.000,129,46,83
2017-09-07T21:00:00.000,70,24,46
2017-09-07T22:00:00.000,46,17,29
2017-09-07T23:00:00.000,26,9,17
2017-09-08T00:00:00.000,8,5,3
2017-09-08T01:00:00.000,5,2,3
2017-09-08T02:00:00.000,7,3,4
2017-09-08T03:00:00.000,5,2,3
2017-09-08T04:00:00.000,12,5,7
2017-09-08T05:00:00.000,41,31,10
2017-09-08T06:00:00.000,137,73,64
2017-09-08T07:00:00.000,341,186,155
2017-09-08T08:00:00.000,539,285,254
2017-09-08T09:00:00.000,250,118,132
2017-09-08T10:00:00.000,100,49,51
2017-09-08T11:00:00.000,98,50,48
2017-09-08T12:00:00.000,87,45,42
2017-09-08T13:00:00.000,96,50,46
2017-09-08T14:00:00.000,104,42,62
2017-09-08T15:00:00.000,173,69,104
2017-09-08T16:00:00.000,355,101,254
2017-09-08T17:00:00.000,523,127,396
2017-09-08T18:00:00.000,337,114,223
2017-09-08T19:00:00.000,188,71,117
2017-09-08T20:00:00.000,104,37,67
2017-09-08T21:00:00.000,59,18,41
2017-09-08T22:00:00.000,35,11,24
2017-09-08T23:00:00.000,33,14,19
2017-09-09T00:00:00.000,21,14,7
2017-09-09T01:00:00.000,5,2,3
2017-09-09T02:00:00.000,8,4,4
2017-09-09T03:00:00.000,4,2,2
2017-09-09T04:00:00.000,8,4,4
2017-09-09T05:00:00.000,5,4,1
2017-09-09T06:00:00.000,31,13,18
2017-09-09T07:00:00.000,33,16,17
2017-09-09T08:00:00.000,72,34,38
2017-09-09T09:00:00.000,95,47,48
2017-09-09T10:00:00.000,114,60,54
2017-09-09T11:00:00.000,115,57,58
2017-09-09T12:00:00.000,127,58,69
2017-09-09T13:00:00.000,147,76,71
2017-09-09T14:00:00.000,122,58,64
2017-09-09T15:00:00.000,140,66,74
2017-09-09T16:00:00.000,114,52,62
2017-09-09T17:00:00.000,124,54,70
2017-09-09T18:00:00.000,94,44,50
2017-09-09T19:00:00.000,73,45,28
2017-09-09T20:00:00.000,55,22,33
2017-09-09T21:00:00.000,35,16,19
2017-09-09T22:00:00.000,29,9,20
2017-09-09T23:00:00.000,30,11,19
2017-09-10T00:00:00.000,25,9,16
2017-09-10T01:00:00.000,11,5,6
2017-09-10T02:00:00.000,4,2,2
2017-09-10T03:00:00.000,3,2,1
2017-09-10T04:00:00.000,7,2,5
2017-09-10T05:00:00.000,3,2,1
2017-09-10T06:00:00.000,18,7,11
2017-09-10T07:00:00.000,48,26,22
2017-09-10T08:00:00.000,76,36,40
2017-09-10T09:00:00.000,121,66,55
2017-09-10T10:00:00.000,144,67,77
2017-09-10T11:00:00.000,199,95,104
2017-09-10T12:00:00.000,201,100,101
2017-09-10T13:00:00.000,239,130,109
2017-09-10T14:00:00.000,191,102,89
2017-09-10T15:00:00.000,156,77,79
2017-09-10T16:00:00.000,164,71,93
2017-09-10T17:00:00.000,149,72,77
2017-09-10T18:00:00.000,128,60,68
2017-09-10T19:00:00.000,82,37,45
2017-09-10T20:00:00.000,72,36,36
2017-09-10T21:00:00.000,39,11,28
2017-09-10T22:00:00.000,16,2,14
2017-09-10T23:00:00.000,20,2,18
2017-09-11T00:00:00.000,6,4,2
2017-09-11T01:00:00.000,2,0,2
2017-09-11T02:00:00.000,1,0,1
2017-09-11T03:00:00.000,1,1,0
2017-09-11T04:00:00.000,12,3,9
2017-09-11T05:00:00.000,48,32,16
2017-09-11T06:00:00.000,163,84,79
2017-09-11T07:00:00.000,468,265,203
2017-09-11T08:00:00.000,704,359,345
2017-09-11T09:00:00.000,303,129,174
2017-09-11T10:00:00.000,131,74,57
2017-09-11T11:00:00.000,97,46,51
2017-09-11T12:00:00.000,97,53,44
2017-09-11T13:00:00.000,93,55,38
2017-09-11T14:00:00.000,132,65,67
2017-09-11T15:00:00.000,199,79,120
2017-09-11T16:00:00.000,355,85,270
2017-09-11T17:00:00.000,780,181,599
2017-09-11T18:00:00.000,556,162,394
2017-09-11T19:00:00.000,273,73,200
2017-09-11T20:00:00.000,117,39,78
2017-09-11T21:00:00.000,73,23,50
2017-09-11T22:00:00.000,37,16,21
2017-09-11T23:00:00.000,32,17,15
2017-09-12T00:00:00.000,9,3,6
2017-09-12T01:00:00.000,5,1,4
2017-09-12T02:00:00.000,3,2,1
2017-09-12T03:00:00.000,1,1,0
2017-09-12T04:00:00.000,11,7,4
2017-09-12T05:00:00.000,55,40,15
2017-09-12T06:00:00.000,178,97,81
2017-09-12T07:00:00.000,544,297,247
2017-09-12T08:00:00.000,664,343,321
2017-09-12T09:00:00.000,340,176,164
2017-09-12T10:00:00.000,153,61,92
2017-09-12T11:00:00.000,100,42,58
2017-09-12T12:00:00.000,105,61,44
2017-09-12T13:00:00.000,106,45,61
2017-09-12T14:00:00.000,128,57,71
2017-09-12T15:00:00.000,192,79,113
2017-09-12T16:00:00.000,371,106,265
2017-09-12T17:00:00.000,792,193,599
2017-09-12T18:00:00.000,550,160,390
2017-09-12T19:00:00.000,258,99,159
2017-09-12T20:00:00.000,126,51,75
2017-09-12T21:00:00.000,64,18,46
2017-09-12T22:00:00.000,40,16,24
2017-09-12T23:00:00.000,17,4,13
2017-09-13T00:00:00.000,6,3,3
2017-09-13T01:00:00.000,3,2,1
2017-09-13T02:00:00.000,5,1,4
2017-09-13T03:00:00.000,3,0,3
2017-09-13T04:00:00.000,9,5,4
2017-09-13T05:00:00.000,47,32,15
2017-09-13T06:00:00.000,172,82,90
2017-09-13T07:00:00.000,506,253,253
2017-09-13T08:00:00.000,651,350,301
2017-09-13T09:00:00.000,304,136,168
2017-09-13T10:00:00.000,139,67,72
2017-09-13T11:00:00.000,85,41,44
2017-09-13T12:00:00.000,89,48,41
2017-09-13T13:00:00.000,106,40,66
2017-09-13T14:00:00.000,110,47,63
2017-09-13T15:00:00.000,178,64,114
2017-09-13T16:00:00.000,363,100,263
2017-09-13T17:00:00.000,732,175,557
2017-09-13T18:00:00.000,511,151,360
2017-09-13T19:00:00.000,267,87,180
2017-09-13T20:00:00.000,129,48,81
2017-09-13T21:00:00.000,74,22,52
2017-09-13T22:00:00.000,40,13,27
2017-09-13T23:00:00.000,26,13,13
2017-09-14T00:00:00.000,8,3,5
2017-09-14T01:00:00.000,7,3,4
2017-09-14T02:00:00.000,3,2,1
2017-09-14T03:00:00.000,3,1,2
2017-09-14T04:00:00.000,13,6,7
2017-09-14T05:00:00.000,34,26,8
2017-09-14T06:00:00.000,178,92,86
2017-09-14T07:00:00.000,438,237,201
2017-09-14T08:00:00.000,644,328,316
2017-09-14T09:00:00.000,310,132,178
2017-09-14T10:00:00.000,116,62,54
2017-09-14T11:00:00.000,95,52,43
2017-09-14T12:00:00.000,96,38,58
2017-09-14T13:00:00.000,110,59,51
2017-09-14T14:00:00.000,105,44,61
2017-09-14T15:00:00.000,162,53,109
2017-09-14T16:00:00.000,352,108,244
2017-09-14T17:00:00.000,726,195,531
2017-09-14T18:00:00.000,533,157,376
2017-09-14T19:00:00.000,253,79,174
2017-09-14T20:00:00.000,110,37,73
2017-09-14T21:00:00.000,76,38,38
2017-09-14T22:00:00.000,50,20,30
2017-09-14T23:00:00.000,29,9,20
2017-09-15T00:00:00.000,19,5,14
2017-09-15T01:00:00.000,7,1,6
2017-09-15T02:00:00.000,5,3,2
2017-09-15T03:00:00.000,2,1,1
2017-09-15T04:00:00.000,11,5,6
2017-09-15T05:00:00.000,38,28,10
2017-09-15T06:00:00.000,112,59,53
2017-09-15T07:00:00.000,396,221,175
2017-09-15T08:00:00.000,553,298,255
2017-09-15T09:00:00.000,284,137,147
2017-09-15T10:00:00.000,132,62,70
2017-09-15T11:00:00.000,124,50,74
2017-09-15T12:00:00.000,97,56,41
2017-09-15T13:00:00.000,136,73,63
2017-09-15T14:00:00.000,149,73,76
2017-09-15T15:00:00.000,214,84,130
2017-09-15T16:00:00.000,440,126,314
2017-09-15T17:00:00.000,607,161,446
2017-09-15T18:00:00.000,374,107,267
2017-09-15T19:00:00.000,183,74,109
2017-09-15T20:00:00.000,104,37,67
2017-09-15T21:00:00.000,64,23,41
2017-09-15T22:00:00.000,39,27,12
2017-09-15T23:00:00.000,26,9,17
2017-09-16T00:00:00.000,23,11,12
2017-09-16T01:00:00.000,11,5,6
2017-09-16T02:00:00.000,6,3,3
2017-09-16T03:00:00.000,7,2,5
2017-09-16T04:00:00.000,5,2,3
2017-09-16T05:00:00.000,12,9,3
2017-09-16T06:00:00.000,28,15,13
2017-09-16T07:00:00.000,43,20,23
2017-09-16T08:00:00.000,117,57,60
2017-09-16T09:00:00.000,123,68,55
2017-09-16T10:00:00.000,158,71,87
2017-09-16T11:00:00.000,137,62,75
2017-09-16T12:00:00.000,151,89,62
2017-09-16T13:00:00.000,176,82,94
2017-09-16T14:00:00.000,198,95,103
2017-09-16T15:00:00.000,185,76,109
2017-09-16T16:00:00.000,170,92,78
2017-09-16T17:00:00.000,168,80,88
2017-09-16T18:00:00.000,123,73,50
2017-09-16T19:00:00.000,103,35,68
2017-09-16T20:00:00.000,71,32,39
2017-09-16T21:00:00.000,50,32,18
2017-09-16T22:00:00.000,51,24,27
2017-09-16T23:00:00.000,37,14,23
2017-09-17T00:00:00.000,18,7,11
2017-09-17T01:00:00.000,8,3,5
2017-09-17T02:00:00.000,6,2,4
2017-09-17T03:00:00.000,3,0,3
2017-09-17T04:00:00.000,6,2,4
2017-09-17T05:00:00.000,7,4,3
2017-09-17T06:00:00.000,16,6,10
2017-09-17T07:00:00.000,34,15,19
2017-09-17T08:00:00.000,58,35,23
2017-09-17T09:00:00.000,111,54,57
2017-09-17T10:00:00.000,109,49,60
2017-09-17T11:00:00.000,143,68,75
2017-09-17T12:00:00.000,127,73,54
2017-09-17T13:00:00.000,91,47,44
2017-09-17T14:00:00.000,51,19,32
2017-09-17T15:00:00.000,42,28,14
2017-09-17T16:00:00.000,36,10,26
2017-09-17T17:00:00.000,45,23,22
2017-09-17T18:00:00.000,28,10,18
2017-09-17T19:00:00.000,38,13,25
2017-09-17T20:00:00.000,24,9,15
2017-09-17T21:00:00.000,17,9,8
2017-09-17T22:00:00.000,10,3,7
2017-09-17T23:00:00.000,5,2,3
2017-09-18T00:00:00.000,5,1,4
2017-09-18T01:00:00.000,2,0,2
2017-09-18T02:00:00.000,4,3,1
2017-09-18T03:00:00.000,2,2,0
2017-09-18T04:00:00.000,8,5,3
2017-09-18T05:00:00.000,29,13,16
2017-09-18T06:00:00.000,122,71,51
2017-09-18T07:00:00.000,320,169,151
2017-09-18T08:00:00.000,471,251,220
2017-09-18T09:00:00.000,226,102,124
2017-09-18T10:00:00.000,85,44,41
2017-09-18T11:00:00.000,61,32,29
2017-09-18T12:00:00.000,79,45,34
2017-09-18T13:00:00.000,70,34,36
2017-09-18T14:00:00.000,83,33,50
2017-09-18T15:00:00.000,128,51,77
2017-09-18T16:00:00.000,212,52,160
2017-09-18T17:00:00.000,527,107,420
2017-09-18T18:00:00.000,324,63,261
2017-09-18T19:00:00.000,117,30,87
2017-09-18T20:00:00.000,46,12,34
2017-09-18T21:00:00.000,36,11,25
2017-09-18T22:00:00.000,27,9,18
2017-09-18T23:00:00.000,27,14,13
2017-09-19T00:00:00.000,8,1,7
2017-09-19T01:00:00.000,2,1,1
2017-09-19T02:00:00.000,2,0,2
2017-09-19T03:00:00.000,2,0,2
2017-09-19T04:00:00.000,10,5,5
2017-09-19T05:00:00.000,30,21,9
2017-09-19T06:00:00.000,99,57,42
2017-09-19T07:00:00.000,301,150,151
2017-09-19T08:00:00.000,440,249,191
2017-09-19T09:00:00.000,215,101,114
2017-09-19T10:00:00.000,79,34,45
2017-09-19T11:00:00.000,51,22,29
2017-09-19T12:00:00.000,53,28,25
2017-09-19T13:00:00.000,39,21,18
2017-09-19T14:00:00.000,58,29,29
2017-09-19T15:00:00.000,89,33,56
2017-09-19T16:00:00.000,198,54,144
2017-09-19T17:00:00.000,408,67,341
2017-09-19T18:00:00.000,269,84,185
2017-09-19T19:00:00.000,113,28,85
2017-09-19T20:00:00.000,59,19,40
2017-09-19T21:00:00.000,24,5,19
2017-09-19T22:00:00.000,13,5,8
2017-09-19T23:00:00.000,18,3,15
2017-09-20T00:00:00.000,3,2,1
2017-09-20T01:00:00.000,0,0,0
2017-09-20T02:00:00.000,2,1,1
2017-09-20T03:00:00.000,2,1,1
2017-09-20T04:00:00.000,11,7,4
2017-09-20T05:00:00.000,36,21,15
2017-09-20T06:00:00.000,131,69,62
2017-09-20T07:00:00.000,320,163,157
2017-09-20T08:00:00.000,483,273,210
2017-09-20T09:00:00.000,241,118,123
2017-09-20T10:00:00.000,102,46,56
2017-09-20T11:00:00.000,72,35,37
2017-09-20T12:00:00.000,58,22,36
2017-09-20T13:00:00.000,81,37,44
2017-09-20T14:00:00.000,94,52,42
2017-09-20T15:00:00.000,125,49,76
2017-09-20T16:00:00.000,318,100,218
2017-09-20T17:00:00.000,535,128,407
2017-09-20T18:00:00.000,384,135,249
2017-09-20T19:00:00.000,151,51,100
2017-09-20T20:00:00.000,87,30,57
2017-09-20T21:00:00.000,49,19,30
2017-09-20T22:00:00.000,25,7,18
2017-09-20T23:00:00.000,21,9,12
2017-09-21T00:00:00.000,8,2,6
2017-09-21T01:00:00.000,5,5,0
2017-09-21T02:00:00.000,1,0,1
2017-09-21T03:00:00.000,1,1,0
2017-09-21T04:00:00.000,12,10,2
2017-09-21T05:00:00.000,40,24,16
2017-09-21T06:00:00.000,106,55,51
2017-09-21T07:00:00.000,326,176,150
2017-09-21T08:00:00.000,467,249,218
2017-09-21T09:00:00.000,251,121,130
2017-09-21T10:00:00.000,106,45,61
2017-09-21T11:00:00.000,65,30,35
2017-09-21T12:00:00.000,59,33,26
2017-09-21T13:00:00.000,81,35,46
2017-09-21T14:00:00.000,108,46,62
2017-09-21T15:00:00.000,145,59,86
2017-09-21T16:00:00.000,289,93,196
2017-09-21T17:00:00.000,577,145,432
2017-09-21T18:00:00.000,365,113,252
2017-09-21T19:00:00.000,155,55,100
2017-09-21T20:00:00.000,89,28,61
2017-09-21T21:00:00.000,52,24,28
2017-09-21T22:00:00.000,42,21,21
2017-09-21T23:00:00.000,20,7,13
2017-09-22T00:00:00.000,7,3,4
2017-09-22T01:00:00.000,6,1,5
2017-09-22T02:00:00.000,6,4,2
2017-09-22T03:00:00.000,2,1,1
2017-09-22T04:00:00.000,6,1,5
2017-09-22T05:00:00.000,41,28,13
2017-09-22T06:00:00.000,116,62,54
2017-09-22T07:00:00.000,329,185,144
2017-09-22T08:00:00.000,496,276,220
2017-09-22T09:00:00.000,292,149,143
2017-09-22T10:00:00.000,127,64,63
2017-09-22T11:00:00.000,118,53,65
2017-09-22T12:00:00.000,117,50,67
2017-09-22T13:00:00.000,125,62,63
2017-09-22T14:00:00.000,144,59,85
2017-09-22T15:00:00.000,201,87,114
2017-09-22T16:00:00.000,408,109,299
2017-09-22T17:00:00.000,599,167,432
2017-09-22T18:00:00.000,335,111,224
2017-09-22T19:00:00.000,166,54,112
2017-09-22T20:00:00.000,69,23,46
2017-09-22T21:00:00.000,54,18,36
2017-09-22T22:00:00.000,44,21,23
2017-09-22T23:00:00.000,32,16,16
2017-09-23T00:00:00.000,29,11,18
2017-09-23T01:00:00.000,14,6,8
2017-09-23T02:00:00.000,6,1,5
2017-09-23T03:00:00.000,2,2,0
2017-09-23T04:00:00.000,4,3,1
2017-09-23T05:00:00.000,8,4,4
2017-09-23T06:00:00.000,19,10,9
2017-09-23T07:00:00.000,38,19,19
2017-09-23T08:00:00.000,84,38,46
2017-09-23T09:00:00.000,102,58,44
2017-09-23T10:00:00.000,151,84,67
2017-09-23T11:00:00.000,182,87,95
2017-09-23T12:00:00.000,174,93,81
2017-09-23T13:00:00.000,201,97,104
2017-09-23T14:00:00.000,199,84,115
2017-09-23T15:00:00.000,228,89,139
2017-09-23T16:00:00.000,187,106,81
2017-09-23T17:00:00.000,164,73,91
2017-09-23T18:00:00.000,166,80,86
2017-09-23T19:00:00.000,85,55,30
2017-09-23T20:00:00.000,62,18,44
2017-09-23T21:00:00.000,37,25,12
2017-09-23T22:00:00.000,32,19,13
2017-09-23T23:00:00.000,33,20,13
2017-09-24T00:00:00.000,22,13,9
2017-09-24T01:00:00.000,11,5,6
2017-09-24T02:00:00.000,6,2,4
2017-09-24T03:00:00.000,3,1,2
2017-09-24T04:00:00.000,5,3,2
2017-09-24T05:00:00.000,5,5,0
2017-09-24T06:00:00.000,16,3,13
2017-09-24T07:00:00.000,39,20,19
2017-09-24T08:00:00.000,63,27,36
2017-09-24T09:00:00.000,87,45,42
2017-09-24T10:00:00.000,86,45,41
2017-09-24T11:00:00.000,146,69,77
2017-09-24T12:00:00.000,182,99,83
2017-09-24T13:00:00.000,174,93,81
2017-09-24T14:00:00.000,216,104,112
2017-09-24T15:00:00.000,175,85,90
2017-09-24T16:00:00.000,215,111,104
2017-09-24T17:00:00.000,193,85,108
2017-09-24T18:00:00.000,139,70,69
2017-09-24T19:00:00.000,86,41,45
2017-09-24T20:00:00.000,47,25,22
2017-09-24T21:00:00.000,25,11,14
2017-09-24T22:00:00.000,13,6,7
2017-09-24T23:00:00.000,14,9,5
2017-09-25T00:00:00.000,15,8,7
2017-09-25T01:00:00.000,3,1,2
2017-09-25T02:00:00.000,3,2,1
2017-09-25T03:00:00.000,4,3,1
2017-09-25T04:00:00.000,16,8,8
2017-09-25T05:00:00.000,28,18,10
2017-09-25T06:00:00.000,144,78,66
2017-09-25T07:00:00.000,324,177,147
2017-09-25T08:00:00.000,545,296,249
2017-09-25T09:00:00.000,260,126,134
2017-09-25T10:00:00.000,95,48,47
2017-09-25T11:00:00.000,67,41,26
2017-09-25T12:00:00.000,77,34,43
2017-09-25T13:00:00.000,66,33,33
2017-09-25T14:00:00.000,71,32,39
2017-09-25T15:00:00.000,146,58,88
2017-09-25T16:00:00.000,308,94,214
2017-09-25T17:00:00.000,574,121,453
2017-09-25T18:00:00.000,372,99,273
2017-09-25T19:00:00.000,143,42,101
2017-09-25T20:00:00.000,66,20,46
2017-09-25T21:00:00.000,51,21,30
2017-09-25T22:00:00.000,32,10,22
2017-09-25T23:00:00.000,21,9,12
2017-09-26T00:00:00.000,7,3,4
2017-09-26T01:00:00.000,6,1,5
2017-09-26T02:00:00.000,2,0,2
2017-09-26T03:00:00.000,3,3,0
2017-09-26T04:00:00.000,14,8,6
2017-09-26T05:00:00.000,40,25,15
2017-09-26T06:00:00.000,159,86,73
2017-09-26T07:00:00.000,483,255,228
2017-09-26T08:00:00.000,651,353,298
2017-09-26T09:00:00.000,323,158,165
2017-09-26T10:00:00.000,148,82,66
2017-09-26T11:00:00.000,102,51,51
2017-09-26T12:00:00.000,119,51,68
2017-09-26T13:00:00.000,114,63,51
2017-09-26T14:00:00.000,102,49,53
2017-09-26T15:00:00.000,204,87,117
2017-09-26T16:00:00.000,367,110,257
2017-09-26T17:00:00.000,792,207,585
2017-09-26T18:00:00.000,532,151,381
2017-09-26T19:00:00.000,234,84,150
2017-09-26T20:00:00.000,115,35,80
2017-09-26T21:00:00.000,71,30,41
2017-09-26T22:00:00.000,43,21,22
2017-09-26T23:00:00.000,18,3,15
2017-09-27T00:00:00.000,10,4,6
2017-09-27T01:00:00.000,4,2,2
2017-09-27T02:00:00.000,2,0,2
2017-09-27T03:00:00.000,3,2,1
2017-09-27T04:00:00.000,12,8,4
2017-09-27T05:00:00.000,37,23,14
2017-09-27T06:00:00.000,171,102,69
2017-09-27T07:00:00.000,477,255,222
2017-09-27T08:00:00.000,645,340,305
2017-09-27T09:00:00.000,352,168,184
2017-09-27T10:00:00.000,156,70,86
2017-09-27T11:00:00.000,105,60,45
2017-09-27T12:00:00.000,102,52,50
2017-09-27T13:00:00.000,115,58,57
2017-09-27T14:00:00.000,132,61,71
2017-09-27T15:00:00.000,200,82,118
2017-09-27T16:00:00.000,429,130,299
2017-09-27T17:00:00.000,760,191,569
2017-09-27T18:00:00.000,517,168,349
2017-09-27T19:00:00.000,234,80,154
2017-09-27T20:00:00.000,116,51,65
2017-09-27T21:00:00.000,71,17,54
2017-09-27T22:00:00.000,75,31,44
2017-09-27T23:00:00.000,33,13,20
2017-09-28T00:00:00.000,15,7,8
2017-09-28T01:00:00.000,5,3,2
2017-09-28T02:00:00.000,3,0,3
2017-09-28T03:00:00.000,0,0,0
2017-09-28T04:00:00.000,13,8,5
2017-09-28T05:00:00.000,40,24,16
2017-09-28T06:00:00.000,171,97,74
2017-09-28T07:00:00.000,477,250,227
2017-09-28T08:00:00.000,646,343,303
2017-09-28T09:00:00.000,344,167,177
2017-09-28T10:00:00.000,141,70,71
2017-09-28T11:00:00.000,126,68,58
2017-09-28T12:00:00.000,117,51,66
2017-09-28T13:00:00.000,128,59,69
2017-09-28T14:00:00.000,141,62,79
2017-09-28T15:00:00.000,244,98,146
2017-09-28T16:00:00.000,477,171,306
2017-09-28T17:00:00.000,851,240,611
2017-09-28T18:00:00.000,441,167,274
2017-09-28T19:00:00.000,248,93,155
2017-09-28T20:00:00.000,118,47,71
2017-09-28T21:00:00.000,87,33,54
2017-09-28T22:00:00.000,55,22,33
2017-09-28T23:00:00.000,25,9,16
2017-09-29T00:00:00.000,12,4,8
2017-09-29T01:00:00.000,13,5,8
2017-09-29T02:00:00.000,2,0,2
2017-09-29T03:00:00.000,6,1,5
2017-09-29T04:00:00.000,6,4,2
2017-09-29T05:00:00.000,29,12,17
2017-09-29T06:00:00.000,119,61,58
2017-09-29T07:00:00.000,339,182,157
2017-09-29T08:00:00.000,417,229,188
2017-09-29T09:00:00.000,178,87,91
2017-09-29T10:00:00.000,77,37,40
2017-09-29T11:00:00.000,57,34,23
2017-09-29T12:00:00.000,54,24,30
2017-09-29T13:00:00.000,74,33,41
2017-09-29T14:00:00.000,85,38,47
2017-09-29T15:00:00.000,137,52,85
2017-09-29T16:00:00.000,295,96,199
2017-09-29T17:00:00.000,488,138,350
2017-09-29T18:00:00.000,247,77,170
2017-09-29T19:00:00.000,156,52,104
2017-09-29T20:00:00.000,73,32,41
2017-09-29T21:00:00.000,34,11,23
2017-09-29T22:00:00.000,39,15,24
2017-09-29T23:00:00.000,33,16,17
2017-09-30T00:00:00.000,19,7,12
2017-09-30T01:00:00.000,7,3,4
2017-09-30T02:00:00.000,7,5,2
2017-09-30T03:00:00.000,3,2,1
2017-09-30T04:00:00.000,2,2,0
2017-09-30T05:00:00.000,8,3,5
2017-09-30T06:00:00.000,13,6,7
2017-09-30T07:00:00.000,30,10,20
2017-09-30T08:00:00.000,57,28,29
2017-09-30T09:00:00.000,79,42,37
2017-09-30T10:00:00.000,90,58,32
2017-09-30T11:00:00.000,145,84,61
2017-09-30T12:00:00.000,132,69,63
2017-09-30T13:00:00.000,139,68,71
2017-09-30T14:00:00.000,128,67,61
2017-09-30T15:00:00.000,96,48,48
2017-09-30T16:00:00.000,64,29,35
2017-09-30T17:00:00.000,58,32,26
2017-09-30T18:00:00.000,59,33,26
2017-09-30T19:00:00.000,39,16,23
2017-09-30T20:00:00.000,37,12,25
2017-09-30T21:00:00.000,39,10,29
2017-09-30T22:00:00.000,15,5,10
2017-09-30T23:00:00.000,18,5,13
2017-10-01T00:00:00.000,19,2,17
2017-10-01T01:00:00.000,7,4,3
2017-10-01T02:00:00.000,4,2,2
2017-10-01T03:00:00.000,2,0,2
2017-10-01T04:00:00.000,4,4,0
2017-10-01T05:00:00.000,4,3,1
2017-10-01T06:00:00.000,6,3,3
2017-10-01T07:00:00.000,18,7,11
2017-10-01T08:00:00.000,43,18,25
2017-10-01T09:00:00.000,76,39,37
2017-10-01T10:00:00.000,94,51,43
2017-10-01T11:00:00.000,105,56,49
2017-10-01T12:00:00.000,120,58,62
2017-10-01T13:00:00.000,132,70,62
2017-10-01T14:00:00.000,138,66,72
2017-10-01T15:00:00.000,156,73,83
2017-10-01T16:00:00.000,144,79,65
2017-10-01T17:00:00.000,102,50,52
2017-10-01T18:00:00.000,77,47,30
2017-10-01T19:00:00.000,42,23,19
2017-10-01T20:00:00.000,33,18,15
2017-10-01T21:00:00.000,30,10,20
2017-10-01T22:00:00.000,13,5,8
2017-10-01T23:00:00.000,9,5,4
2017-10-02T00:00:00.000,5,2,3
2017-10-02T01:00:00.000,1,0,1
2017-10-02T02:00:00.000,1,0,1
2017-10-02T03:00:00.000,2,1,1
2017-10-02T04:00:00.000,11,7,4
2017-10-02T05:00:00.000,44,26,18
2017-10-02T06:00:00.000,157,85,72
2017-10-02T07:00:00.000,404,215,189
2017-10-02T08:00:00.000,581,295,286
2017-10-02T09:00:00.000,321,158,163
2017-10-02T10:00:00.000,122,53,69
2017-10-02T11:00:00.000,74,47,27
2017-10-02T12:00:00.000,71,36,35
2017-10-02T13:00:00.000,64,29,35
2017-10-02T14:00:00.000,85,37,48
2017-10-02T15:00:00.000,165,76,89
2017-10-02T16:00:00.000,305,86,219
2017-10-02T17:00:00.000,710,159,551
2017-10-02T18:00:00.000,431,110,321
2017-10-02T19:00:00.000,182,56,126
2017-10-02T20:00:00.000,95,29,66
2017-10-02T21:00:00.000,62,25,37
2017-10-02T22:00:00.000,23,12,11
2017-10-02T23:00:00.000,16,7,9
2017-10-03T00:00:00.000,9,3,6
2017-10-03T01:00:00.000,4,2,2
2017-10-03T02:00:00.000,10,7,3
2017-10-03T03:00:00.000,1,0,1
2017-10-03T04:00:00.000,9,5,4
2017-10-03T05:00:00.000,33,21,12
2017-10-03T06:00:00.000,167,94,73
2017-10-03T07:00:00.000,447,237,210
2017-10-03T08:00:00.000,676,350,326
2017-10-03T09:00:00.000,295,138,157
2017-10-03T10:00:00.000,133,59,74
2017-10-03T11:00:00.000,89,43,46
2017-10-03T12:00:00.000,94,45,49
2017-10-03T13:00:00.000,103,54,49
2017-10-03T14:00:00.000,137,55,82
2017-10-03T15:00:00.000,173,65,108
2017-10-03T16:00:00.000,371,118,253
2017-10-03T17:00:00.000,742,176,566
2017-10-03T18:00:00.000,491,136,355
2017-10-03T19:00:00.000,198,62,136
2017-10-03T20:00:00.000,110,39,71
2017-10-03T21:00:00.000,67,20,47
2017-10-03T22:00:00.000,40,23,17
2017-10-03T23:00:00.000,18,5,13
2017-10-04T00:00:00.000,7,0,7
2017-10-04T01:00:00.000,2,1,1
2017-10-04T02:00:00.000,4,1,3
2017-10-04T03:00:00.000,3,0,3
2017-10-04T04:00:00.000,13,7,6
2017-10-04T05:00:00.000,38,26,12
2017-10-04T06:00:00.000,158,77,81
2017-10-04T07:00:00.000,461,240,221
2017-10-04T08:00:00.000,582,315,267
2017-10-04T09:00:00.000,296,141,155
2017-10-04T10:00:00.000,136,54,82
2017-10-04T11:00:00.000,94,46,48
2017-10-04T12:00:00.000,90,41,49
2017-10-04T13:00:00.000,95,56,39
2017-10-04T14:00:00.000,138,60,78
2017-10-04T15:00:00.000,172,73,99
2017-10-04T16:00:00.000,364,95,269
2017-10-04T17:00:00.000,712,178,534
2017-10-04T18:00:00.000,467,138,329
2017-10-04T19:00:00.000,181,56,125
2017-10-04T20:00:00.000,96,36,60
2017-10-04T21:00:00.000,71,33,38
2017-10-04T22:00:00.000,46,19,27
2017-10-04T23:00:00.000,13,5,8
2017-10-05T00:00:00.000,10,4,6
2017-10-05T01:00:00.000,5,1,4
2017-10-05T02:00:00.000,1,0,1
2017-10-05T03:00:00.000,1,1,0
2017-10-05T04:00:00.000,8,4,4
2017-10-05T05:00:00.000,35,22,13
2017-10-05T06:00:00.000,150,76,74
2017-10-05T07:00:00.000,418,220,198
2017-10-05T08:00:00.000,593,323,270
2017-10-05T09:00:00.000,306,146,160
2017-10-05T10:00:00.000,136,69,67
2017-10-05T11:00:00.000,85,45,40
2017-10-05T12:00:00.000,104,44,60
2017-10-05T13:00:00.000,94,44,50
2017-10-05T14:00:00.000,134,48,86
2017-10-05T15:00:00.000,166,76,90
2017-10-05T16:00:00.000,350,105,245
2017-10-05T17:00:00.000,663,151,512
2017-10-05T18:00:00.000,469,134,335
2017-10-05T19:00:00.000,195,67,128
2017-10-05T20:00:00.000,85,26,59
2017-10-05T21:00:00.000,90,38,52
2017-10-05T22:00:00.000,43,23,20
2017-10-05T23:00:00.000,32,9,23
2017-10-06T00:00:00.000,8,3,5
2017-10-06T01:00:00.000,3,1,2
2017-10-06T02:00:00.000,1,0,1
2017-10-06T03:00:00.000,2,1,1
2017-10-06T04:00:00.000,9,4,5
2017-10-06T05:00:00.000,33,21,12
2017-10-06T06:00:00.000,115,70,45
2017-10-06T07:00:00.000,351,193,158
2017-10-06T08:00:00.000,527,296,231
2017-10-06T09:00:00.000,290,137,153
2017-10-06T10:00:00.000,122,59,63
2017-10-06T11:00:00.000,87,36,51
2017-10-06T12:00:00.000,95,32,63
2017-10-06T13:00:00.000,99,49,50
2017-10-06T14:00:00.000,109,51,58
2017-10-06T15:00:00.000,179,67,112
2017-10-06T16:00:00.000,378,107,271
2017-10-06T17:00:00.000,564,138,426
2017-10-06T18:00:00.000,286,73,213
2017-10-06T19:00:00.000,139,58,81
2017-10-06T20:00:00.000,70,30,40
2017-10-06T21:00:00.000,46,19,27
2017-10-06T22:00:00.000,27,10,17
2017-10-06T23:00:00.000,34,15,19
2017-10-07T00:00:00.000,24,12,12
2017-10-07T01:00:00.000,9,5,4
2017-10-07T02:00:00.000,3,1,2
2017-10-07T03:00:00.000,0,0,0
2017-10-07T04:00:00.000,4,2,2
2017-10-07T05:00:00.000,9,5,4
2017-10-07T06:00:00.000,14,10,4
2017-10-07T07:00:00.000,23,12,11
2017-10-07T08:00:00.000,47,17,30
2017-10-07T09:00:00.000,85,49,36
2017-10-07T10:00:00.000,90,48,42
2017-10-07T11:00:00.000,106,37,69
2017-10-07T12:00:00.000,130,65,65
2017-10-07T13:00:00.000,125,52,73
2017-10-07T14:00:00.000,122,66,56
2017-10-07T15:00:00.000,95,44,51
2017-10-07T16:00:00.000,89,49,40
2017-10-07T17:00:00.000,105,56,49
2017-10-07T18:00:00.000,58,22,36
2017-10-07T19:00:00.000,38,25,13
2017-10-07T20:00:00.000,11,5,6
2017-10-07T21:00:00.000,16,3,13
2017-10-07T22:00:00.000,19,12,7
2017-10-07T23:00:00.000,29,20,9
2017-10-08T00:00:00.000,10,1,9
2017-10-08T01:00:00.000,6,3,3
2017-10-08T02:00:00.000,4,2,2
2017-10-08T03:00:00.000,3,3,0
2017-10-08T04:00:00.000,4,2,2
2017-10-08T05:00:00.000,5,3,2
2017-10-08T06:00:00.000,10,4,6
2017-10-08T07:00:00.000,24,8,16
2017-10-08T08:00:00.000,39,21,18
2017-10-08T09:00:00.000,47,27,20
2017-10-08T10:00:00.000,98,49,49
2017-10-08T11:00:00.000,128,84,44
2017-10-08T12:00:00.000,126,61,65
2017-10-08T13:00:00.000,167,70,97
2017-10-08T14:00:00.000,131,62,69
2017-10-08T15:00:00.000,138,76,62
2017-10-08T16:00:00.000,138,72,66
2017-10-08T17:00:00.000,138,71,67
2017-10-08T18:00:00.000,73,41,32
2017-10-08T19:00:00.000,37,20,17
2017-10-08T20:00:00.000,21,9,12
2017-10-08T21:00:00.000,19,9,10
2017-10-08T22:00:00.000,13,4,9
2017-10-08T23:00:00.000,10,4,6
2017-10-09T00:00:00.000,6,2,4
2017-10-09T01:00:00.000,2,0,2
2017-10-09T02:00:00.000,0,0,0
2017-10-09T03:00:00.000,2,2,0
2017-10-09T04:00:00.000,13,6,7
2017-10-09T05:00:00.000,36,19,17
2017-10-09T06:00:00.000,126,65,61
2017-10-09T07:00:00.000,401,214,187
2017-10-09T08:00:00.000,563,297,266
2017-10-09T09:00:00.000,303,151,152
2017-10-09T10:00:00.000,102,44,58
2017-10-09T11:00:00.000,82,48,34
2017-10-09T12:00:00.000,83,38,45
2017-10-09T13:00:00.000,87,41,46
2017-10-09T14:00:00.000,128,51,77
2017-10-09T15:00:00.000,193,77,116
2017-10-09T16:00:00.000,339,100,239
2017-10-09T17:00:00.000,690,156,534
2017-10-09T18:00:00.000,427,130,297
2017-10-09T19:00:00.000,193,57,136
2017-10-09T20:00:00.000,78,26,52
2017-10-09T21:00:00.000,57,25,32
2017-10-09T22:00:00.000,25,9,16
2017-10-09T23:00:00.000,21,8,13
2017-10-10T00:00:00.000,2,1,1
2017-10-10T01:00:00.000,3,2,1
2017-10-10T02:00:00.000,5,0,5
2017-10-10T03:00:00.000,0,0,0
2017-10-10T04:00:00.000,14,5,9
2017-10-10T05:00:00.000,44,29,15
2017-10-10T06:00:00.000,122,69,53
2017-10-10T07:00:00.000,398,212,186
2017-10-10T08:00:00.000,515,272,243
2017-10-10T09:00:00.000,249,124,125
2017-10-10T10:00:00.000,113,50,63
2017-10-10T11:00:00.000,56,30,26
2017-10-10T12:00:00.000,70,40,30
2017-10-10T13:00:00.000,49,23,26
2017-10-10T14:00:00.000,64,28,36
2017-10-10T15:00:00.000,127,52,75
2017-10-10T16:00:00.000,283,73,210
2017-10-10T17:00:00.000,571,127,444
2017-10-10T18:00:00.000,350,94,256
2017-10-10T19:00:00.000,136,49,87
2017-10-10T20:00:00.000,65,16,49
2017-10-10T21:00:00.000,44,14,30
2017-10-10T22:00:00.000,23,11,12
2017-10-10T23:00:00.000,15,6,9
2017-10-11T00:00:00.000,5,2,3
2017-10-11T01:00:00.000,3,0,3
2017-10-11T02:00:00.000,0,0,0
2017-10-11T03:00:00.000,1,0,1
2017-10-11T04:00:00.000,12,6,6
2017-10-11T05:00:00.000,40,25,15
2017-10-11T06:00:00.000,132,65,67
2017-10-11T07:00:00.000,349,183,166
2017-10-11T08:00:00.000,441,243,198
2017-10-11T09:00:00.000,247,122,125
2017-10-11T10:00:00.000,108,53,55
2017-10-11T11:00:00.000,76,40,36
2017-10-11T12:00:00.000,62,31,31
2017-10-11T13:00:00.000,95,40,55
2017-10-11T14:00:00.000,110,53,57
2017-10-11T15:00:00.000,136,52,84
2017-10-11T16:00:00.000,277,83,194
2017-10-11T17:00:00.000,519,108,411
2017-10-11T18:00:00.000,388,105,283
2017-10-11T19:00:00.000,137,42,95
2017-10-11T20:00:00.000,73,25,48
2017-10-11T21:00:00.000,68,22,46
2017-10-11T22:00:00.000,36,14,22
2017-10-11T23:00:00.000,24,12,12
2017-10-12T00:00:00.000,9,2,7
2017-10-12T01:00:00.000,4,3,1
2017-10-12T02:00:00.000,0,0,0
2017-10-12T03:00:00.000,1,0,1
2017-10-12T04:00:00.000,8,5,3
2017-10-12T05:00:00.000,28,19,9
2017-10-12T06:00:00.000,117,62,55
2017-10-12T07:00:00.000,274,138,136
2017-10-12T08:00:00.000,420,228,192
2017-10-12T09:00:00.000,229,104,125
2017-10-12T10:00:00.000,76,35,41
2017-10-12T11:00:00.000,42,17,25
2017-10-12T12:00:00.000,36,22,14
2017-10-12T13:00:00.000,52,28,24
2017-10-12T14:00:00.000,51,20,31
2017-10-12T15:00:00.000,108,38,70
2017-10-12T16:00:00.000,219,55,164
2017-10-12T17:00:00.000,460,106,354
2017-10-12T18:00:00.000,282,76,206
2017-10-12T19:00:00.000,132,45,87
2017-10-12T20:00:00.000,69,24,45
2017-10-12T21:00:00.000,56,22,34
2017-10-12T22:00:00.000,26,14,12
2017-10-12T23:00:00.000,13,5,8
2017-10-13T00:00:00.000,5,1,4
2017-10-13T01:00:00.000,5,1,4
2017-10-13T02:00:00.000,0,0,0
2017-10-13T03:00:00.000,2,0,2
2017-10-13T04:00:00.000,9,4,5
2017-10-13T05:00:00.000,28,17,11
2017-10-13T06:00:00.000,89,54,35
2017-10-13T07:00:00.000,244,134,110
2017-10-13T08:00:00.000,360,181,179
2017-10-13T09:00:00.000,236,108,128
2017-10-13T10:00:00.000,89,46,43
2017-10-13T11:00:00.000,58,20,38
2017-10-13T12:00:00.000,67,31,36
2017-10-13T13:00:00.000,69,39,30
2017-10-13T14:00:00.000,89,42,47
2017-10-13T15:00:00.000,151,53,98
2017-10-13T16:00:00.000,310,96,214
2017-10-13T17:00:00.000,431,105,326
2017-10-13T18:00:00.000,268,79,189
2017-10-13T19:00:00.000,92,29,63
2017-10-13T20:00:00.000,57,15,42
2017-10-13T21:00:00.000,25,14,11
2017-10-13T22:00:00.000,31,10,21
2017-10-13T23:00:00.000,27,16,11
2017-10-14T00:00:00.000,15,9,6
2017-10-14T01:00:00.000,14,7,7
2017-10-14T02:00:00.000,9,4,5
2017-10-14T03:00:00.000,3,2,1
2017-10-14T04:00:00.000,5,2,3
2017-10-14T05:00:00.000,6,2,4
2017-10-14T06:00:00.000,15,9,6
2017-10-14T07:00:00.000,22,6,16
2017-10-14T08:00:00.000,59,30,29
2017-10-14T09:00:00.000,69,35,34
2017-10-14T10:00:00.000,90,38,52
2017-10-14T11:00:00.000,114,48,66
2017-10-14T12:00:00.000,100,48,52
2017-10-14T13:00:00.000,108,57,51
2017-10-14T14:00:00.000,139,57,82
2017-10-14T15:00:00.000,122,45,77
2017-10-14T16:00:00.000,114,57,57
2017-10-14T17:00:00.000,99,45,54
2017-10-14T18:00:00.000,79,38,41
2017-10-14T19:00:00.000,56,25,31
2017-10-14T20:00:00.000,46,12,34
2017-10-14T21:00:00.000,17,3,14
2017-10-14T22:00:00.000,34,20,14
2017-10-14T23:00:00.000,31,16,15
2017-10-15T00:00:00.000,5,1,4
2017-10-15T01:00:00.000,6,2,4
2017-10-15T02:00:00.000,10,4,6
2017-10-15T03:00:00.000,2,1,1
2017-10-15T04:00:00.000,5,3,2
2017-10-15T05:00:00.000,7,3,4
2017-10-15T06:00:00.000,12,7,5
2017-10-15T07:00:00.000,25,9,16
2017-10-15T08:00:00.000,53,29,24
2017-10-15T09:00:00.000,73,37,36
2017-10-15T10:00:00.000,118,58,60
2017-10-15T11:00:00.000,143,64,79
2017-10-15T12:00:00.000,162,83,79
2017-10-15T13:00:00.000,190,107,83
2017-10-15T14:00:00.000,219,116,103
2017-10-15T15:00:00.000,172,93,79
2017-10-15T16:00:00.000,171,80,91
2017-10-15T17:00:00.000,142,75,67
2017-10-15T18:00:00.000,93,51,42
2017-10-15T19:00:00.000,55,23,32
2017-10-15T20:00:00.000,37,16,21
2017-10-15T21:00:00.000,23,9,14
2017-10-15T22:00:00.000,19,7,12
2017-10-15T23:00:00.000,19,6,13
2017-10-16T00:00:00.000,4,0,4
2017-10-16T01:00:00.000,0,0,0
2017-10-16T02:00:00.000,4,3,1
2017-10-16T03:00:00.000,2,1,1
2017-10-16T04:00:00.000,16,6,10
2017-10-16T05:00:00.000,31,17,14
2017-10-16T06:00:00.000,158,88,70
2017-10-16T07:00:00.000,436,229,207
2017-10-16T08:00:00.000,587,315,272
2017-10-16T09:00:00.000,295,135,160
2017-10-16T10:00:00.000,111,47,64
2017-10-16T11:00:00.000,82,48,34
2017-10-16T12:00:00.000,70,36,34
2017-10-16T13:00:00.000,95,48,47
2017-10-16T14:00:00.000,126,52,74
2017-10-16T15:00:00.000,165,65,100
2017-10-16T16:00:00.000,297,87,210
2017-10-16T17:00:00.000,687,145,542
2017-10-16T18:00:00.000,401,118,283
2017-10-16T19:00:00.000,160,61,99
2017-10-16T20:00:00.000,83,27,56
2017-10-16T21:00:00.000,61,24,37
2017-10-16T22:00:00.000,27,12,15
2017-10-16T23:00:00.000,23,7,16
2017-10-17T00:00:00.000,6,2,4
2017-10-17T01:00:00.000,4,2,2
2017-10-17T02:00:00.000,3,2,1
2017-10-17T03:00:00.000,0,0,0
2017-10-17T04:00:00.000,11,6,5
2017-10-17T05:00:00.000,32,19,13
2017-10-17T06:00:00.000,119,58,61
2017-10-17T07:00:00.000,298,150,148
2017-10-17T08:00:00.000,405,218,187
2017-10-17T09:00:00.000,199,94,105
2017-10-17T10:00:00.000,85,38,47
2017-10-17T11:00:00.000,36,21,15
2017-10-17T12:00:00.000,43,22,21
2017-10-17T13:00:00.000,52,26,26
2017-10-17T14:00:00.000,57,27,30
2017-10-17T15:00:00.000,89,35,54
2017-10-17T16:00:00.000,224,67,157
2017-10-17T17:00:00.000,481,114,367
2017-10-17T18:00:00.000,332,95,237
2017-10-17T19:00:00.000,109,31,78
2017-10-17T20:00:00.000,58,24,34
2017-10-17T21:00:00.000,48,24,24
2017-10-17T22:00:00.000,39,22,17
2017-10-17T23:00:00.000,16,7,9
2017-10-18T00:00:00.000,6,2,4
2017-10-18T01:00:00.000,3,0,3
2017-10-18T02:00:00.000,3,0,3
2017-10-18T03:00:00.000,4,1,3
2017-10-18T04:00:00.000,6,3,3
2017-10-18T05:00:00.000,37,21,16
2017-10-18T06:00:00.000,122,73,49
2017-10-18T07:00:00.000,291,159,132
2017-10-18T08:00:00.000,393,217,176
2017-10-18T09:00:00.000,201,94,107
2017-10-18T10:00:00.000,61,20,41
2017-10-18T11:00:00.000,39,17,22
2017-10-18T12:00:00.000,26,13,13
2017-10-18T13:00:00.000,36,19,17
2017-10-18T14:00:00.000,54,16,38
2017-10-18T15:00:00.000,83,33,50
2017-10-18T16:00:00.000,197,49,148
2017-10-18T17:00:00.000,380,67,313
2017-10-18T18:00:00.000,212,59,153
2017-10-18T19:00:00.000,80,24,56
2017-10-18T20:00:00.000,32,9,23
2017-10-18T21:00:00.000,16,6,10
2017-10-18T22:00:00.000,9,3,6
2017-10-18T23:00:00.000,10,3,7
2017-10-19T00:00:00.000,2,0,2
2017-10-19T01:00:00.000,5,1,4
2017-10-19T02:00:00.000,2,0,2
2017-10-19T03:00:00.000,0,0,0
2017-10-19T04:00:00.000,6,2,4
2017-10-19T05:00:00.000,20,13,7
2017-10-19T06:00:00.000,91,51,40
2017-10-19T07:00:00.000,243,128,115
2017-10-19T08:00:00.000,332,182,150
2017-10-19T09:00:00.000,174,87,87
2017-10-19T10:00:00.000,57,26,31
2017-10-19T11:00:00.000,32,18,14
2017-10-19T12:00:00.000,40,22,18
2017-10-19T13:00:00.000,58,27,31
2017-10-19T14:00:00.000,62,25,37
2017-10-19T15:00:00.000,80,31,49
2017-10-19T16:00:00.000,166,37,129
2017-10-19T17:00:00.000,389,74,315
2017-10-19T18:00:00.000,217,70,147
2017-10-19T19:00:00.000,71,25,46
2017-10-19T20:00:00.000,44,15,29
2017-10-19T21:00:00.000,36,13,23
2017-10-19T22:00:00.000,23,10,13
2017-10-19T23:00:00.000,17,7,10
2017-10-20T00:00:00.000,2,1,1
2017-10-20T01:00:00.000,2,0,2
2017-10-20T02:00:00.000,3,0,3
2017-10-20T03:00:00.000,3,0,3
2017-10-20T04:00:00.000,8,5,3
2017-10-20T05:00:00.000,29,15,14
2017-10-20T06:00:00.000,81,42,39
2017-10-20T07:00:00.000,233,136,97
2017-10-20T08:00:00.000,336,182,154
2017-10-20T09:00:00.000,168,70,98
2017-10-20T10:00:00.000,66,30,36
2017-10-20T11:00:00.000,45,23,22
2017-10-20T12:00:00.000,36,16,20
2017-10-20T13:00:00.000,44,24,20
2017-10-20T14:00:00.000,59,22,37
2017-10-20T15:00:00.000,115,51,64
2017-10-20T16:00:00.000,222,74,148
2017-10-20T17:00:00.000,418,98,320
2017-10-20T18:00:00.000,205,77,128
2017-10-20T19:00:00.000,98,37,61
2017-10-20T20:00:00.000,45,15,30
2017-10-20T21:00:00.000,27,7,20
2017-10-20T22:00:00.000,27,11,16
2017-10-20T23:00:00.000,19,7,12
2017-10-21T00:00:00.000,9,3,6
2017-10-21T01:00:00.000,6,3,3
2017-10-21T02:00:00.000,3,0,3
2017-10-21T03:00:00.000,2,1,1
2017-10-21T04:00:00.000,3,2,1
2017-10-21T05:00:00.000,4,3,1
2017-10-21T06:00:00.000,7,3,4
2017-10-21T07:00:00.000,7,1,6
2017-10-21T08:00:00.000,23,10,13
2017-10-21T09:00:00.000,51,27,24
2017-10-21T10:00:00.000,29,16,13
2017-10-21T11:00:00.000,33,17,16
2017-10-21T12:00:00.000,37,23,14
2017-10-21T13:00:00.000,35,21,14
2017-10-21T14:00:00.000,34,13,21
2017-10-21T15:00:00.000,30,15,15
2017-10-21T16:00:00.000,32,18,14
2017-10-21T17:00:00.000,26,11,15
2017-10-21T18:00:00.000,16,12,4
2017-10-21T19:00:00.000,17,9,8
2017-10-21T20:00:00.000,14,5,9
2017-10-21T21:00:00.000,10,2,8
2017-10-21T22:00:00.000,10,4,6
2017-10-21T23:00:00.000,14,7,7
2017-10-22T00:00:00.000,8,2,6
2017-10-22T01:00:00.000,3,2,1
2017-10-22T02:00:00.000,3,2,1
2017-10-22T03:00:00.000,0,0,0
2017-10-22T04:00:00.000,5,4,1
2017-10-22T05:00:00.000,4,4,0
2017-10-22T06:00:00.000,9,5,4
2017-10-22T07:00:00.000,13,6,7
2017-10-22T08:00:00.000,32,17,15
2017-10-22T09:00:00.000,52,32,20
2017-10-22T10:00:00.000,120,66,54
2017-10-22T11:00:00.000,114,58,56
2017-10-22T12:00:00.000,160,76,84
2017-10-22T13:00:00.000,123,67,56
2017-10-22T14:00:00.000,121,69,52
2017-10-22T15:00:00.000,120,67,53
2017-10-22T16:00:00.000,122,64,58
2017-10-22T17:00:00.000,95,45,50
2017-10-22T18:00:00.000,69,37,32
2017-10-22T19:00:00.000,33,15,18
2017-10-22T20:00:00.000,28,12,16
2017-10-22T21:00:00.000,15,5,10
2017-10-22T22:00:00.000,19,10,9
2017-10-22T23:00:00.000,17,3,14
2017-10-23T00:00:00.000,5,3,2
2017-10-23T01:00:00.000,2,1,1
2017-10-23T02:00:00.000,1,0,1
2017-10-23T03:00:00.000,0,0,0
2017-10-23T04:00:00.000,8,5,3
2017-10-23T05:00:00.000,37,22,15
2017-10-23T06:00:00.000,155,88,67
2017-10-23T07:00:00.000,404,219,185
2017-10-23T08:00:00.000,560,296,264
2017-10-23T09:00:00.000,295,140,155
2017-10-23T10:00:00.000,130,62,68
2017-10-23T11:00:00.000,79,36,43
2017-10-23T12:00:00.000,85,42,43
2017-10-23T13:00:00.000,87,45,42
2017-10-23T14:00:00.000,119,60,59
2017-10-23T15:00:00.000,152,67,85
2017-10-23T16:00:00.000,368,108,260
2017-10-23T17:00:00.000,689,155,534
2017-10-23T18:00:00.000,407,115,292
2017-10-23T19:00:00.000,144,46,98
2017-10-23T20:00:00.000,81,32,49
2017-10-23T21:00:00.000,46,15,31
2017-10-23T22:00:00.000,30,11,19
2017-10-23T23:00:00.000,56,42,14
2017-10-24T00:00:00.000,8,1,7
2017-10-24T01:00:00.000,1,1,0
2017-10-24T02:00:00.000,4,2,2
2017-10-24T03:00:00.000,3,2,1
2017-10-24T04:00:00.000,13,5,8
2017-10-24T05:00:00.000,33,21,12
2017-10-24T06:00:00.000,138,81,57
2017-10-24T07:00:00.000,421,216,205
2017-10-24T08:00:00.000,609,328,281
2017-10-24T09:00:00.000,311,150,161
2017-10-24T10:00:00.000,122,52,70
2017-10-24T11:00:00.000,83,33,50
2017-10-24T12:00:00.000,109,60,49
2017-10-24T13:00:00.000,100,42,58
2017-10-24T14:00:00.000,125,56,69
2017-10-24T15:00:00.000,179,61,118
2017-10-24T16:00:00.000,356,112,244
2017-10-24T17:00:00.000,711,141,570
2017-10-24T18:00:00.000,445,149,296
2017-10-24T19:00:00.000,178,54,124
2017-10-24T20:00:00.000,81,23,58
2017-10-24T21:00:00.000,62,31,31
2017-10-24T22:00:00.000,43,20,23
2017-10-24T23:00:00.000,16,9,7
2017-10-25T00:00:00.000,10,2,8
2017-10-25T01:00:00.000,2,1,1
2017-10-25T02:00:00.000,2,1,1
2017-10-25T03:00:00.000,3,2,1
2017-10-25T04:00:00.000,9,3,6
2017-10-25T05:00:00.000,36,24,12
2017-10-25T06:00:00.000,134,76,58
2017-10-25T07:00:00.000,396,206,190
2017-10-25T08:00:00.000,495,266,229
2017-10-25T09:00:00.000,282,149,133
2017-10-25T10:00:00.000,87,38,49
2017-10-25T11:00:00.000,70,27,43
2017-10-25T12:00:00.000,65,38,27
2017-10-25T13:00:00.000,54,27,27
2017-10-25T14:00:00.000,89,37,52
2017-10-25T15:00:00.000,104,37,67
2017-10-25T16:00:00.000,284,74,210
2017-10-25T17:00:00.000,602,128,474
2017-10-25T18:00:00.000,358,99,259
2017-10-25T19:00:00.000,149,46,103
2017-10-25T20:00:00.000,95,38,57
2017-10-25T21:00:00.000,59,19,40
2017-10-25T22:00:00.000,31,7,24
2017-10-25T23:00:00.000,16,3,13
2017-10-26T00:00:00.000,12,6,6
2017-10-26T01:00:00.000,8,6,2
2017-10-26T02:00:00.000,1,0,1
2017-10-26T03:00:00.000,2,1,1
2017-10-26T04:00:00.000,11,7,4
2017-10-26T05:00:00.000,27,17,10
2017-10-26T06:00:00.000,139,74,65
2017-10-26T07:00:00.000,347,196,151
2017-10-26T08:00:00.000,503,289,214
2017-10-26T09:00:00.000,292,140,152
2017-10-26T10:00:00.000,96,54,42
2017-10-26T11:00:00.000,84,38,46
2017-10-26T12:00:00.000,66,34,32
2017-10-26T13:00:00.000,74,41,33
2017-10-26T14:00:00.000,84,31,53
2017-10-26T15:00:00.000,152,60,92
2017-10-26T16:00:00.000,293,95,198
2017-10-26T17:00:00.000,595,140,455
2017-10-26T18:00:00.000,395,120,275
2017-10-26T19:00:00.000,143,40,103
2017-10-26T20:00:00.000,93,33,60
2017-10-26T21:00:00.000,66,19,47
2017-10-26T22:00:00.000,34,14,20
2017-10-26T23:00:00.000,32,11,21
2017-10-27T00:00:00.000,8,3,5
2017-10-27T01:00:00.000,7,3,4
2017-10-27T02:00:00.000,1,0,1
2017-10-27T03:00:00.000,2,1,1
2017-10-27T04:00:00.000,10,3,7
2017-10-27T05:00:00.000,30,17,13
2017-10-27T06:00:00.000,115,65,50
2017-10-27T07:00:00.000,323,167,156
2017-10-27T08:00:00.000,491,265,226
2017-10-27T09:00:00.000,234,109,125
2017-10-27T10:00:00.000,138,65,73
2017-10-27T11:00:00.000,75,34,41
2017-10-27T12:00:00.000,102,55,47
2017-10-27T13:00:00.000,121,65,56
2017-10-27T14:00:00.000,141,62,79
2017-10-27T15:00:00.000,204,79,125
2017-10-27T16:00:00.000,369,109,260
2017-10-27T17:00:00.000,567,141,426
2017-10-27T18:00:00.000,308,85,223
2017-10-27T19:00:00.000,103,25,78
2017-10-27T20:00:00.000,65,23,42
2017-10-27T21:00:00.000,50,24,26
2017-10-27T22:00:00.000,27,12,15
2017-10-27T23:00:00.000,29,12,17
2017-10-28T00:00:00.000,16,8,8
2017-10-28T01:00:00.000,9,5,4
2017-10-28T02:00:00.000,7,0,7
2017-10-28T03:00:00.000,8,4,4
2017-10-28T04:00:00.000,4,3,1
2017-10-28T05:00:00.000,11,3,8
2017-10-28T06:00:00.000,17,11,6
2017-10-28T07:00:00.000,36,10,26
2017-10-28T08:00:00.000,62,20,42
2017-10-28T09:00:00.000,99,54,45
2017-10-28T10:00:00.000,117,58,59
2017-10-28T11:00:00.000,138,51,87
2017-10-28T12:00:00.000,161,83,78
2017-10-28T13:00:00.000,176,84,92
2017-10-28T14:00:00.000,161,79,82
2017-10-28T15:00:00.000,213,121,92
2017-10-28T16:00:00.000,206,107,99
2017-10-28T17:00:00.000,146,90,56
2017-10-28T18:00:00.000,91,58,33
2017-10-28T19:00:00.000,39,19,20
2017-10-28T20:00:00.000,28,9,19
2017-10-28T21:00:00.000,27,12,15
2017-10-28T22:00:00.000,20,10,10
2017-10-28T23:00:00.000,22,7,15
2017-10-29T00:00:00.000,8,5,3
2017-10-29T01:00:00.000,7,5,2
2017-10-29T02:00:00.000,9,4,5
2017-10-29T03:00:00.000,3,1,2
2017-10-29T04:00:00.000,3,2,1
2017-10-29T05:00:00.000,5,5,0
2017-10-29T06:00:00.000,10,5,5
2017-10-29T07:00:00.000,22,16,6
2017-10-29T08:00:00.000,47,20,27
2017-10-29T09:00:00.000,55,28,27
2017-10-29T10:00:00.000,79,41,38
2017-10-29T11:00:00.000,80,37,43
2017-10-29T12:00:00.000,89,46,43
2017-10-29T13:00:00.000,100,57,43
2017-10-29T14:00:00.000,152,80,72
2017-10-29T15:00:00.000,152,84,68
2017-10-29T16:00:00.000,124,50,74
2017-10-29T17:00:00.000,123,59,64
2017-10-29T18:00:00.000,62,30,32
2017-10-29T19:00:00.000,25,13,12
2017-10-29T20:00:00.000,27,7,20
2017-10-29T21:00:00.000,17,5,12
2017-10-29T22:00:00.000,10,4,6
2017-10-29T23:00:00.000,9,2,7
2017-10-30T00:00:00.000,5,1,4
2017-10-30T01:00:00.000,1,0,1
2017-10-30T02:00:00.000,2,0,2
2017-10-30T03:00:00.000,2,1,1
2017-10-30T04:00:00.000,8,2,6
2017-10-30T05:00:00.000,35,18,17
2017-10-30T06:00:00.000,142,82,60
2017-10-30T07:00:00.000,377,199,178
2017-10-30T08:00:00.000,595,312,283
2017-10-30T09:00:00.000,337,159,178
2017-10-30T10:00:00.000,122,57,65
2017-10-30T11:00:00.000,79,39,40
2017-10-30T12:00:00.000,84,36,48
2017-10-30T13:00:00.000,102,53,49
2017-10-30T14:00:00.000,83,34,49
2017-10-30T15:00:00.000,170,68,102
2017-10-30T16:00:00.000,327,108,219
2017-10-30T17:00:00.000,709,156,553
2017-10-30T18:00:00.000,415,118,297
2017-10-30T19:00:00.000,173,46,127
2017-10-30T20:00:00.000,72,30,42
2017-10-30T21:00:00.000,61,18,43
2017-10-30T22:00:00.000,28,10,18
2017-10-30T23:00:00.000,15,5,10
2017-10-31T00:00:00.000,7,3,4
2017-10-31T01:00:00.000,7,2,5
2017-10-31T02:00:00.000,1,1,0
2017-10-31T03:00:00.000,5,2,3
2017-10-31T04:00:00.000,12,4,8
2017-10-31T05:00:00.000,39,22,17
2017-10-31T06:00:00.000,131,74,57
2017-10-31T07:00:00.000,404,222,182
2017-10-31T08:00:00.000,581,292,289
2017-10-31T09:00:00.000,278,134,144
2017-10-31T10:00:00.000,117,60,57
2017-10-31T11:00:00.000,79,41,38
2017-10-31T12:00:00.000,96,50,46
2017-10-31T13:00:00.000,134,62,72
2017-10-31T14:00:00.000,101,45,56
2017-10-31T15:00:00.000,179,63,116
2017-10-31T16:00:00.000,407,110,297
2017-10-31T17:00:00.000,679,148,531
2017-10-31T18:00:00.000,324,102,222
2017-10-31T19:00:00.000,116,39,77
2017-10-31T20:00:00.000,72,31,41
2017-10-31T21:00:00.000,32,13,19
2017-10-31T22:00:00.000,40,17,23
2017-10-31T23:00:00.000,23,8,15
2017-11-01T00:00:00.000,6,1,5
2017-11-01T01:00:00.000,14,6,8
2017-11-01T02:00:00.000,3,0,3
2017-11-01T03:00:00.000,3,0,3
2017-11-01T04:00:00.000,10,4,6
2017-11-01T05:00:00.000,32,19,13
2017-11-01T06:00:00.000,126,66,60
2017-11-01T07:00:00.000,370,193,177
2017-11-01T08:00:00.000,516,276,240
2017-11-01T09:00:00.000,257,126,131
2017-11-01T10:00:00.000,104,40,64
2017-11-01T11:00:00.000,57,28,29
2017-11-01T12:00:00.000,55,21,34
2017-11-01T13:00:00.000,64,25,39
2017-11-01T14:00:00.000,77,36,41
2017-11-01T15:00:00.000,118,47,71
2017-11-01T16:00:00.000,289,88,201
2017-11-01T17:00:00.000,566,131,435
2017-11-01T18:00:00.000,356,107,249
2017-11-01T19:00:00.000,131,40,91
2017-11-01T20:00:00.000,88,26,62
2017-11-01T21:00:00.000,66,30,36
2017-11-01T22:00:00.000,34,17,17
2017-11-01T23:00:00.000,16,4,12
2017-11-02T00:00:00.000,11,3,8
2017-11-02T01:00:00.000,7,1,6
2017-11-02T02:00:00.000,5,2,3
2017-11-02T03:00:00.000,4,2,2
2017-11-02T04:00:00.000,8,4,4
2017-11-02T05:00:00.000,29,20,9
2017-11-02T06:00:00.000,122,58,64
2017-11-02T07:00:00.000,294,150,144
2017-11-02T08:00:00.000,475,257,218
2017-11-02T09:00:00.000,239,115,124
2017-11-02T10:00:00.000,79,31,48
2017-11-02T11:00:00.000,58,26,32
2017-11-02T12:00:00.000,37,18,19
2017-11-02T13:00:00.000,39,16,23
2017-11-02T14:00:00.000,56,20,36
2017-11-02T15:00:00.000,103,36,67
2017-11-02T16:00:00.000,222,63,159
2017-11-02T17:00:00.000,498,124,374
2017-11-02T18:00:00.000,293,72,221
2017-11-02T19:00:00.000,139,43,96
2017-11-02T20:00:00.000,56,23,33
2017-11-02T21:00:00.000,42,8,34
2017-11-02T22:00:00.000,39,10,29
2017-11-02T23:00:00.000,14,5,9
2017-11-03T00:00:00.000,5,2,3
2017-11-03T01:00:00.000,4,1,3
2017-11-03T02:00:00.000,2,1,1
2017-11-03T03:00:00.000,1,1,0
2017-11-03T04:00:00.000,5,2,3
2017-11-03T05:00:00.000,16,8,8
2017-11-03T06:00:00.000,67,38,29
2017-11-03T07:00:00.000,209,120,89
2017-11-03T08:00:00.000,332,170,162
2017-11-03T09:00:00.000,188,93,95
2017-11-03T10:00:00.000,71,32,39
2017-11-03T11:00:00.000,44,20,24
2017-11-03T12:00:00.000,40,20,20
2017-11-03T13:00:00.000,42,17,25
2017-11-03T14:00:00.000,43,25,18
2017-11-03T15:00:00.000,81,25,56
2017-11-03T16:00:00.000,163,49,114
2017-11-03T17:00:00.000,350,76,274
2017-11-03T18:00:00.000,189,56,133
2017-11-03T19:00:00.000,59,16,43
2017-11-03T20:00:00.000,42,17,25
2017-11-03T21:00:00.000,22,10,12
2017-11-03T22:00:00.000,10,6,4
2017-11-03T23:00:00.000,14,8,6
2017-11-04T00:00:00.000,13,6,7
2017-11-04T01:00:00.000,4,2,2
2017-11-04T02:00:00.000,2,0,2
2017-11-04T03:00:00.000,2,1,1
2017-11-04T04:00:00.000,3,2,1
2017-11-04T05:00:00.000,1,1,0
2017-11-04T06:00:00.000,11,6,5
2017-11-04T07:00:00.000,16,7,9
2017-11-04T08:00:00.000,42,21,21
2017-11-04T09:00:00.000,43,25,18
2017-11-04T10:00:00.000,62,39,23
2017-11-04T11:00:00.000,82,40,42
2017-11-04T12:00:00.000,89,51,38
2017-11-04T13:00:00.000,87,48,39
2017-11-04T14:00:00.000,59,30,29
2017-11-04T15:00:00.000,51,30,21
2017-11-04T16:00:00.000,60,31,29
2017-11-04T17:00:00.000,41,20,21
2017-11-04T18:00:00.000,19,8,11
2017-11-04T19:00:00.000,17,7,10
2017-11-04T20:00:00.000,17,11,6
2017-11-04T21:00:00.000,15,6,9
2017-11-04T22:00:00.000,17,8,9
2017-11-04T23:00:00.000,12,7,5
2017-11-05T00:00:00.000,3,0,3
2017-11-05T01:00:00.000,4,3,1
2017-11-05T02:00:00.000,1,1,0
2017-11-05T03:00:00.000,3,1,2
2017-11-05T04:00:00.000,3,2,1
2017-11-05T05:00:00.000,4,2,2
2017-11-05T06:00:00.000,4,2,2
2017-11-05T07:00:00.000,8,4,4
2017-11-05T08:00:00.000,13,7,6
2017-11-05T09:00:00.000,25,14,11
2017-11-05T10:00:00.000,20,8,12
2017-11-05T11:00:00.000,21,12,9
2017-11-05T12:00:00.000,20,10,10
2017-11-05T13:00:00.000,22,6,16
2017-11-05T14:00:00.000,25,11,14
2017-11-05T15:00:00.000,15,8,7
2017-11-05T16:00:00.000,26,14,12
2017-11-05T17:00:00.000,29,16,13
2017-11-05T18:00:00.000,21,12,9
2017-11-05T19:00:00.000,9,4,5
2017-11-05T20:00:00.000,9,2,7
2017-11-05T21:00:00.000,14,8,6
2017-11-05T22:00:00.000,8,3,5
2017-11-05T23:00:00.000,8,4,4
2017-11-06T00:00:00.000,2,2,0
2017-11-06T01:00:00.000,0,0,0
2017-11-06T02:00:00.000,1,0,1
2017-11-06T03:00:00.000,0,0,0
2017-11-06T04:00:00.000,0,0,0
2017-11-06T05:00:00.000,29,19,10
2017-11-06T06:00:00.000,119,69,50
2017-11-06T07:00:00.000,377,210,167
2017-11-06T08:00:00.000,480,259,221
2017-11-06T09:00:00.000,250,120,130
2017-11-06T10:00:00.000,86,37,49
2017-11-06T11:00:00.000,65,26,39
2017-11-06T12:00:00.000,68,30,38
2017-11-06T13:00:00.000,101,46,55
2017-11-06T14:00:00.000,81,42,39
2017-11-06T15:00:00.000,138,49,89
2017-11-06T16:00:00.000,263,69,194
2017-11-06T17:00:00.000,557,104,453
2017-11-06T18:00:00.000,346,100,246
2017-11-06T19:00:00.000,122,35,87
2017-11-06T20:00:00.000,60,14,46
2017-11-06T21:00:00.000,43,16,27
2017-11-06T22:00:00.000,23,11,12
2017-11-06T23:00:00.000,11,5,6
2017-11-07T00:00:00.000,5,3,2
2017-11-07T01:00:00.000,3,0,3
2017-11-07T02:00:00.000,2,0,2
2017-11-07T03:00:00.000,1,0,1
2017-11-07T04:00:00.000,9,4,5
2017-11-07T05:00:00.000,36,21,15
2017-11-07T06:00:00.000,154,77,77
2017-11-07T07:00:00.000,372,201,171
2017-11-07T08:00:00.000,477,267,210
2017-11-07T09:00:00.000,241,115,126
2017-11-07T10:00:00.000,94,43,51
2017-11-07T11:00:00.000,71,31,40
2017-11-07T12:00:00.000,62,32,30
2017-11-07T13:00:00.000,65,30,35
2017-11-07T14:00:00.000,73,34,39
2017-11-07T15:00:00.000,115,44,71
2017-11-07T16:00:00.000,293,80,213
2017-11-07T17:00:00.000,539,115,424
2017-11-07T18:00:00.000,341,92,249
2017-11-07T19:00:00.000,151,47,104
2017-11-07T20:00:00.000,73,20,53
2017-11-07T21:00:00.000,53,20,33
2017-11-07T22:00:00.000,27,8,19
2017-11-07T23:00:00.000,11,4,7
2017-11-08T00:00:00.000,9,4,5
2017-11-08T01:00:00.000,2,0,2
2017-11-08T02:00:00.000,2,0,2
2017-11-08T03:00:00.000,6,3,3
2017-11-08T04:00:00.000,5,3,2
2017-11-08T05:00:00.000,32,20,12
2017-11-08T06:00:00.000,123,71,52
2017-11-08T07:00:00.000,357,194,163
2017-11-08T08:00:00.000,438,226,212
2017-11-08T09:00:00.000,215,99,116
2017-11-08T10:00:00.000,88,38,50
2017-11-08T11:00:00.000,51,28,23
2017-11-08T12:00:00.000,72,42,30
2017-11-08T13:00:00.000,67,35,32
2017-11-08T14:00:00.000,76,32,44
2017-11-08T15:00:00.000,114,48,66
2017-11-08T16:00:00.000,228,58,170
2017-11-08T17:00:00.000,442,94,348
2017-11-08T18:00:00.000,274,79,195
2017-11-08T19:00:00.000,127,28,99
2017-11-08T20:00:00.000,78,18,60
2017-11-08T21:00:00.000,41,15,26
2017-11-08T22:00:00.000,17,3,14
2017-11-08T23:00:00.000,15,4,11
2017-11-09T00:00:00.000,10,4,6
2017-11-09T01:00:00.000,2,2,0
2017-11-09T02:00:00.000,0,0,0
2017-11-09T03:00:00.000,3,1,2
2017-11-09T04:00:00.000,3,2,1
2017-11-09T05:00:00.000,28,19,9
2017-11-09T06:00:00.000,95,50,45
2017-11-09T07:00:00.000,263,140,123
2017-11-09T08:00:00.000,335,197,138
2017-11-09T09:00:00.000,211,111,100
2017-11-09T10:00:00.000,69,36,33
2017-11-09T11:00:00.000,37,17,20
2017-11-09T12:00:00.000,25,16,9
2017-11-09T13:00:00.000,34,12,22
2017-11-09T14:00:00.000,39,21,18
2017-11-09T15:00:00.000,77,32,45
2017-11-09T16:00:00.000,187,49,138
2017-11-09T17:00:00.000,404,83,321
2017-11-09T18:00:00.000,224,51,173
2017-11-09T19:00:00.000,125,39,86
2017-11-09T20:00:00.000,58,25,33
2017-11-09T21:00:00.000,45,17,28
2017-11-09T22:00:00.000,33,7,26
2017-11-09T23:00:00.000,19,4,15
2017-11-10T00:00:00.000,12,6,6
2017-11-10T01:00:00.000,3,2,1
2017-11-10T02:00:00.000,6,2,4
2017-11-10T03:00:00.000,4,3,1
2017-11-10T04:00:00.000,7,2,5
2017-11-10T05:00:00.000,16,12,4
2017-11-10T06:00:00.000,63,34,29
2017-11-10T07:00:00.000,204,105,99
2017-11-10T08:00:00.000,320,172,148
2017-11-10T09:00:00.000,176,82,94
2017-11-10T10:00:00.000,86,39,47
2017-11-10T11:00:00.000,78,40,38
2017-11-10T12:00:00.000,77,31,46
2017-11-10T13:00:00.000,116,57,59
2017-11-10T14:00:00.000,119,56,63
2017-11-10T15:00:00.000,173,73,100
2017-11-10T16:00:00.000,239,64,175
2017-11-10T17:00:00.000,326,79,247
2017-11-10T18:00:00.000,186,45,141
2017-11-10T19:00:00.000,85,26,59
2017-11-10T20:00:00.000,35,13,22
2017-11-10T21:00:00.000,31,6,25
2017-11-10T22:00:00.000,23,8,15
2017-11-10T23:00:00.000,23,10,13
2017-11-11T00:00:00.000,10,2,8
2017-11-11T01:00:00.000,10,5,5
2017-11-11T02:00:00.000,4,2,2
2017-11-11T03:00:00.000,0,0,0
2017-11-11T04:00:00.000,3,2,1
2017-11-11T05:00:00.000,2,0,2
2017-11-11T06:00:00.000,8,4,4
2017-11-11T07:00:00.000,23,12,11
2017-11-11T08:00:00.000,60,25,35
2017-11-11T09:00:00.000,53,27,26
2017-11-11T10:00:00.000,47,26,21
2017-11-11T11:00:00.000,53,33,20
2017-11-11T12:00:00.000,39,19,20
2017-11-11T13:00:00.000,30,14,16
2017-11-11T14:00:00.000,38,13,25
2017-11-11T15:00:00.000,72,28,44
2017-11-11T16:00:00.000,41,20,21
2017-11-11T17:00:00.000,26,11,15
2017-11-11T18:00:00.000,41,22,19
2017-11-11T19:00:00.000,18,11,7
2017-11-11T20:00:00.000,27,11,16
2017-11-11T21:00:00.000,13,5,8
2017-11-11T22:00:00.000,20,4,16
2017-11-11T23:00:00.000,13,7,6
2017-11-12T00:00:00.000,17,9,8
2017-11-12T01:00:00.000,5,4,1
2017-11-12T02:00:00.000,3,1,2
2017-11-12T03:00:00.000,0,0,0
2017-11-12T04:00:00.000,3,2,1
2017-11-12T05:00:00.000,3,3,0
2017-11-12T06:00:00.000,5,3,2
2017-11-12T07:00:00.000,5,1,4
2017-11-12T08:00:00.000,21,12,9
2017-11-12T09:00:00.000,33,21,12
2017-11-12T10:00:00.000,45,23,22
2017-11-12T11:00:00.000,83,43,40
2017-11-12T12:00:00.000,64,35,29
2017-11-12T13:00:00.000,82,42,40
2017-11-12T14:00:00.000,47,27,20
2017-11-12T15:00:00.000,32,18,14
2017-11-12T16:00:00.000,35,18,17
2017-11-12T17:00:00.000,31,14,17
2017-11-12T18:00:00.000,18,8,10
2017-11-12T19:00:00.000,14,5,9
2017-11-12T20:00:00.000,13,6,7
2017-11-12T21:00:00.000,7,3,4
2017-11-12T22:00:00.000,4,2,2
2017-11-12T23:00:00.000,9,1,8
2017-11-13T00:00:00.000,1,1,0
2017-11-13T01:00:00.000,2,0,2
2017-11-13T02:00:00.000,0,0,0
2017-11-13T03:00:00.000,1,0,1
2017-11-13T04:00:00.000,3,1,2
2017-11-13T05:00:00.000,24,12,12
2017-11-13T06:00:00.000,87,56,31
2017-11-13T07:00:00.000,246,126,120
2017-11-13T08:00:00.000,386,211,175
2017-11-13T09:00:00.000,184,92,92
2017-11-13T10:00:00.000,70,30,40
2017-11-13T11:00:00.000,41,20,21
2017-11-13T12:00:00.000,42,21,21
2017-11-13T13:00:00.000,48,24,24
2017-11-13T14:00:00.000,52,30,22
2017-11-13T15:00:00.000,83,21,62
2017-11-13T16:00:00.000,140,33,107
2017-11-13T17:00:00.000,322,48,274
2017-11-13T18:00:00.000,188,53,135
2017-11-13T19:00:00.000,66,16,50
2017-11-13T20:00:00.000,41,11,30
2017-11-13T21:00:00.000,27,12,15
2017-11-13T22:00:00.000,14,6,8
2017-11-13T23:00:00.000,9,4,5
2017-11-14T00:00:00.000,5,1,4
2017-11-14T01:00:00.000,2,0,2
2017-11-14T02:00:00.000,3,1,2
2017-11-14T03:00:00.000,3,0,3
2017-11-14T04:00:00.000,7,3,4
2017-11-14T05:00:00.000,20,16,4
2017-11-14T06:00:00.000,88,47,41
2017-11-14T07:00:00.000,260,129,131
2017-11-14T08:00:00.000,397,210,187
2017-11-14T09:00:00.000,181,79,102
2017-11-14T10:00:00.000,73,38,35
2017-11-14T11:00:00.000,44,22,22
2017-11-14T12:00:00.000,50,25,25
2017-11-14T13:00:00.000,47,15,32
2017-11-14T14:00:00.000,51,24,27
2017-11-14T15:00:00.000,89,30,59
2017-11-14T16:00:00.000,199,52,147
2017-11-14T17:00:00.000,422,95,327
2017-11-14T18:00:00.000,261,67,194
2017-11-14T19:00:00.000,128,40,88
2017-11-14T20:00:00.000,73,22,51
2017-11-14T21:00:00.000,43,18,25
2017-11-14T22:00:00.000,26,16,10
2017-11-14T23:00:00.000,10,4,6
2017-11-15T00:00:00.000,5,1,4
2017-11-15T01:00:00.000,0,0,0
2017-11-15T02:00:00.000,3,2,1
2017-11-15T03:00:00.000,1,1,0
2017-11-15T04:00:00.000,8,4,4
2017-11-15T05:00:00.000,28,19,9
2017-11-15T06:00:00.000,87,48,39
2017-11-15T07:00:00.000,229,123,106
2017-11-15T08:00:00.000,277,138,139
2017-11-15T09:00:00.000,171,80,91
2017-11-15T10:00:00.000,82,41,41
2017-11-15T11:00:00.000,28,15,13
2017-11-15T12:00:00.000,45,23,22
2017-11-15T13:00:00.000,41,19,22
2017-11-15T14:00:00.000,49,26,23
2017-11-15T15:00:00.000,84,34,50
2017-11-15T16:00:00.000,187,56,131
2017-11-15T17:00:00.000,391,94,297
2017-11-15T18:00:00.000,250,68,182
2017-11-15T19:00:00.000,105,36,69
2017-11-15T20:00:00.000,75,21,54
2017-11-15T21:00:00.000,33,13,20
2017-11-15T22:00:00.000,21,9,12
2017-11-15T23:00:00.000,15,4,11
2017-11-16T00:00:00.000,7,0,7
2017-11-16T01:00:00.000,1,0,1
2017-11-16T02:00:00.000,2,0,2
2017-11-16T03:00:00.000,3,2,1
2017-11-16T04:00:00.000,6,2,4
2017-11-16T05:00:00.000,34,22,12
2017-11-16T06:00:00.000,99,52,47
2017-11-16T07:00:00.000,316,162,154
2017-11-16T08:00:00.000,371,194,177
2017-11-16T09:00:00.000,207,103,104
2017-11-16T10:00:00.000,73,33,40
2017-11-16T11:00:00.000,47,22,25
2017-11-16T12:00:00.000,28,12,16
2017-11-16T13:00:00.000,37,16,21
2017-11-16T14:00:00.000,57,23,34
2017-11-16T15:00:00.000,78,27,51
2017-11-16T16:00:00.000,209,59,150
2017-11-16T17:00:00.000,429,81,348
2017-11-16T18:00:00.000,278,72,206
2017-11-16T19:00:00.000,122,28,94
2017-11-16T20:00:00.000,59,20,39
2017-11-16T21:00:00.000,49,19,30
2017-11-16T22:00:00.000,26,12,14
2017-11-16T23:00:00.000,16,7,9
2017-11-17T00:00:00.000,9,1,8
2017-11-17T01:00:00.000,2,1,1
2017-11-17T02:00:00.000,1,0,1
2017-11-17T03:00:00.000,4,3,1
2017-11-17T04:00:00.000,9,5,4
2017-11-17T05:00:00.000,24,17,7
2017-11-17T06:00:00.000,106,46,60
2017-11-17T07:00:00.000,279,150,129
2017-11-17T08:00:00.000,389,205,184
2017-11-17T09:00:00.000,207,102,105
2017-11-17T10:00:00.000,99,49,50
2017-11-17T11:00:00.000,74,39,35
2017-11-17T12:00:00.000,83,36,47
2017-11-17T13:00:00.000,94,45,49
2017-11-17T14:00:00.000,107,46,61
2017-11-17T15:00:00.000,126,52,74
2017-11-17T16:00:00.000,247,58,189
2017-11-17T17:00:00.000,423,100,323
2017-11-17T18:00:00.000,230,57,173
2017-11-17T19:00:00.000,102,22,80
2017-11-17T20:00:00.000,52,15,37
2017-11-17T21:00:00.000,38,15,23
2017-11-17T22:00:00.000,36,13,23
2017-11-17T23:00:00.000,20,10,10
2017-11-18T00:00:00.000,27,10,17
2017-11-18T01:00:00.000,10,5,5
2017-11-18T02:00:00.000,7,5,2
2017-11-18T03:00:00.000,1,1,0
2017-11-18T04:00:00.000,7,4,3
2017-11-18T05:00:00.000,6,2,4
2017-11-18T06:00:00.000,13,7,6
2017-11-18T07:00:00.000,28,11,17
2017-11-18T08:00:00.000,77,35,42
2017-11-18T09:00:00.000,97,53,44
2017-11-18T10:00:00.000,89,53,36
2017-11-18T11:00:00.000,91,52,39
2017-11-18T12:00:00.000,132,61,71
2017-11-18T13:00:00.000,167,76,91
2017-11-18T14:00:00.000,188,88,100
2017-11-18T15:00:00.000,148,73,75
2017-11-18T16:00:00.000,114,61,53
2017-11-18T17:00:00.000,78,33,45
2017-11-18T18:00:00.000,62,28,34
2017-11-18T19:00:00.000,30,10,20
2017-11-18T20:00:00.000,21,5,16
2017-11-18T21:00:00.000,31,12,19
2017-11-18T22:00:00.000,19,6,13
2017-11-18T23:00:00.000,37,18,19
2017-11-19T00:00:00.000,22,10,12
2017-11-19T01:00:00.000,11,7,4
2017-11-19T02:00:00.000,9,6,3
2017-11-19T03:00:00.000,1,1,0
2017-11-19T04:00:00.000,3,1,2
2017-11-19T05:00:00.000,4,4,0
2017-11-19T06:00:00.000,8,3,5
2017-11-19T07:00:00.000,20,10,10
2017-11-19T08:00:00.000,53,26,27
2017-11-19T09:00:00.000,60,19,41
2017-11-19T10:00:00.000,75,43,32
2017-11-19T11:00:00.000,77,53,24
2017-11-19T12:00:00.000,77,47,30
2017-11-19T13:00:00.000,79,41,38
2017-11-19T14:00:00.000,61,24,37
2017-11-19T15:00:00.000,39,17,22
2017-11-19T16:00:00.000,27,14,13
2017-11-19T17:00:00.000,17,11,6
2017-11-19T18:00:00.000,19,10,9
2017-11-19T19:00:00.000,16,8,8
2017-11-19T20:00:00.000,7,4,3
2017-11-19T21:00:00.000,8,5,3
2017-11-19T22:00:00.000,6,5,1
2017-11-19T23:00:00.000,5,3,2
2017-11-20T00:00:00.000,3,1,2
2017-11-20T01:00:00.000,2,1,1
2017-11-20T02:00:00.000,1,0,1
2017-11-20T03:00:00.000,1,1,0
2017-11-20T04:00:00.000,8,5,3
2017-11-20T05:00:00.000,26,15,11
2017-11-20T06:00:00.000,89,51,38
2017-11-20T07:00:00.000,191,110,81
2017-11-20T08:00:00.000,263,146,117
2017-11-20T09:00:00.000,164,83,81
2017-11-20T10:00:00.000,65,27,38
2017-11-20T11:00:00.000,43,17,26
2017-11-20T12:00:00.000,49,24,25
2017-11-20T13:00:00.000,51,28,23
2017-11-20T14:00:00.000,39,19,20
2017-11-20T15:00:00.000,73,21,52
2017-11-20T16:00:00.000,162,41,121
2017-11-20T17:00:00.000,339,67,272
2017-11-20T18:00:00.000,217,47,170
2017-11-20T19:00:00.000,107,32,75
2017-11-20T20:00:00.000,37,13,24
2017-11-20T21:00:00.000,28,9,19
2017-11-20T22:00:00.000,24,11,13
2017-11-20T23:00:00.000,6,1,5
2017-11-21T00:00:00.000,7,1,6
2017-11-21T01:00:00.000,3,3,0
2017-11-21T02:00:00.000,1,0,1
2017-11-21T03:00:00.000,2,2,0
2017-11-21T04:00:00.000,10,3,7
2017-11-21T05:00:00.000,28,17,11
2017-11-21T06:00:00.000,68,33,35
2017-11-21T07:00:00.000,184,95,89
2017-11-21T08:00:00.000,253,137,116
2017-11-21T09:00:00.000,146,65,81
2017-11-21T10:00:00.000,37,15,22
2017-11-21T11:00:00.000,30,11,19
2017-11-21T12:00:00.000,24,11,13
2017-11-21T13:00:00.000,35,13,22
2017-11-21T14:00:00.000,35,18,17
2017-11-21T15:00:00.000,54,22,32
2017-11-21T16:00:00.000,139,43,96
2017-11-21T17:00:00.000,310,48,262
2017-11-21T18:00:00.000,188,49,139
2017-11-21T19:00:00.000,84,26,58
2017-11-21T20:00:00.000,33,11,22
2017-11-21T21:00:00.000,20,10,10
2017-11-21T22:00:00.000,12,6,6
2017-11-21T23:00:00.000,4,2,2
2017-11-22T00:00:00.000,3,0,3
2017-11-22T01:00:00.000,2,1,1
2017-11-22T02:00:00.000,3,1,2
2017-11-22T03:00:00.000,3,2,1
2017-11-22T04:00:00.000,5,2,3
2017-11-22T05:00:00.000,23,11,12
2017-11-22T06:00:00.000,69,41,28
2017-11-22T07:00:00.000,200,103,97
2017-11-22T08:00:00.000,255,138,117
2017-11-22T09:00:00.000,152,71,81
2017-11-22T10:00:00.000,77,45,32
2017-11-22T11:00:00.000,55,27,28
2017-11-22T12:00:00.000,58,18,40
2017-11-22T13:00:00.000,73,28,45
2017-11-22T14:00:00.000,114,42,72
2017-11-22T15:00:00.000,151,46,105
2017-11-22T16:00:00.000,215,67,148
2017-11-22T17:00:00.000,229,59,170
2017-11-22T18:00:00.000,115,46,69
2017-11-22T19:00:00.000,57,25,32
2017-11-22T20:00:00.000,34,16,18
2017-11-22T21:00:00.000,17,4,13
2017-11-22T22:00:00.000,6,1,5
2017-11-22T23:00:00.000,6,4,2
2017-11-23T00:00:00.000,3,1,2
2017-11-23T01:00:00.000,4,2,2
2017-11-23T02:00:00.000,8,5,3
2017-11-23T03:00:00.000,4,3,1
2017-11-23T04:00:00.000,1,0,1
2017-11-23T05:00:00.000,2,1,1
2017-11-23T06:00:00.000,7,3,4
2017-11-23T07:00:00.000,11,8,3
2017-11-23T08:00:00.000,23,10,13
2017-11-23T09:00:00.000,25,13,12
2017-11-23T10:00:00.000,26,14,12
2017-11-23T11:00:00.000,35,14,21
2017-11-23T12:00:00.000,16,6,10
2017-11-23T13:00:00.000,18,12,6
2017-11-23T14:00:00.000,40,25,15
2017-11-23T15:00:00.000,29,17,12
2017-11-23T16:00:00.000,11,4,7
2017-11-23T17:00:00.000,20,9,11
2017-11-23T18:00:00.000,12,5,7
2017-11-23T19:00:00.000,8,1,7
2017-11-23T20:00:00.000,40,7,33
2017-11-23T21:00:00.000,14,4,10
2017-11-23T22:00:00.000,8,3,5
2017-11-23T23:00:00.000,5,1,4
2017-11-24T00:00:00.000,9,4,5
2017-11-24T01:00:00.000,2,1,1
2017-11-24T02:00:00.000,4,0,4
2017-11-24T03:00:00.000,0,0,0
2017-11-24T04:00:00.000,5,2,3
2017-11-24T05:00:00.000,9,6,3
2017-11-24T06:00:00.000,23,8,15
2017-11-24T07:00:00.000,29,12,17
2017-11-24T08:00:00.000,52,27,25
2017-11-24T09:00:00.000,56,26,30
2017-11-24T10:00:00.000,65,34,31
2017-11-24T11:00:00.000,96,58,38
2017-11-24T12:00:00.000,69,41,28
2017-11-24T13:00:00.000,88,58,30
2017-11-24T14:00:00.000,71,34,37
2017-11-24T15:00:00.000,74,30,44
2017-11-24T16:00:00.000,67,27,40
2017-11-24T17:00:00.000,32,10,22
2017-11-24T18:00:00.000,37,15,22
2017-11-24T19:00:00.000,17,8,9
2017-11-24T20:00:00.000,14,6,8
2017-11-24T21:00:00.000,29,15,14
2017-11-24T22:00:00.000,5,2,3
2017-11-24T23:00:00.000,10,2,8
2017-11-25T00:00:00.000,8,6,2
2017-11-25T01:00:00.000,10,7,3
2017-11-25T02:00:00.000,0,0,0
2017-11-25T03:00:00.000,1,1,0
2017-11-25T04:00:00.000,3,2,1
2017-11-25T05:00:00.000,10,3,7
2017-11-25T06:00:00.000,11,4,7
2017-11-25T07:00:00.000,17,12,5
2017-11-25T08:00:00.000,49,24,25
2017-11-25T09:00:00.000,53,29,24
2017-11-25T10:00:00.000,82,49,33
2017-11-25T11:00:00.000,79,38,41
2017-11-25T12:00:00.000,101,60,41
2017-11-25T13:00:00.000,104,45,59
2017-11-25T14:00:00.000,74,36,38
2017-11-25T15:00:00.000,73,33,40
2017-11-25T16:00:00.000,42,14,28
2017-11-25T17:00:00.000,34,18,16
2017-11-25T18:00:00.000,17,7,10
2017-11-25T19:00:00.000,11,4,7
2017-11-25T20:00:00.000,25,12,13
2017-11-25T21:00:00.000,21,6,15
2017-11-25T22:00:00.000,15,6,9
2017-11-25T23:00:00.000,18,4,14
2017-11-26T00:00:00.000,5,2,3
2017-11-26T01:00:00.000,0,0,0
2017-11-26T02:00:00.000,1,1,0
2017-11-26T03:00:00.000,2,2,0
2017-11-26T04:00:00.000,3,1,2
2017-11-26T05:00:00.000,2,2,0
2017-11-26T06:00:00.000,9,2,7
2017-11-26T07:00:00.000,9,7,2
2017-11-26T08:00:00.000,17,9,8
2017-11-26T09:00:00.000,28,16,12
2017-11-26T10:00:00.000,55,26,29
2017-11-26T11:00:00.000,70,34,36
2017-11-26T12:00:00.000,50,25,25
2017-11-26T13:00:00.000,19,8,11
2017-11-26T14:00:00.000,32,15,17
2017-11-26T15:00:00.000,22,16,6
2017-11-26T16:00:00.000,33,16,17
2017-11-26T17:00:00.000,25,9,16
2017-11-26T18:00:00.000,17,9,8
2017-11-26T19:00:00.000,16,6,10
2017-11-26T20:00:00.000,10,5,5
2017-11-26T21:00:00.000,8,5,3
2017-11-26T22:00:00.000,4,2,2
2017-11-26T23:00:00.000,5,1,4
2017-11-27T00:00:00.000,1,0,1
2017-11-27T01:00:00.000,1,0,1
2017-11-27T02:00:00.000,1,0,1
2017-11-27T03:00:00.000,0,0,0
2017-11-27T04:00:00.000,8,3,5
2017-11-27T05:00:00.000,41,28,13
2017-11-27T06:00:00.000,124,65,59
2017-11-27T07:00:00.000,342,200,142
2017-11-27T08:00:00.000,493,258,235
2017-11-27T09:00:00.000,199,90,109
2017-11-27T10:00:00.000,98,45,53
2017-11-27T11:00:00.000,38,17,21
2017-11-27T12:00:00.000,57,27,30
2017-11-27T13:00:00.000,58,26,32
2017-11-27T14:00:00.000,74,27,47
2017-11-27T15:00:00.000,112,42,70
2017-11-27T16:00:00.000,288,73,215
2017-11-27T17:00:00.000,529,104,425
2017-11-27T18:00:00.000,339,93,246
2017-11-27T19:00:00.000,143,45,98
2017-11-27T20:00:00.000,66,21,45
2017-11-27T21:00:00.000,47,20,27
2017-11-27T22:00:00.000,20,5,15
2017-11-27T23:00:00.000,19,8,11
2017-11-28T00:00:00.000,5,0,5
2017-11-28T01:00:00.000,2,0,2
2017-11-28T02:00:00.000,4,1,3
2017-11-28T03:00:00.000,2,1,1
2017-11-28T04:00:00.000,9,5,4
2017-11-28T05:00:00.000,26,13,13
2017-11-28T06:00:00.000,96,48,48
2017-11-28T07:00:00.000,290,157,133
2017-11-28T08:00:00.000,361,183,178
2017-11-28T09:00:00.000,184,89,95
2017-11-28T10:00:00.000,61,26,35
2017-11-28T11:00:00.000,26,12,14
2017-11-28T12:00:00.000,36,18,18
2017-11-28T13:00:00.000,31,9,22
2017-11-28T14:00:00.000,39,21,18
2017-11-28T15:00:00.000,75,33,42
2017-11-28T16:00:00.000,184,49,135
2017-11-28T17:00:00.000,405,86,319
2017-11-28T18:00:00.000,284,60,224
2017-11-28T19:00:00.000,90,27,63
2017-11-28T20:00:00.000,52,14,38
2017-11-28T21:00:00.000,41,10,31
2017-11-28T22:00:00.000,22,8,14
2017-11-28T23:00:00.000,6,1,5
2017-11-29T00:00:00.000,7,2,5
2017-11-29T01:00:00.000,4,2,2
2017-11-29T02:00:00.000,5,2,3
2017-11-29T03:00:00.000,4,2,2
2017-11-29T04:00:00.000,8,2,6
2017-11-29T05:00:00.000,37,20,17
2017-11-29T06:00:00.000,134,78,56
2017-11-29T07:00:00.000,328,187,141
2017-11-29T08:00:00.000,431,239,192
2017-11-29T09:00:00.000,260,123,137
2017-11-29T10:00:00.000,86,35,51
2017-11-29T11:00:00.000,59,34,25
2017-11-29T12:00:00.000,65,21,44
2017-11-29T13:00:00.000,83,35,48
2017-11-29T14:00:00.000,84,40,44
2017-11-29T15:00:00.000,149,63,86
2017-11-29T16:00:00.000,277,81,196
2017-11-29T17:00:00.000,496,113,383
2017-11-29T18:00:00.000,311,88,223
2017-11-29T19:00:00.000,122,32,90
2017-11-29T20:00:00.000,91,35,56
2017-11-29T21:00:00.000,40,19,21
2017-11-29T22:00:00.000,19,5,14
2017-11-29T23:00:00.000,19,8,11
2017-11-30T00:00:00.000,13,2,11
2017-11-30T01:00:00.000,2,1,1
2017-11-30T02:00:00.000,2,1,1
2017-11-30T03:00:00.000,2,2,0
2017-11-30T04:00:00.000,9,4,5
2017-11-30T05:00:00.000,36,24,12
2017-11-30T06:00:00.000,97,53,44
2017-11-30T07:00:00.000,229,123,106
2017-11-30T08:00:00.000,286,162,124
2017-11-30T09:00:00.000,158,84,74
2017-11-30T10:00:00.000,55,28,27
2017-11-30T11:00:00.000,37,19,18
2017-11-30T12:00:00.000,36,17,19
2017-11-30T13:00:00.000,45,23,22
2017-11-30T14:00:00.000,49,26,23
2017-11-30T15:00:00.000,80,36,44
2017-11-30T16:00:00.000,189,58,131
2017-11-30T17:00:00.000,328,74,254
2017-11-30T18:00:00.000,200,50,150
2017-11-30T19:00:00.000,98,28,70
2017-11-30T20:00:00.000,47,16,31
2017-11-30T21:00:00.000,39,14,25
2017-11-30T22:00:00.000,28,12,16
2017-11-30T23:00:00.000,9,5,4
2017-12-01T00:00:00.000,11,4,7
2017-12-01T01:00:00.000,6,3,3
2017-12-01T02:00:00.000,6,1,5
2017-12-01T03:00:00.000,4,3,1
2017-12-01T04:00:00.000,4,2,2
2017-12-01T05:00:00.000,30,20,10
2017-12-01T06:00:00.000,74,38,36
2017-12-01T07:00:00.000,212,118,94
2017-12-01T08:00:00.000,344,193,151
2017-12-01T09:00:00.000,202,96,106
2017-12-01T10:00:00.000,83,43,40
2017-12-01T11:00:00.000,72,33,39
2017-12-01T12:00:00.000,53,21,32
2017-12-01T13:00:00.000,63,26,37
2017-12-01T14:00:00.000,45,13,32
2017-12-01T15:00:00.000,78,26,52
2017-12-01T16:00:00.000,188,49,139
2017-12-01T17:00:00.000,400,85,315
2017-12-01T18:00:00.000,178,44,134
2017-12-01T19:00:00.000,73,20,53
2017-12-01T20:00:00.000,30,7,23
2017-12-01T21:00:00.000,30,11,19
2017-12-01T22:00:00.000,20,9,11
2017-12-01T23:00:00.000,15,9,6
2017-12-02T00:00:00.000,15,5,10
2017-12-02T01:00:00.000,15,3,12
2017-12-02T02:00:00.000,2,1,1
2017-12-02T03:00:00.000,2,2,0
2017-12-02T04:00:00.000,1,0,1
2017-12-02T05:00:00.000,2,1,1
2017-12-02T06:00:00.000,11,10,1
2017-12-02T07:00:00.000,10,5,5
2017-12-02T08:00:00.000,34,16,18
2017-12-02T09:00:00.000,31,15,16
2017-12-02T10:00:00.000,23,16,7
2017-12-02T11:00:00.000,29,18,11
2017-12-02T12:00:00.000,27,17,10
2017-12-02T13:00:00.000,28,13,15
2017-12-02T14:00:00.000,20,6,14
2017-12-02T15:00:00.000,26,16,10
2017-12-02T16:00:00.000,16,7,9
2017-12-02T17:00:00.000,22,5,17
2017-12-02T18:00:00.000,27,20,7
2017-12-02T19:00:00.000,13,5,8
2017-12-02T20:00:00.000,5,3,2
2017-12-02T21:00:00.000,6,3,3
2017-12-02T22:00:00.000,10,3,7
2017-12-02T23:00:00.000,8,3,5
2017-12-03T00:00:00.000,5,1,4
2017-12-03T01:00:00.000,3,2,1
2017-12-03T02:00:00.000,3,3,0
2017-12-03T03:00:00.000,6,4,2
2017-12-03T04:00:00.000,4,2,2
2017-12-03T05:00:00.000,3,1,2
2017-12-03T06:00:00.000,8,5,3
2017-12-03T07:00:00.000,14,7,7
2017-12-03T08:00:00.000,44,26,18
2017-12-03T09:00:00.000,40,21,19
2017-12-03T10:00:00.000,72,41,31
2017-12-03T11:00:00.000,103,56,47
2017-12-03T12:00:00.000,68,37,31
2017-12-03T13:00:00.000,97,49,48
2017-12-03T14:00:00.000,84,48,36
2017-12-03T15:00:00.000,81,36,45
2017-12-03T16:00:00.000,56,26,30
2017-12-03T17:00:00.000,27,12,15
2017-12-03T18:00:00.000,18,6,12
2017-12-03T19:00:00.000,22,10,12
2017-12-03T20:00:00.000,11,1,10
2017-12-03T21:00:00.000,9,0,9
2017-12-03T22:00:00.000,11,5,6
2017-12-03T23:00:00.000,8,6,2
2017-12-04T00:00:00.000,4,0,4
2017-12-04T01:00:00.000,1,0,1
2017-12-04T02:00:00.000,0,0,0
2017-12-04T03:00:00.000,2,0,2
2017-12-04T04:00:00.000,9,3,6
2017-12-04T05:00:00.000,45,26,19
2017-12-04T06:00:00.000,96,55,41
2017-12-04T07:00:00.000,269,157,112
2017-12-04T08:00:00.000,441,245,196
2017-12-04T09:00:00.000,247,122,125
2017-12-04T10:00:00.000,90,43,47
2017-12-04T11:00:00.000,52,25,27
2017-12-04T12:00:00.000,59,28,31
2017-12-04T13:00:00.000,69,33,36
2017-12-04T14:00:00.000,71,23,48
2017-12-04T15:00:00.000,112,40,72
2017-12-04T16:00:00.000,228,56,172
2017-12-04T17:00:00.000,501,110,391
2017-12-04T18:00:00.000,334,89,245
2017-12-04T19:00:00.000,158,40,118
2017-12-04T20:00:00.000,57,16,41
2017-12-04T21:00:00.000,30,12,18
2017-12-04T22:00:00.000,27,9,18
2017-12-04T23:00:00.000,11,3,8
2017-12-05T00:00:00.000,3,1,2
2017-12-05T01:00:00.000,6,2,4
2017-12-05T02:00:00.000,4,2,2
2017-12-05T03:00:00.000,3,2,1
2017-12-05T04:00:00.000,9,3,6
2017-12-05T05:00:00.000,34,21,13
2017-12-05T06:00:00.000,116,65,51
2017-12-05T07:00:00.000,285,161,124
2017-12-05T08:00:00.000,414,215,199
2017-12-05T09:00:00.000,248,122,126
2017-12-05T10:00:00.000,93,47,46
2017-12-05T11:00:00.000,64,40,24
2017-12-05T12:00:00.000,63,34,29
2017-12-05T13:00:00.000,61,36,25
2017-12-05T14:00:00.000,91,41,50
2017-12-05T15:00:00.000,125,58,67
2017-12-05T16:00:00.000,239,70,169
2017-12-05T17:00:00.000,485,109,376
2017-12-05T18:00:00.000,323,92,231
2017-12-05T19:00:00.000,119,38,81
2017-12-05T20:00:00.000,68,22,46
2017-12-05T21:00:00.000,48,14,34
2017-12-05T22:00:00.000,33,15,18
2017-12-05T23:00:00.000,15,4,11
2017-12-06T00:00:00.000,6,1,5
2017-12-06T01:00:00.000,1,0,1
2017-12-06T02:00:00.000,3,1,2
2017-12-06T03:00:00.000,2,1,1
2017-12-06T04:00:00.000,7,3,4
2017-12-06T05:00:00.000,35,22,13
2017-12-06T06:00:00.000,98,58,40
2017-12-06T07:00:00.000,319,170,149
2017-12-06T08:00:00.000,396,206,190
2017-12-06T09:00:00.000,230,110,120
2017-12-06T10:00:00.000,113,54,59
2017-12-06T11:00:00.000,61,28,33
2017-12-06T12:00:00.000,70,34,36
2017-12-06T13:00:00.000,95,50,45
2017-12-06T14:00:00.000,87,41,46
2017-12-06T15:00:00.000,120,51,69
2017-12-06T16:00:00.000,258,77,181
2017-12-06T17:00:00.000,420,103,317
2017-12-06T18:00:00.000,287,81,206
2017-12-06T19:00:00.000,122,23,99
2017-12-06T20:00:00.000,75,17,58
2017-12-06T21:00:00.000,54,14,40
2017-12-06T22:00:00.000,31,10,21
2017-12-06T23:00:00.000,12,3,9
2017-12-07T00:00:00.000,11,5,6
2017-12-07T01:00:00.000,9,4,5
2017-12-07T02:00:00.000,3,2,1
2017-12-07T03:00:00.000,2,2,0
2017-12-07T04:00:00.000,7,3,4
2017-12-07T05:00:00.000,32,19,13
2017-12-07T06:00:00.000,87,55,32
2017-12-07T07:00:00.000,254,145,109
2017-12-07T08:00:00.000,389,193,196
2017-12-07T09:00:00.000,194,85,109
2017-12-07T10:00:00.000,95,47,48
2017-12-07T11:00:00.000,73,45,28
2017-12-07T12:00:00.000,64,30,34
2017-12-07T13:00:00.000,89,46,43
2017-12-07T14:00:00.000,78,40,38
2017-12-07T15:00:00.000,124,46,78
2017-12-07T16:00:00.000,243,87,156
2017-12-07T17:00:00.000,385,94,291
2017-12-07T18:00:00.000,271,62,209
2017-12-07T19:00:00.000,121,31,90
2017-12-07T20:00:00.000,60,15,45
2017-12-07T21:00:00.000,51,15,36
2017-12-07T22:00:00.000,31,8,23
2017-12-07T23:00:00.000,17,4,13
2017-12-08T00:00:00.000,7,3,4
2017-12-08T01:00:00.000,1,1,0
2017-12-08T02:00:00.000,4,3,1
2017-12-08T03:00:00.000,4,1,3
2017-12-08T04:00:00.000,7,3,4
2017-12-08T05:00:00.000,25,14,11
2017-12-08T06:00:00.000,56,28,28
2017-12-08T07:00:00.000,170,96,74
2017-12-08T08:00:00.000,296,158,138
2017-12-08T09:00:00.000,164,66,98
2017-12-08T10:00:00.000,88,42,46
2017-12-08T11:00:00.000,68,30,38
2017-12-08T12:00:00.000,54,22,32
2017-12-08T13:00:00.000,67,32,35
2017-12-08T14:00:00.000,80,39,41
2017-12-08T15:00:00.000,106,38,68
2017-12-08T16:00:00.000,224,61,163
2017-12-08T17:00:00.000,310,73,237
2017-12-08T18:00:00.000,187,39,148
2017-12-08T19:00:00.000,62,15,47
2017-12-08T20:00:00.000,41,16,25
2017-12-08T21:00:00.000,25,8,17
2017-12-08T22:00:00.000,13,3,10
2017-12-08T23:00:00.000,21,9,12
2017-12-09T00:00:00.000,18,5,13
2017-12-09T01:00:00.000,3,2,1
2017-12-09T02:00:00.000,3,2,1
2017-12-09T03:00:00.000,6,2,4
2017-12-09T04:00:00.000,6,4,2
2017-12-09T05:00:00.000,5,3,2
2017-12-09T06:00:00.000,7,4,3
2017-12-09T07:00:00.000,15,9,6
2017-12-09T08:00:00.000,30,15,15
2017-12-09T09:00:00.000,37,23,14
2017-12-09T10:00:00.000,44,21,23
2017-12-09T11:00:00.000,61,31,30
2017-12-09T12:00:00.000,85,45,40
2017-12-09T13:00:00.000,80,37,43
2017-12-09T14:00:00.000,95,44,51
2017-12-09T15:00:00.000,101,56,45
2017-12-09T16:00:00.000,66,28,38
2017-12-09T17:00:00.000,39,17,22
2017-12-09T18:00:00.000,27,10,17
2017-12-09T19:00:00.000,23,7,16
2017-12-09T20:00:00.000,12,4,8
2017-12-09T21:00:00.000,12,6,6
2017-12-09T22:00:00.000,19,6,13
2017-12-09T23:00:00.000,16,3,13
2017-12-10T00:00:00.000,11,5,6
2017-12-10T01:00:00.000,12,5,7
2017-12-10T02:00:00.000,3,2,1
2017-12-10T03:00:00.000,0,0,0
2017-12-10T04:00:00.000,5,2,3
2017-12-10T05:00:00.000,4,3,1
2017-12-10T06:00:00.000,4,1,3
2017-12-10T07:00:00.000,18,10,8
2017-12-10T08:00:00.000,24,14,10
2017-12-10T09:00:00.000,28,9,19
2017-12-10T10:00:00.000,46,22,24
2017-12-10T11:00:00.000,91,49,42
2017-12-10T12:00:00.000,78,41,37
2017-12-10T13:00:00.000,115,66,49
2017-12-10T14:00:00.000,121,64,57
2017-12-10T15:00:00.000,125,64,61
2017-12-10T16:00:00.000,71,37,34
2017-12-10T17:00:00.000,35,15,20
2017-12-10T18:00:00.000,41,19,22
2017-12-10T19:00:00.000,22,8,14
2017-12-10T20:00:00.000,11,4,7
2017-12-10T21:00:00.000,17,11,6
2017-12-10T22:00:00.000,9,2,7
2017-12-10T23:00:00.000,6,2,4
2017-12-11T00:00:00.000,5,0,5
2017-12-11T01:00:00.000,0,0,0
2017-12-11T02:00:00.000,1,1,0
2017-12-11T03:00:00.000,1,0,1
2017-12-11T04:00:00.000,8,3,5
2017-12-11T05:00:00.000,28,15,13
2017-12-11T06:00:00.000,91,47,44
2017-12-11T07:00:00.000,219,114,105
2017-12-11T08:00:00.000,363,197,166
2017-12-11T09:00:00.000,207,91,116
2017-12-11T10:00:00.000,68,26,42
2017-12-11T11:00:00.000,50,23,27
2017-12-11T12:00:00.000,64,29,35
2017-12-11T13:00:00.000,47,25,22
2017-12-11T14:00:00.000,68,26,42
2017-12-11T15:00:00.000,96,34,62
2017-12-11T16:00:00.000,220,57,163
2017-12-11T17:00:00.000,400,81,319
2017-12-11T18:00:00.000,250,62,188
2017-12-11T19:00:00.000,103,28,75
2017-12-11T20:00:00.000,51,15,36
2017-12-11T21:00:00.000,39,10,29
2017-12-11T22:00:00.000,21,4,17
2017-12-11T23:00:00.000,10,5,5
2017-12-12T00:00:00.000,3,1,2
2017-12-12T01:00:00.000,2,1,1
2017-12-12T02:00:00.000,2,0,2
2017-12-12T03:00:00.000,4,2,2
2017-12-12T04:00:00.000,12,5,7
2017-12-12T05:00:00.000,32,20,12
2017-12-12T06:00:00.000,98,55,43
2017-12-12T07:00:00.000,254,141,113
2017-12-12T08:00:00.000,391,209,182
2017-12-12T09:00:00.000,214,106,108
2017-12-12T10:00:00.000,107,44,63
2017-12-12T11:00:00.000,56,29,27
2017-12-12T12:00:00.000,55,30,25
2017-12-12T13:00:00.000,71,35,36
2017-12-12T14:00:00.000,48,15,33
2017-12-12T15:00:00.000,118,48,70
2017-12-12T16:00:00.000,217,66,151
2017-12-12T17:00:00.000,400,69,331
2017-12-12T18:00:00.000,280,85,195
2017-12-12T19:00:00.000,148,37,111
2017-12-12T20:00:00.000,67,27,40
2017-12-12T21:00:00.000,35,13,22
2017-12-12T22:00:00.000,23,10,13
2017-12-12T23:00:00.000,8,3,5
2017-12-13T00:00:00.000,5,0,5
2017-12-13T01:00:00.000,3,1,2
2017-12-13T02:00:00.000,3,2,1
2017-12-13T03:00:00.000,3,1,2
2017-12-13T04:00:00.000,7,3,4
2017-12-13T05:00:00.000,32,22,10
2017-12-13T06:00:00.000,92,50,42
2017-12-13T07:00:00.000,274,147,127
2017-12-13T08:00:00.000,392,226,166
2017-12-13T09:00:00.000,240,102,138
2017-12-13T10:00:00.000,95,41,54
2017-12-13T11:00:00.000,54,32,22
2017-12-13T12:00:00.000,60,29,31
2017-12-13T13:00:00.000,69,24,45
2017-12-13T14:00:00.000,100,40,60
2017-12-13T15:00:00.000,115,39,76
2017-12-13T16:00:00.000,219,63,156
2017-12-13T17:00:00.000,419,89,330
2017-12-13T18:00:00.000,280,85,195
2017-12-13T19:00:00.000,130,33,97
2017-12-13T20:00:00.000,62,13,49
2017-12-13T21:00:00.000,49,13,36
2017-12-13T22:00:00.000,21,9,12
2017-12-13T23:00:00.000,17,4,13
2017-12-14T00:00:00.000,7,0,7
2017-12-14T01:00:00.000,4,4,0
2017-12-14T02:00:00.000,3,2,1
2017-12-14T03:00:00.000,3,2,1
2017-12-14T04:00:00.000,3,1,2
2017-12-14T05:00:00.000,36,18,18
2017-12-14T06:00:00.000,97,51,46
2017-12-14T07:00:00.000,253,147,106
2017-12-14T08:00:00.000,373,194,179
2017-12-14T09:00:00.000,204,92,112
2017-12-14T10:00:00.000,97,52,45
2017-12-14T11:00:00.000,58,28,30
2017-12-14T12:00:00.000,44,20,24
2017-12-14T13:00:00.000,64,26,38
2017-12-14T14:00:00.000,85,41,44
2017-12-14T15:00:00.000,110,45,65
2017-12-14T16:00:00.000,238,64,174
2017-12-14T17:00:00.000,406,105,301
2017-12-14T18:00:00.000,239,61,178
2017-12-14T19:00:00.000,104,36,68
2017-12-14T20:00:00.000,52,13,39
2017-12-14T21:00:00.000,44,13,31
2017-12-14T22:00:00.000,29,9,20
2017-12-14T23:00:00.000,16,8,8
2017-12-15T00:00:00.000,9,5,4
2017-12-15T01:00:00.000,10,3,7
2017-12-15T02:00:00.000,3,2,1
2017-12-15T03:00:00.000,4,0,4
2017-12-15T04:00:00.000,6,2,4
2017-12-15T05:00:00.000,27,14,13
2017-12-15T06:00:00.000,62,39,23
2017-12-15T07:00:00.000,191,106,85
2017-12-15T08:00:00.000,298,164,134
2017-12-15T09:00:00.000,154,78,76
2017-12-15T10:00:00.000,87,38,49
2017-12-15T11:00:00.000,56,24,32
2017-12-15T12:00:00.000,55,27,28
2017-12-15T13:00:00.000,52,18,34
2017-12-15T14:00:00.000,62,20,42
2017-12-15T15:00:00.000,80,31,49
2017-12-15T16:00:00.000,189,46,143
2017-12-15T17:00:00.000,296,68,228
2017-12-15T18:00:00.000,152,49,103
2017-12-15T19:00:00.000,70,20,50
2017-12-15T20:00:00.000,13,9,4
2017-12-15T21:00:00.000,28,14,14
2017-12-15T22:00:00.000,19,12,7
2017-12-15T23:00:00.000,19,11,8
2017-12-16T00:00:00.000,8,5,3
2017-12-16T01:00:00.000,6,3,3
2017-12-16T02:00:00.000,6,4,2
2017-12-16T03:00:00.000,1,0,1
2017-12-16T04:00:00.000,4,2,2
2017-12-16T05:00:00.000,8,5,3
2017-12-16T06:00:00.000,10,6,4
2017-12-16T07:00:00.000,20,11,9
2017-12-16T08:00:00.000,40,14,26
2017-12-16T09:00:00.000,38,19,19
2017-12-16T10:00:00.000,44,24,20
2017-12-16T11:00:00.000,83,46,37
2017-12-16T12:00:00.000,79,48,31
2017-12-16T13:00:00.000,78,41,37
2017-12-16T14:00:00.000,91,39,52
2017-12-16T15:00:00.000,67,35,32
2017-12-16T16:00:00.000,57,25,32
2017-12-16T17:00:00.000,53,28,25
2017-12-16T18:00:00.000,33,19,14
2017-12-16T19:00:00.000,30,13,17
2017-12-16T20:00:00.000,21,6,15
2017-12-16T21:00:00.000,14,5,9
2017-12-16T22:00:00.000,2,2,0
2017-12-16T23:00:00.000,13,6,7
2017-12-17T00:00:00.000,3,0,3
2017-12-17T01:00:00.000,2,1,1
2017-12-17T02:00:00.000,10,8,2
2017-12-17T03:00:00.000,1,1,0
2017-12-17T04:00:00.000,3,2,1
2017-12-17T05:00:00.000,5,4,1
2017-12-17T06:00:00.000,4,2,2
2017-12-17T07:00:00.000,7,4,3
2017-12-17T08:00:00.000,18,11,7
2017-12-17T09:00:00.000,27,16,11
2017-12-17T10:00:00.000,43,27,16
2017-12-17T11:00:00.000,43,26,17
2017-12-17T12:00:00.000,44,23,21
2017-12-17T13:00:00.000,52,27,25
2017-12-17T14:00:00.000,46,25,21
2017-12-17T15:00:00.000,30,14,16
2017-12-17T16:00:00.000,32,16,16
2017-12-17T17:00:00.000,30,12,18
2017-12-17T18:00:00.000,22,8,14
2017-12-17T19:00:00.000,19,10,9
2017-12-17T20:00:00.000,8,3,5
2017-12-17T21:00:00.000,10,4,6
2017-12-17T22:00:00.000,5,2,3
2017-12-17T23:00:00.000,5,0,5
2017-12-18T00:00:00.000,1,1,0
2017-12-18T01:00:00.000,2,1,1
2017-12-18T02:00:00.000,1,1,0
2017-12-18T03:00:00.000,3,1,2
2017-12-18T04:00:00.000,6,2,4
2017-12-18T05:00:00.000,20,14,6
2017-12-18T06:00:00.000,83,50,33
2017-12-18T07:00:00.000,177,97,80
2017-12-18T08:00:00.000,278,153,125
2017-12-18T09:00:00.000,169,73,96
2017-12-18T10:00:00.000,45,16,29
2017-12-18T11:00:00.000,34,14,20
2017-12-18T12:00:00.000,31,17,14
2017-12-18T13:00:00.000,32,8,24
2017-12-18T14:00:00.000,34,15,19
2017-12-18T15:00:00.000,69,22,47
2017-12-18T16:00:00.000,149,33,116
2017-12-18T17:00:00.000,287,61,226
2017-12-18T18:00:00.000,201,48,153
2017-12-18T19:00:00.000,71,17,54
2017-12-18T20:00:00.000,37,16,21
2017-12-18T21:00:00.000,20,4,16
2017-12-18T22:00:00.000,14,3,11
2017-12-18T23:00:00.000,4,1,3
2017-12-19T00:00:00.000,2,0,2
2017-12-19T01:00:00.000,2,1,1
2017-12-19T02:00:00.000,3,0,3
2017-12-19T03:00:00.000,2,2,0
2017-12-19T04:00:00.000,8,4,4
2017-12-19T05:00:00.000,23,14,9
2017-12-19T06:00:00.000,65,38,27
2017-12-19T07:00:00.000,132,75,57
2017-12-19T08:00:00.000,175,100,75
2017-12-19T09:00:00.000,122,57,65
2017-12-19T10:00:00.000,46,16,30
2017-12-19T11:00:00.000,23,10,13
2017-12-19T12:00:00.000,23,8,15
2017-12-19T13:00:00.000,22,10,12
2017-12-19T14:00:00.000,26,9,17
2017-12-19T15:00:00.000,45,28,17
2017-12-19T16:00:00.000,137,30,107
2017-12-19T17:00:00.000,244,55,189
2017-12-19T18:00:00.000,157,46,111
2017-12-19T19:00:00.000,51,10,41
2017-12-19T20:00:00.000,37,19,18
2017-12-19T21:00:00.000,24,10,14
2017-12-19T22:00:00.000,14,5,9
2017-12-19T23:00:00.000,4,3,1
2017-12-20T00:00:00.000,7,3,4
2017-12-20T01:00:00.000,4,1,3
2017-12-20T02:00:00.000,0,0,0
2017-12-20T03:00:00.000,4,1,3
2017-12-20T04:00:00.000,8,2,6
2017-12-20T05:00:00.000,32,18,14
2017-12-20T06:00:00.000,87,47,40
2017-12-20T07:00:00.000,204,111,93
2017-12-20T08:00:00.000,282,153,129
2017-12-20T09:00:00.000,163,69,94
2017-12-20T10:00:00.000,93,41,52
2017-12-20T11:00:00.000,60,34,26
2017-12-20T12:00:00.000,58,19,39
2017-12-20T13:00:00.000,53,25,28
2017-12-20T14:00:00.000,81,32,49
2017-12-20T15:00:00.000,116,46,70
2017-12-20T16:00:00.000,201,52,149
2017-12-20T17:00:00.000,320,76,244
2017-12-20T18:00:00.000,166,50,116
2017-12-20T19:00:00.000,96,22,74
2017-12-20T20:00:00.000,45,16,29
2017-12-20T21:00:00.000,20,8,12
2017-12-20T22:00:00.000,17,7,10
2017-12-20T23:00:00.000,16,9,7
2017-12-21T00:00:00.000,9,3,6
2017-12-21T01:00:00.000,1,0,1
2017-12-21T02:00:00.000,3,3,0
2017-12-21T03:00:00.000,4,4,0
2017-12-21T04:00:00.000,4,2,2
2017-12-21T05:00:00.000,28,15,13
2017-12-21T06:00:00.000,67,35,32
2017-12-21T07:00:00.000,128,67,61
2017-12-21T08:00:00.000,239,122,117
2017-12-21T09:00:00.000,140,73,67
2017-12-21T10:00:00.000,66,28,38
2017-12-21T11:00:00.000,46,27,19
2017-12-21T12:00:00.000,48,19,29
2017-12-21T13:00:00.000,55,21,34
2017-12-21T14:00:00.000,69,31,38
2017-12-21T15:00:00.000,108,37,71
2017-12-21T16:00:00.000,204,60,144
2017-12-21T17:00:00.000,265,73,192
2017-12-21T18:00:00.000,129,47,82
2017-12-21T19:00:00.000,48,17,31
2017-12-21T20:00:00.000,35,10,25
2017-12-21T21:00:00.000,18,11,7
2017-12-21T22:00:00.000,14,6,8
2017-12-21T23:00:00.000,8,6,2
2017-12-22T00:00:00.000,12,4,8
2017-12-22T01:00:00.000,0,0,0
2017-12-22T02:00:00.000,0,0,0
2017-12-22T03:00:00.000,3,1,2
2017-12-22T04:00:00.000,6,4,2
2017-12-22T05:00:00.000,20,12,8
2017-12-22T06:00:00.000,54,38,16
2017-12-22T07:00:00.000,102,49,53
2017-12-22T08:00:00.000,120,61,59
2017-12-22T09:00:00.000,81,36,45
2017-12-22T10:00:00.000,49,22,27
2017-12-22T11:00:00.000,32,13,19
2017-12-22T12:00:00.000,36,14,22
2017-12-22T13:00:00.000,63,20,43
2017-12-22T14:00:00.000,89,36,53
2017-12-22T15:00:00.000,96,42,54
2017-12-22T16:00:00.000,130,41,89
2017-12-22T17:00:00.000,109,31,78
2017-12-22T18:00:00.000,63,23,40
2017-12-22T19:00:00.000,35,12,23
2017-12-22T20:00:00.000,21,5,16
2017-12-22T21:00:00.000,17,7,10
2017-12-22T22:00:00.000,17,9,8
2017-12-22T23:00:00.000,4,2,2
2017-12-23T00:00:00.000,4,3,1
2017-12-23T01:00:00.000,3,3,0
2017-12-23T02:00:00.000,3,2,1
2017-12-23T03:00:00.000,1,1,0
2017-12-23T04:00:00.000,2,1,1
2017-12-23T05:00:00.000,5,4,1
2017-12-23T06:00:00.000,7,4,3
2017-12-23T07:00:00.000,10,6,4
2017-12-23T08:00:00.000,25,12,13
2017-12-23T09:00:00.000,29,13,16
2017-12-23T10:00:00.000,28,16,12
2017-12-23T11:00:00.000,54,24,30
2017-12-23T12:00:00.000,59,29,30
2017-12-23T13:00:00.000,75,30,45
2017-12-23T14:00:00.000,87,48,39
2017-12-23T15:00:00.000,65,35,30
2017-12-23T16:00:00.000,28,16,12
2017-12-23T17:00:00.000,41,27,14
2017-12-23T18:00:00.000,21,6,15
2017-12-23T19:00:00.000,12,5,7
2017-12-23T20:00:00.000,8,3,5
2017-12-23T21:00:00.000,6,1,5
2017-12-23T22:00:00.000,5,1,4
2017-12-23T23:00:00.000,8,2,6
2017-12-24T00:00:00.000,5,2,3
2017-12-24T01:00:00.000,2,1,1
2017-12-24T02:00:00.000,1,1,0
2017-12-24T03:00:00.000,0,0,0
2017-12-24T04:00:00.000,4,2,2
2017-12-24T05:00:00.000,2,2,0
2017-12-24T06:00:00.000,4,3,1
2017-12-24T07:00:00.000,6,5,1
2017-12-24T08:00:00.000,21,10,11
2017-12-24T09:00:00.000,19,11,8
2017-12-24T10:00:00.000,23,12,11
2017-12-24T11:00:00.000,30,17,13
2017-12-24T12:00:00.000,24,12,12
2017-12-24T13:00:00.000,32,14,18
2017-12-24T14:00:00.000,27,16,11
2017-12-24T15:00:00.000,18,10,8
2017-12-24T16:00:00.000,10,6,4
2017-12-24T17:00:00.000,3,2,1
2017-12-24T18:00:00.000,6,3,3
2017-12-24T19:00:00.000,4,2,2
2017-12-24T20:00:00.000,0,0,0
2017-12-24T21:00:00.000,4,1,3
2017-12-24T22:00:00.000,1,0,1
2017-12-24T23:00:00.000,2,2,0
2017-12-25T00:00:00.000,2,0,2
2017-12-25T01:00:00.000,0,0,0
2017-12-25T02:00:00.000,0,0,0
2017-12-25T03:00:00.000,0,0,0
2017-12-25T04:00:00.000,0,0,0
2017-12-25T05:00:00.000,1,0,1
2017-12-25T06:00:00.000,0,0,0
2017-12-25T07:00:00.000,2,1,1
2017-12-25T08:00:00.000,1,0,1
2017-12-25T09:00:00.000,1,0,1
2017-12-25T10:00:00.000,4,3,1
2017-12-25T11:00:00.000,3,1,2
2017-12-25T12:00:00.000,5,3,2
2017-12-25T13:00:00.000,0,0,0
2017-12-25T14:00:00.000,6,2,4
2017-12-25T15:00:00.000,3,1,2
2017-12-25T16:00:00.000,2,1,1
2017-12-25T17:00:00.000,0,0,0
2017-12-25T18:00:00.000,5,1,4
2017-12-25T19:00:00.000,6,2,4
2017-12-25T20:00:00.000,3,3,0
2017-12-25T21:00:00.000,1,1,0
2017-12-25T22:00:00.000,1,0,1
2017-12-25T23:00:00.000,2,1,1
2017-12-26T00:00:00.000,2,0,2
2017-12-26T01:00:00.000,0,0,0
2017-12-26T02:00:00.000,0,0,0
2017-12-26T03:00:00.000,0,0,0
2017-12-26T04:00:00.000,8,4,4
2017-12-26T05:00:00.000,12,6,6
2017-12-26T06:00:00.000,12,5,7
2017-12-26T07:00:00.000,24,9,15
2017-12-26T08:00:00.000,41,23,18
2017-12-26T09:00:00.000,38,12,26
2017-12-26T10:00:00.000,34,14,20
2017-12-26T11:00:00.000,26,13,13
2017-12-26T12:00:00.000,22,11,11
2017-12-26T13:00:00.000,36,12,24
2017-12-26T14:00:00.000,38,18,20
2017-12-26T15:00:00.000,50,23,27
2017-12-26T16:00:00.000,67,28,39
2017-12-26T17:00:00.000,63,15,48
2017-12-26T18:00:00.000,24,5,19
2017-12-26T19:00:00.000,22,6,16
2017-12-26T20:00:00.000,19,12,7
2017-12-26T21:00:00.000,5,3,2
2017-12-26T22:00:00.000,4,1,3
2017-12-26T23:00:00.000,7,4,3
2017-12-27T00:00:00.000,4,3,1
2017-12-27T01:00:00.000,2,2,0
2017-12-27T02:00:00.000,0,0,0
2017-12-27T03:00:00.000,1,1,0
2017-12-27T04:00:00.000,4,3,1
2017-12-27T05:00:00.000,17,10,7
2017-12-27T06:00:00.000,42,25,17
2017-12-27T07:00:00.000,58,31,27
2017-12-27T08:00:00.000,118,60,58
2017-12-27T09:00:00.000,63,28,35
2017-12-27T10:00:00.000,33,15,18
2017-12-27T11:00:00.000,41,20,21
2017-12-27T12:00:00.000,41,25,16
2017-12-27T13:00:00.000,50,22,28
2017-12-27T14:00:00.000,45,20,25
2017-12-27T15:00:00.000,73,22,51
2017-12-27T16:00:00.000,133,47,86
2017-12-27T17:00:00.000,111,28,83
2017-12-27T18:00:00.000,62,23,39
2017-12-27T19:00:00.000,34,15,19
2017-12-27T20:00:00.000,27,3,24
2017-12-27T21:00:00.000,21,6,15
2017-12-27T22:00:00.000,10,6,4
2017-12-27T23:00:00.000,7,3,4
2017-12-28T00:00:00.000,2,1,1
2017-12-28T01:00:00.000,0,0,0
2017-12-28T02:00:00.000,2,1,1
2017-12-28T03:00:00.000,2,1,1
2017-12-28T04:00:00.000,8,4,4
2017-12-28T05:00:00.000,21,11,10
2017-12-28T06:00:00.000,43,21,22
2017-12-28T07:00:00.000,83,44,39
2017-12-28T08:00:00.000,117,65,52
2017-12-28T09:00:00.000,83,48,35
2017-12-28T10:00:00.000,37,18,19
2017-12-28T11:00:00.000,31,13,18
2017-12-28T12:00:00.000,37,15,22
2017-12-28T13:00:00.000,28,12,16
2017-12-28T14:00:00.000,30,9,21
2017-12-28T15:00:00.000,62,23,39
2017-12-28T16:00:00.000,101,30,71
2017-12-28T17:00:00.000,133,42,91
2017-12-28T18:00:00.000,51,15,36
2017-12-28T19:00:00.000,51,16,35
2017-12-28T20:00:00.000,18,8,10
2017-12-28T21:00:00.000,15,6,9
2017-12-28T22:00:00.000,14,6,8
2017-12-28T23:00:00.000,3,2,1
2017-12-29T00:00:00.000,11,3,8
2017-12-29T01:00:00.000,2,1,1
2017-12-29T02:00:00.000,2,1,1
2017-12-29T03:00:00.000,2,1,1
2017-12-29T04:00:00.000,5,2,3
2017-12-29T05:00:00.000,15,6,9
2017-12-29T06:00:00.000,35,24,11
2017-12-29T07:00:00.000,56,33,23
2017-12-29T08:00:00.000,70,36,34
2017-12-29T09:00:00.000,39,17,22
2017-12-29T10:00:00.000,27,14,13
2017-12-29T11:00:00.000,11,5,6
2017-12-29T12:00:00.000,15,6,9
2017-12-29T13:00:00.000,20,6,14
2017-12-29T14:00:00.000,35,16,19
2017-12-29T15:00:00.000,40,14,26
2017-12-29T16:00:00.000,60,23,37
2017-12-29T17:00:00.000,66,15,51
2017-12-29T18:00:00.000,29,15,14
2017-12-29T19:00:00.000,24,7,17
2017-12-29T20:00:00.000,10,5,5
2017-12-29T21:00:00.000,7,3,4
2017-12-29T22:00:00.000,6,3,3
2017-12-29T23:00:00.000,4,1,3
2017-12-30T00:00:00.000,3,1,2
2017-12-30T01:00:00.000,2,1,1
2017-12-30T02:00:00.000,1,1,0
2017-12-30T03:00:00.000,2,1,1
2017-12-30T04:00:00.000,3,2,1
2017-12-30T05:00:00.000,5,2,3
2017-12-30T06:00:00.000,9,2,7
2017-12-30T07:00:00.000,17,9,8
2017-12-30T08:00:00.000,29,17,12
2017-12-30T09:00:00.000,33,16,17
2017-12-30T10:00:00.000,60,29,31
2017-12-30T11:00:00.000,48,18,30
2017-12-30T12:00:00.000,78,40,38
2017-12-30T13:00:00.000,76,36,40
2017-12-30T14:00:00.000,75,43,32
2017-12-30T15:00:00.000,69,26,43
2017-12-30T16:00:00.000,89,41,48
2017-12-30T17:00:00.000,27,12,15
2017-12-30T18:00:00.000,26,17,9
2017-12-30T19:00:00.000,13,8,5
2017-12-30T20:00:00.000,26,5,21
2017-12-30T21:00:00.000,14,4,10
2017-12-30T22:00:00.000,12,9,3
2017-12-30T23:00:00.000,8,3,5
2017-12-31T00:00:00.000,12,3,9
2017-12-31T01:00:00.000,5,4,1
2017-12-31T02:00:00.000,2,0,2
2017-12-31T03:00:00.000,2,2,0
2017-12-31T04:00:00.000,5,3,2
2017-12-31T05:00:00.000,3,2,1
2017-12-31T06:00:00.000,6,0,6
2017-12-31T07:00:00.000,10,7,3
2017-12-31T08:00:00.000,22,13,9
2017-12-31T09:00:00.000,30,23,7
2017-12-31T10:00:00.000,47,27,20
2017-12-31T11:00:00.000,65,41,24
2017-12-31T12:00:00.000,86,41,45
2017-12-31T13:00:00.000,93,54,39
2017-12-31T14:00:00.000,90,54,36
2017-12-31T15:00:00.000,69,38,31
2017-12-31T16:00:00.000,57,32,25
2017-12-31T17:00:00.000,33,12,21
2017-12-31T18:00:00.000,20,3,17
2017-12-31T19:00:00.000,21,9,12
2017-12-31T20:00:00.000,14,6,8
2017-12-31T21:00:00.000,13,3,10
2017-12-31T22:00:00.000,13,7,6
2017-12-31T23:00:00.000,16,7,9
2018-01-01T00:00:00.000,28,14,14
2018-01-01T01:00:00.000,16,2,14
2018-01-01T02:00:00.000,8,4,4
2018-01-01T03:00:00.000,2,2,0
2018-01-01T04:00:00.000,0,0,0
2018-01-01T05:00:00.000,2,1,1
2018-01-01T06:00:00.000,6,2,4
2018-01-01T07:00:00.000,9,6,3
2018-01-01T08:00:00.000,11,6,5
2018-01-01T09:00:00.000,21,11,10
2018-01-01T10:00:00.000,48,19,29
2018-01-01T11:00:00.000,53,26,27
2018-01-01T12:00:00.000,50,24,26
2018-01-01T13:00:00.000,95,38,57
2018-01-01T14:00:00.000,95,46,49
2018-01-01T15:00:00.000,85,34,51
2018-01-01T16:00:00.000,62,26,36
2018-01-01T17:00:00.000,15,4,11
2018-01-01T18:00:00.000,12,7,5
2018-01-01T19:00:00.000,17,6,11
2018-01-01T20:00:00.000,13,5,8
2018-01-01T21:00:00.000,13,7,6
2018-01-01T22:00:00.000,9,1,8
2018-01-01T23:00:00.000,4,2,2
2018-01-02T00:00:00.000,2,1,1
2018-01-02T01:00:00.000,1,0,1
2018-01-02T02:00:00.000,1,1,0
2018-01-02T03:00:00.000,1,1,0
2018-01-02T04:00:00.000,10,4,6
2018-01-02T05:00:00.000,35,21,14
2018-01-02T06:00:00.000,94,60,34
2018-01-02T07:00:00.000,250,130,120
2018-01-02T08:00:00.000,409,222,187
2018-01-02T09:00:00.000,189,91,98
2018-01-02T10:00:00.000,56,22,34
2018-01-02T11:00:00.000,51,20,31
2018-01-02T12:00:00.000,68,37,31
2018-01-02T13:00:00.000,53,26,27
2018-01-02T14:00:00.000,51,22,29
2018-01-02T15:00:00.000,84,27,57
2018-01-02T16:00:00.000,230,59,171
2018-01-02T17:00:00.000,487,101,386
2018-01-02T18:00:00.000,240,57,183
2018-01-02T19:00:00.000,102,28,74
2018-01-02T20:00:00.000,32,10,22
2018-01-02T21:00:00.000,33,11,22
2018-01-02T22:00:00.000,14,5,9
2018-01-02T23:00:00.000,5,3,2
2018-01-03T00:00:00.000,7,3,4
2018-01-03T01:00:00.000,2,1,1
2018-01-03T02:00:00.000,2,1,1
2018-01-03T03:00:00.000,2,1,1
2018-01-03T04:00:00.000,6,3,3
2018-01-03T05:00:00.000,34,17,17
2018-01-03T06:00:00.000,116,68,48
2018-01-03T07:00:00.000,291,163,128
2018-01-03T08:00:00.000,406,233,173
2018-01-03T09:00:00.000,250,128,122
2018-01-03T10:00:00.000,87,45,42
2018-01-03T11:00:00.000,59,23,36
2018-01-03T12:00:00.000,61,36,25
2018-01-03T13:00:00.000,74,38,36
2018-01-03T14:00:00.000,78,36,42
2018-01-03T15:00:00.000,115,51,64
2018-01-03T16:00:00.000,265,76,189
2018-01-03T17:00:00.000,485,98,387
2018-01-03T18:00:00.000,262,75,187
2018-01-03T19:00:00.000,99,23,76
2018-01-03T20:00:00.000,64,19,45
2018-01-03T21:00:00.000,32,12,20
2018-01-03T22:00:00.000,18,7,11
2018-01-03T23:00:00.000,12,8,4
2018-01-04T00:00:00.000,6,2,4
2018-01-04T01:00:00.000,5,4,1
2018-01-04T02:00:00.000,2,2,0
2018-01-04T03:00:00.000,3,2,1
2018-01-04T04:00:00.000,7,5,2
2018-01-04T05:00:00.000,33,21,12
2018-01-04T06:00:00.000,91,53,38
2018-01-04T07:00:00.000,251,128,123
2018-01-04T08:00:00.000,388,213,175
2018-01-04T09:00:00.000,235,116,119
2018-01-04T10:00:00.000,78,40,38
2018-01-04T11:00:00.000,44,21,23
2018-01-04T12:00:00.000,58,28,30
2018-01-04T13:00:00.000,55,29,26
2018-01-04T14:00:00.000,62,26,36
2018-01-04T15:00:00.000,72,27,45
2018-01-04T16:00:00.000,210,58,152
2018-01-04T17:00:00.000,501,108,393
2018-01-04T18:00:00.000,264,83,181
2018-01-04T19:00:00.000,108,35,73
2018-01-04T20:00:00.000,53,12,41
2018-01-04T21:00:00.000,29,8,21
2018-01-04T22:00:00.000,17,9,8
2018-01-04T23:00:00.000,6,3,3
2018-01-05T00:00:00.000,10,5,5
2018-01-05T01:00:00.000,4,3,1
2018-01-05T02:00:00.000,3,2,1
2018-01-05T03:00:00.000,2,1,1
2018-01-05T04:00:00.000,10,4,6
2018-01-05T05:00:00.000,23,13,10
2018-01-05T06:00:00.000,66,39,27
2018-01-05T07:00:00.000,186,103,83
2018-01-05T08:00:00.000,327,175,152
2018-01-05T09:00:00.000,159,72,87
2018-01-05T10:00:00.000,47,28,19
2018-01-05T11:00:00.000,25,11,14
2018-01-05T12:00:00.000,34,18,16
2018-01-05T13:00:00.000,26,14,12
2018-01-05T14:00:00.000,40,20,20
2018-01-05T15:00:00.000,77,28,49
2018-01-05T16:00:00.000,178,40,138
2018-01-05T17:00:00.000,311,73,238
2018-01-05T18:00:00.000,188,42,146
2018-01-05T19:00:00.000,66,20,46
2018-01-05T20:00:00.000,32,11,21
2018-01-05T21:00:00.000,22,10,12
2018-01-05T22:00:00.000,18,10,8
2018-01-05T23:00:00.000,12,7,5
2018-01-06T00:00:00.000,11,9,2
2018-01-06T01:00:00.000,5,2,3
2018-01-06T02:00:00.000,5,1,4
2018-01-06T03:00:00.000,2,1,1
2018-01-06T04:00:00.000,3,2,1
2018-01-06T05:00:00.000,3,2,1
2018-01-06T06:00:00.000,11,8,3
2018-01-06T07:00:00.000,13,6,7
2018-01-06T08:00:00.000,39,12,27
2018-01-06T09:00:00.000,38,19,19
2018-01-06T10:00:00.000,29,15,14
2018-01-06T11:00:00.000,36,22,14
2018-01-06T12:00:00.000,38,25,13
2018-01-06T13:00:00.000,53,27,26
2018-01-06T14:00:00.000,57,34,23
2018-01-06T15:00:00.000,60,30,30
2018-01-06T16:00:00.000,69,25,44
2018-01-06T17:00:00.000,31,15,16
2018-01-06T18:00:00.000,39,24,15
2018-01-06T19:00:00.000,28,12,16
2018-01-06T20:00:00.000,22,6,16
2018-01-06T21:00:00.000,12,6,6
2018-01-06T22:00:00.000,6,2,4
2018-01-06T23:00:00.000,19,8,11
2018-01-07T00:00:00.000,8,3,5
2018-01-07T01:00:00.000,8,1,7
2018-01-07T02:00:00.000,5,2,3
2018-01-07T03:00:00.000,1,1,0
2018-01-07T04:00:00.000,3,2,1
2018-01-07T05:00:00.000,4,1,3
2018-01-07T06:00:00.000,2,2,0
2018-01-07T07:00:00.000,6,4,2
2018-01-07T08:00:00.000,17,7,10
2018-01-07T09:00:00.000,19,10,9
2018-01-07T10:00:00.000,34,18,16
2018-01-07T11:00:00.000,60,38,22
2018-01-07T12:00:00.000,44,25,19
2018-01-07T13:00:00.000,54,22,32
2018-01-07T14:00:00.000,40,19,21
2018-01-07T15:00:00.000,38,18,20
2018-01-07T16:00:00.000,31,18,13
2018-01-07T17:00:00.000,19,8,11
2018-01-07T18:00:00.000,19,9,10
2018-01-07T19:00:00.000,14,6,8
2018-01-07T20:00:00.000,5,2,3
2018-01-07T21:00:00.000,4,3,1
2018-01-07T22:00:00.000,5,2,3
2018-01-07T23:00:00.000,8,3,5
2018-01-08T00:00:00.000,0,0,0
2018-01-08T01:00:00.000,4,3,1
2018-01-08T02:00:00.000,1,0,1
2018-01-08T03:00:00.000,0,0,0
2018-01-08T04:00:00.000,9,2,7
2018-01-08T05:00:00.000,36,19,17
2018-01-08T06:00:00.000,119,67,52
2018-01-08T07:00:00.000,300,145,155
2018-01-08T08:00:00.000,419,227,192
2018-01-08T09:00:00.000,245,124,121
2018-01-08T10:00:00.000,84,43,41
2018-01-08T11:00:00.000,65,39,26
2018-01-08T12:00:00.000,52,26,26
2018-01-08T13:00:00.000,57,25,32
2018-01-08T14:00:00.000,79,31,48
2018-01-08T15:00:00.000,96,39,57
2018-01-08T16:00:00.000,261,70,191
2018-01-08T17:00:00.000,497,106,391
2018-01-08T18:00:00.000,340,106,234
2018-01-08T19:00:00.000,118,38,80
2018-01-08T20:00:00.000,48,21,27
2018-01-08T21:00:00.000,50,15,35
2018-01-08T22:00:00.000,15,7,8
2018-01-08T23:00:00.000,14,4,10
2018-01-09T00:00:00.000,4,0,4
2018-01-09T01:00:00.000,2,1,1
2018-01-09T02:00:00.000,1,0,1
2018-01-09T03:00:00.000,2,2,0
2018-01-09T04:00:00.000,5,3,2
2018-01-09T05:00:00.000,31,19,12
2018-01-09T06:00:00.000,115,67,48
2018-01-09T07:00:00.000,251,136,115
2018-01-09T08:00:00.000,348,191,157
2018-01-09T09:00:00.000,179,91,88
2018-01-09T10:00:00.000,71,30,41
2018-01-09T11:00:00.000,43,24,19
2018-01-09T12:00:00.000,41,15,26
2018-01-09T13:00:00.000,24,9,15
2018-01-09T14:00:00.000,36,21,15
2018-01-09T15:00:00.000,75,31,44
2018-01-09T16:00:00.000,172,47,125
2018-01-09T17:00:00.000,404,73,331
2018-01-09T18:00:00.000,223,46,177
2018-01-09T19:00:00.000,86,28,58
2018-01-09T20:00:00.000,51,20,31
2018-01-09T21:00:00.000,22,7,15
2018-01-09T22:00:00.000,27,13,14
2018-01-09T23:00:00.000,2,1,1
2018-01-10T00:00:00.000,7,1,6
2018-01-10T01:00:00.000,1,1,0
2018-01-10T02:00:00.000,2,1,1
2018-01-10T03:00:00.000,3,2,1
2018-01-10T04:00:00.000,6,4,2
2018-01-10T05:00:00.000,32,18,14
2018-01-10T06:00:00.000,95,63,32
2018-01-10T07:00:00.000,270,155,115
2018-01-10T08:00:00.000,386,218,168
2018-01-10T09:00:00.000,191,93,98
2018-01-10T10:00:00.000,84,36,48
2018-01-10T11:00:00.000,37,21,16
2018-01-10T12:00:00.000,41,17,24
2018-01-10T13:00:00.000,47,22,25
2018-01-10T14:00:00.000,58,23,35
2018-01-10T15:00:00.000,80,30,50
2018-01-10T16:00:00.000,204,62,142
2018-01-10T17:00:00.000,426,96,330
2018-01-10T18:00:00.000,263,74,189
2018-01-10T19:00:00.000,104,33,71
2018-01-10T20:00:00.000,61,15,46
2018-01-10T21:00:00.000,33,17,16
2018-01-10T22:00:00.000,11,4,7
2018-01-10T23:00:00.000,8,2,6
2018-01-11T00:00:00.000,4,0,4
2018-01-11T01:00:00.000,2,0,2
2018-01-11T02:00:00.000,2,1,1
2018-01-11T03:00:00.000,1,1,0
2018-01-11T04:00:00.000,6,5,1
2018-01-11T05:00:00.000,25,17,8
2018-01-11T06:00:00.000,62,33,29
2018-01-11T07:00:00.000,180,99,81
2018-01-11T08:00:00.000,229,132,97
2018-01-11T09:00:00.000,145,62,83
2018-01-11T10:00:00.000,35,18,17
2018-01-11T11:00:00.000,23,9,14
2018-01-11T12:00:00.000,17,7,10
2018-01-11T13:00:00.000,24,13,11
2018-01-11T14:00:00.000,35,20,15
2018-01-11T15:00:00.000,69,25,44
2018-01-11T16:00:00.000,160,50,110
2018-01-11T17:00:00.000,281,48,233
2018-01-11T18:00:00.000,220,67,153
2018-01-11T19:00:00.000,115,31,84
2018-01-11T20:00:00.000,55,12,43
2018-01-11T21:00:00.000,18,5,13
2018-01-11T22:00:00.000,26,9,17
2018-01-11T23:00:00.000,22,6,16
2018-01-12T00:00:00.000,11,6,5
2018-01-12T01:00:00.000,4,1,3
2018-01-12T02:00:00.000,3,1,2
2018-01-12T03:00:00.000,10,6,4
2018-01-12T04:00:00.000,3,1,2
2018-01-12T05:00:00.000,23,10,13
2018-01-12T06:00:00.000,75,44,31
2018-01-12T07:00:00.000,206,107,99
2018-01-12T08:00:00.000,325,165,160
2018-01-12T09:00:00.000,180,93,87
2018-01-12T10:00:00.000,79,34,45
2018-01-12T11:00:00.000,60,30,30
2018-01-12T12:00:00.000,35,19,16
2018-01-12T13:00:00.000,67,25,42
2018-01-12T14:00:00.000,67,27,40
2018-01-12T15:00:00.000,102,29,73
2018-01-12T16:00:00.000,206,56,150
2018-01-12T17:00:00.000,335,71,264
2018-01-12T18:00:00.000,199,56,143
2018-01-12T19:00:00.000,63,21,42
2018-01-12T20:00:00.000,37,13,24
2018-01-12T21:00:00.000,14,3,11
2018-01-12T22:00:00.000,16,8,8
2018-01-12T23:00:00.000,20,7,13
2018-01-13T00:00:00.000,6,4,2
2018-01-13T01:00:00.000,6,4,2
2018-01-13T02:00:00.000,2,1,1
2018-01-13T03:00:00.000,1,0,1
2018-01-13T04:00:00.000,4,3,1
2018-01-13T05:00:00.000,2,2,0
2018-01-13T06:00:00.000,6,2,4
2018-01-13T07:00:00.000,31,12,19
2018-01-13T08:00:00.000,52,26,26
2018-01-13T09:00:00.000,56,26,30
2018-01-13T10:00:00.000,65,25,40
2018-01-13T11:00:00.000,90,54,36
2018-01-13T12:00:00.000,76,25,51
2018-01-13T13:00:00.000,108,53,55
2018-01-13T14:00:00.000,99,55,44
2018-01-13T15:00:00.000,137,76,61
2018-01-13T16:00:00.000,112,65,47
2018-01-13T17:00:00.000,69,34,35
2018-01-13T18:00:00.000,37,17,20
2018-01-13T19:00:00.000,27,18,9
2018-01-13T20:00:00.000,14,6,8
2018-01-13T21:00:00.000,21,7,14
2018-01-13T22:00:00.000,21,8,13
2018-01-13T23:00:00.000,16,7,9
2018-01-14T00:00:00.000,11,3,8
2018-01-14T01:00:00.000,6,3,3
2018-01-14T02:00:00.000,3,3,0
2018-01-14T03:00:00.000,2,1,1
2018-01-14T04:00:00.000,3,2,1
2018-01-14T05:00:00.000,3,2,1
2018-01-14T06:00:00.000,11,6,5
2018-01-14T07:00:00.000,20,12,8
2018-01-14T08:00:00.000,41,19,22
2018-01-14T09:00:00.000,74,33,41
2018-01-14T10:00:00.000,88,48,40
2018-01-14T11:00:00.000,153,81,72
2018-01-14T12:00:00.000,147,70,77
2018-01-14T13:00:00.000,238,129,109
2018-01-14T14:00:00.000,241,143,98
2018-01-14T15:00:00.000,200,101,99
2018-01-14T16:00:00.000,134,75,59
2018-01-14T17:00:00.000,68,33,35
2018-01-14T18:00:00.000,42,25,17
2018-01-14T19:00:00.000,28,17,11
2018-01-14T20:00:00.000,21,10,11
2018-01-14T21:00:00.000,18,7,11
2018-01-14T22:00:00.000,12,8,4
2018-01-14T23:00:00.000,15,4,11
2018-01-15T00:00:00.000,7,5,2
2018-01-15T01:00:00.000,4,1,3
2018-01-15T02:00:00.000,0,0,0
2018-01-15T03:00:00.000,0,0,0
2018-01-15T04:00:00.000,7,3,4
2018-01-15T05:00:00.000,21,10,11
2018-01-15T06:00:00.000,54,26,28
2018-01-15T07:00:00.000,122,55,67
2018-01-15T08:00:00.000,238,128,110
2018-01-15T09:00:00.000,173,74,99
2018-01-15T10:00:00.000,84,54,30
2018-01-15T11:00:00.000,108,62,46
2018-01-15T12:00:00.000,92,54,38
2018-01-15T13:00:00.000,129,55,74
2018-01-15T14:00:00.000,179,96,83
2018-01-15T15:00:00.000,143,79,64
2018-01-15T16:00:00.000,234,69,165
2018-01-15T17:00:00.000,271,58,213
2018-01-15T18:00:00.000,188,44,144
2018-01-15T19:00:00.000,74,20,54
2018-01-15T20:00:00.000,48,18,30
2018-01-15T21:00:00.000,22,8,14
2018-01-15T22:00:00.000,7,1,6
2018-01-15T23:00:00.000,15,7,8
2018-01-16T00:00:00.000,3,1,2
2018-01-16T01:00:00.000,1,0,1
2018-01-16T02:00:00.000,0,0,0
2018-01-16T03:00:00.000,3,3,0
2018-01-16T04:00:00.000,10,4,6
2018-01-16T05:00:00.000,28,17,11
2018-01-16T06:00:00.000,108,58,50
2018-01-16T07:00:00.000,287,157,130
2018-01-16T08:00:00.000,413,210,203
2018-01-16T09:00:00.000,244,117,127
2018-01-16T10:00:00.000,81,39,42
2018-01-16T11:00:00.000,53,25,28
2018-01-16T12:00:00.000,75,35,40
2018-01-16T13:00:00.000,64,34,30
2018-01-16T14:00:00.000,64,22,42
2018-01-16T15:00:00.000,118,53,65
2018-01-16T16:00:00.000,222,60,162
2018-01-16T17:00:00.000,462,88,374
2018-01-16T18:00:00.000,298,79,219
2018-01-16T19:00:00.000,129,28,101
2018-01-16T20:00:00.000,51,20,31
2018-01-16T21:00:00.000,38,19,19
2018-01-16T22:00:00.000,18,10,8
2018-01-16T23:00:00.000,12,7,5
2018-01-17T00:00:00.000,7,3,4
2018-01-17T01:00:00.000,2,0,2
2018-01-17T02:00:00.000,1,0,1
2018-01-17T03:00:00.000,2,0,2
2018-01-17T04:00:00.000,11,4,7
2018-01-17T05:00:00.000,31,15,16
2018-01-17T06:00:00.000,104,60,44
2018-01-17T07:00:00.000,255,138,117
2018-01-17T08:00:00.000,350,187,163
2018-01-17T09:00:00.000,214,101,113
2018-01-17T10:00:00.000,84,42,42
2018-01-17T11:00:00.000,43,17,26
2018-01-17T12:00:00.000,58,31,27
2018-01-17T13:00:00.000,42,14,28
2018-01-17T14:00:00.000,66,32,34
2018-01-17T15:00:00.000,71,25,46
2018-01-17T16:00:00.000,166,40,126
2018-01-17T17:00:00.000,371,76,295
2018-01-17T18:00:00.000,242,58,184
2018-01-17T19:00:00.000,95,28,67
2018-01-17T20:00:00.000,48,15,33
2018-01-17T21:00:00.000,24,11,13
2018-01-17T22:00:00.000,15,9,6
2018-01-17T23:00:00.000,11,4,7
2018-01-18T00:00:00.000,6,2,4
2018-01-18T01:00:00.000,1,0,1
2018-01-18T02:00:00.000,0,0,0
2018-01-18T03:00:00.000,3,3,0
2018-01-18T04:00:00.000,9,3,6
2018-01-18T05:00:00.000,27,17,10
2018-01-18T06:00:00.000,98,51,47
2018-01-18T07:00:00.000,216,119,97
2018-01-18T08:00:00.000,389,208,181
2018-01-18T09:00:00.000,201,95,106
2018-01-18T10:00:00.000,80,36,44
2018-01-18T11:00:00.000,53,26,27
2018-01-18T12:00:00.000,45,19,26
2018-01-18T13:00:00.000,46,22,24
2018-01-18T14:00:00.000,43,17,26
2018-01-18T15:00:00.000,60,22,38
2018-01-18T16:00:00.000,167,41,126
2018-01-18T17:00:00.000,373,79,294
2018-01-18T18:00:00.000,252,68,184
2018-01-18T19:00:00.000,81,29,52
2018-01-18T20:00:00.000,43,10,33
2018-01-18T21:00:00.000,45,11,34
2018-01-18T22:00:00.000,21,12,9
2018-01-18T23:00:00.000,10,2,8
2018-01-19T00:00:00.000,7,4,3
2018-01-19T01:00:00.000,4,1,3
2018-01-19T02:00:00.000,2,1,1
2018-01-19T03:00:00.000,2,1,1
2018-01-19T04:00:00.000,6,1,5
2018-01-19T05:00:00.000,26,13,13
2018-01-19T06:00:00.000,88,51,37
2018-01-19T07:00:00.000,214,124,90
2018-01-19T08:00:00.000,343,175,168
2018-01-19T09:00:00.000,180,83,97
2018-01-19T10:00:00.000,90,39,51
2018-01-19T11:00:00.000,48,20,28
2018-01-19T12:00:00.000,57,23,34
2018-01-19T13:00:00.000,60,28,32
2018-01-19T14:00:00.000,70,28,42
2018-01-19T15:00:00.000,90,29,61
2018-01-19T16:00:00.000,199,49,150
2018-01-19T17:00:00.000,381,93,288
2018-01-19T18:00:00.000,205,56,149
2018-01-19T19:00:00.000,72,22,50
2018-01-19T20:00:00.000,34,11,23
2018-01-19T21:00:00.000,33,18,15
2018-01-19T22:00:00.000,23,7,16
2018-01-19T23:00:00.000,17,11,6
2018-01-20T00:00:00.000,14,7,7
2018-01-20T01:00:00.000,6,2,4
2018-01-20T02:00:00.000,6,2,4
2018-01-20T03:00:00.000,1,0,1
2018-01-20T04:00:00.000,3,2,1
2018-01-20T05:00:00.000,8,4,4
2018-01-20T06:00:00.000,10,4,6
2018-01-20T07:00:00.000,20,6,14
2018-01-20T08:00:00.000,48,27,21
2018-01-20T09:00:00.000,57,37,20
2018-01-20T10:00:00.000,72,41,31
2018-01-20T11:00:00.000,86,45,41
2018-01-20T12:00:00.000,77,37,40
2018-01-20T13:00:00.000,107,41,66
2018-01-20T14:00:00.000,118,25,93
2018-01-20T15:00:00.000,99,41,58
2018-01-20T16:00:00.000,67,33,34
2018-01-20T17:00:00.000,44,18,26
2018-01-20T18:00:00.000,29,14,15
2018-01-20T19:00:00.000,16,10,6
2018-01-20T20:00:00.000,10,6,4
2018-01-20T21:00:00.000,15,8,7
2018-01-20T22:00:00.000,19,8,11
2018-01-20T23:00:00.000,12,4,8
2018-01-21T00:00:00.000,11,6,5
2018-01-21T01:00:00.000,6,5,1
2018-01-21T02:00:00.000,4,3,1
2018-01-21T03:00:00.000,4,1,3
2018-01-21T04:00:00.000,5,2,3
2018-01-21T05:00:00.000,2,0,2
2018-01-21T06:00:00.000,4,1,3
2018-01-21T07:00:00.000,12,10,2
2018-01-21T08:00:00.000,13,10,3
2018-01-21T09:00:00.000,18,8,10
2018-01-21T10:00:00.000,25,18,7
2018-01-21T11:00:00.000,19,14,5
2018-01-21T12:00:00.000,35,14,21
2018-01-21T13:00:00.000,51,24,27
2018-01-21T14:00:00.000,50,24,26
2018-01-21T15:00:00.000,34,20,14
2018-01-21T16:00:00.000,26,12,14
2018-01-21T17:00:00.000,24,7,17
2018-01-21T18:00:00.000,14,4,10
2018-01-21T19:00:00.000,16,6,10
2018-01-21T20:00:00.000,9,4,5
2018-01-21T21:00:00.000,8,3,5
2018-01-21T22:00:00.000,4,2,2
2018-01-21T23:00:00.000,8,5,3
2018-01-22T00:00:00.000,3,2,1
2018-01-22T01:00:00.000,2,1,1
2018-01-22T02:00:00.000,3,0,3
2018-01-22T03:00:00.000,0,0,0
2018-01-22T04:00:00.000,9,4,5
2018-01-22T05:00:00.000,26,14,12
2018-01-22T06:00:00.000,111,52,59
2018-01-22T07:00:00.000,260,149,111
2018-01-22T08:00:00.000,419,219,200
2018-01-22T09:00:00.000,245,118,127
2018-01-22T10:00:00.000,69,32,37
2018-01-22T11:00:00.000,70,32,38
2018-01-22T12:00:00.000,63,32,31
2018-01-22T13:00:00.000,61,26,35
2018-01-22T14:00:00.000,92,43,49
2018-01-22T15:00:00.000,113,48,65
2018-01-22T16:00:00.000,221,52,169
2018-01-22T17:00:00.000,486,113,373
2018-01-22T18:00:00.000,319,78,241
2018-01-22T19:00:00.000,122,31,91
2018-01-22T20:00:00.000,56,16,40
2018-01-22T21:00:00.000,36,10,26
2018-01-22T22:00:00.000,17,8,9
2018-01-22T23:00:00.000,8,3,5
2018-01-23T00:00:00.000,7,3,4
2018-01-23T01:00:00.000,1,1,0
2018-01-23T02:00:00.000,4,2,2
2018-01-23T03:00:00.000,0,0,0
2018-01-23T04:00:00.000,8,4,4
2018-01-23T05:00:00.000,28,19,9
2018-01-23T06:00:00.000,105,57,48
2018-01-23T07:00:00.000,227,126,101
2018-01-23T08:00:00.000,330,176,154
2018-01-23T09:00:00.000,158,81,77
2018-01-23T10:00:00.000,56,29,27
2018-01-23T11:00:00.000,33,14,19
2018-01-23T12:00:00.000,30,10,20
2018-01-23T13:00:00.000,23,9,14
2018-01-23T14:00:00.000,31,13,18
2018-01-23T15:00:00.000,53,24,29
2018-01-23T16:00:00.000,168,30,138
2018-01-23T17:00:00.000,329,52,277
2018-01-23T18:00:00.000,212,62,150
2018-01-23T19:00:00.000,76,23,53
2018-01-23T20:00:00.000,43,12,31
2018-01-23T21:00:00.000,24,8,16
2018-01-23T22:00:00.000,21,8,13
2018-01-23T23:00:00.000,9,6,3
2018-01-24T00:00:00.000,5,0,5
2018-01-24T01:00:00.000,2,1,1
2018-01-24T02:00:00.000,0,0,0
2018-01-24T03:00:00.000,4,2,2
2018-01-24T04:00:00.000,10,6,4
2018-01-24T05:00:00.000,32,21,11
2018-01-24T06:00:00.000,88,55,33
2018-01-24T07:00:00.000,238,135,103
2018-01-24T08:00:00.000,306,163,143
2018-01-24T09:00:00.000,181,87,94
2018-01-24T10:00:00.000,65,25,40
2018-01-24T11:00:00.000,27,13,14
2018-01-24T12:00:00.000,27,13,14
2018-01-24T13:00:00.000,34,18,16
2018-01-24T14:00:00.000,57,26,31
2018-01-24T15:00:00.000,50,19,31
2018-01-24T16:00:00.000,179,54,125
2018-01-24T17:00:00.000,344,62,282
2018-01-24T18:00:00.000,211,55,156
2018-01-24T19:00:00.000,87,25,62
2018-01-24T20:00:00.000,46,12,34
2018-01-24T21:00:00.000,27,9,18
2018-01-24T22:00:00.000,12,6,6
2018-01-24T23:00:00.000,15,5,10
2018-01-25T00:00:00.000,2,0,2
2018-01-25T01:00:00.000,2,2,0
2018-01-25T02:00:00.000,2,0,2
2018-01-25T03:00:00.000,3,1,2
2018-01-25T04:00:00.000,6,4,2
2018-01-25T05:00:00.000,35,23,12
2018-01-25T06:00:00.000,101,53,48
2018-01-25T07:00:00.000,224,114,110
2018-01-25T08:00:00.000,357,191,166
2018-01-25T09:00:00.000,168,77,91
2018-01-25T10:00:00.000,51,27,24
2018-01-25T11:00:00.000,29,16,13
2018-01-25T12:00:00.000,42,22,20
2018-01-25T13:00:00.000,27,13,14
2018-01-25T14:00:00.000,46,23,23
2018-01-25T15:00:00.000,89,33,56
2018-01-25T16:00:00.000,197,54,143
2018-01-25T17:00:00.000,399,86,313
2018-01-25T18:00:00.000,231,54,177
2018-01-25T19:00:00.000,138,32,106
2018-01-25T20:00:00.000,58,28,30
2018-01-25T21:00:00.000,28,9,19
2018-01-25T22:00:00.000,21,10,11
2018-01-25T23:00:00.000,19,11,8
2018-01-26T00:00:00.000,13,8,5
2018-01-26T01:00:00.000,9,4,5
2018-01-26T02:00:00.000,5,0,5
2018-01-26T03:00:00.000,3,2,1
2018-01-26T04:00:00.000,8,4,4
2018-01-26T05:00:00.000,27,17,10
2018-01-26T06:00:00.000,87,50,37
2018-01-26T07:00:00.000,194,111,83
2018-01-26T08:00:00.000,305,164,141
2018-01-26T09:00:00.000,179,89,90
2018-01-26T10:00:00.000,59,30,29
2018-01-26T11:00:00.000,43,19,24
2018-01-26T12:00:00.000,39,19,20
2018-01-26T13:00:00.000,51,25,26
2018-01-26T14:00:00.000,70,28,42
2018-01-26T15:00:00.000,87,32,55
2018-01-26T16:00:00.000,233,61,172
2018-01-26T17:00:00.000,329,68,261
2018-01-26T18:00:00.000,165,51,114
2018-01-26T19:00:00.000,65,17,48
2018-01-26T20:00:00.000,29,3,26
2018-01-26T21:00:00.000,20,4,16
2018-01-26T22:00:00.000,9,5,4
2018-01-26T23:00:00.000,16,5,11
2018-01-27T00:00:00.000,7,3,4
2018-01-27T01:00:00.000,2,1,1
2018-01-27T02:00:00.000,2,1,1
2018-01-27T03:00:00.000,4,1,3
2018-01-27T04:00:00.000,4,2,2
2018-01-27T05:00:00.000,1,0,1
2018-01-27T06:00:00.000,4,2,2
2018-01-27T07:00:00.000,20,5,15
2018-01-27T08:00:00.000,34,14,20
2018-01-27T09:00:00.000,32,16,16
2018-01-27T10:00:00.000,32,22,10
2018-01-27T11:00:00.000,41,24,17
2018-01-27T12:00:00.000,42,17,25
2018-01-27T13:00:00.000,52,23,29
2018-01-27T14:00:00.000,44,21,23
2018-01-27T15:00:00.000,50,21,29
2018-01-27T16:00:00.000,61,23,38
2018-01-27T17:00:00.000,41,18,23
2018-01-27T18:00:00.000,29,16,13
2018-01-27T19:00:00.000,14,7,7
2018-01-27T20:00:00.000,12,5,7
2018-01-27T21:00:00.000,12,5,7
2018-01-27T22:00:00.000,14,7,7
2018-01-27T23:00:00.000,11,3,8
2018-01-28T00:00:00.000,6,3,3
2018-01-28T01:00:00.000,6,1,5
2018-01-28T02:00:00.000,1,0,1
2018-01-28T03:00:00.000,2,2,0
2018-01-28T04:00:00.000,3,2,1
2018-01-28T05:00:00.000,1,1,0
2018-01-28T06:00:00.000,2,1,1
2018-01-28T07:00:00.000,14,9,5
2018-01-28T08:00:00.000,29,21,8
2018-01-28T09:00:00.000,30,16,14
2018-01-28T10:00:00.000,39,19,20
2018-01-28T11:00:00.000,52,29,23
2018-01-28T12:00:00.000,51,27,24
2018-01-28T13:00:00.000,83,44,39
2018-01-28T14:00:00.000,76,44,32
2018-01-28T15:00:00.000,80,36,44
2018-01-28T16:00:00.000,69,32,37
2018-01-28T17:00:00.000,41,20,21
2018-01-28T18:00:00.000,44,20,24
2018-01-28T19:00:00.000,15,8,7
2018-01-28T20:00:00.000,21,8,13
2018-01-28T21:00:00.000,4,3,1
2018-01-28T22:00:00.000,4,1,3
2018-01-28T23:00:00.000,5,2,3
2018-01-29T00:00:00.000,5,2,3
2018-01-29T01:00:00.000,4,0,4
2018-01-29T02:00:00.000,0,0,0
2018-01-29T03:00:00.000,3,2,1
2018-01-29T04:00:00.000,7,4,3
2018-01-29T05:00:00.000,34,22,12
2018-01-29T06:00:00.000,94,58,36
2018-01-29T07:00:00.000,195,110,85
2018-01-29T08:00:00.000,349,198,151
2018-01-29T09:00:00.000,167,94,73
2018-01-29T10:00:00.000,52,29,23
2018-01-29T11:00:00.000,28,14,14
2018-01-29T12:00:00.000,31,12,19
2018-01-29T13:00:00.000,19,8,11
2018-01-29T14:00:00.000,29,13,16
2018-01-29T15:00:00.000,42,15,27
2018-01-29T16:00:00.000,119,26,93
2018-01-29T17:00:00.000,362,70,292
2018-01-29T18:00:00.000,232,43,189
2018-01-29T19:00:00.000,103,26,77
2018-01-29T20:00:00.000,39,12,27
2018-01-29T21:00:00.000,25,11,14
2018-01-29T22:00:00.000,18,6,12
2018-01-29T23:00:00.000,15,8,7
2018-01-30T00:00:00.000,6,1,5
2018-01-30T01:00:00.000,1,1,0
2018-01-30T02:00:00.000,2,1,1
2018-01-30T03:00:00.000,3,1,2
2018-01-30T04:00:00.000,9,6,3
2018-01-30T05:00:00.000,39,20,19
2018-01-30T06:00:00.000,130,72,58
2018-01-30T07:00:00.000,294,172,122
2018-01-30T08:00:00.000,406,213,193
2018-01-30T09:00:00.000,219,111,108
2018-01-30T10:00:00.000,80,37,43
2018-01-30T11:00:00.000,58,29,29
2018-01-30T12:00:00.000,53,23,30
2018-01-30T13:00:00.000,59,30,29
2018-01-30T14:00:00.000,68,21,47
2018-01-30T15:00:00.000,128,60,68
2018-01-30T16:00:00.000,271,85,186
2018-01-30T17:00:00.000,495,107,388
2018-01-30T18:00:00.000,292,85,207
2018-01-30T19:00:00.000,120,32,88
2018-01-30T20:00:00.000,62,20,42
2018-01-30T21:00:00.000,50,20,30
2018-01-30T22:00:00.000,23,10,13
2018-01-30T23:00:00.000,10,5,5
2018-01-31T00:00:00.000,14,7,7
2018-01-31T01:00:00.000,2,0,2
2018-01-31T02:00:00.000,2,0,2
2018-01-31T03:00:00.000,4,1,3
2018-01-31T04:00:00.000,9,4,5
2018-01-31T05:00:00.000,36,19,17
2018-01-31T06:00:00.000,115,61,54
2018-01-31T07:00:00.000,270,144,126
2018-01-31T08:00:00.000,381,196,185
2018-01-31T09:00:00.000,199,99,100
2018-01-31T10:00:00.000,65,24,41
2018-01-31T11:00:00.000,53,24,29
2018-01-31T12:00:00.000,42,19,23
2018-01-31T13:00:00.000,51,26,25
2018-01-31T14:00:00.000,77,36,41
2018-01-31T15:00:00.000,78,31,47
2018-01-31T16:00:00.000,209,60,149
2018-01-31T17:00:00.000,412,88,324
2018-01-31T18:00:00.000,263,65,198
2018-01-31T19:00:00.000,113,36,77
2018-01-31T20:00:00.000,69,24,45
2018-01-31T21:00:00.000,37,15,22
2018-01-31T22:00:00.000,29,12,17
2018-01-31T23:00:00.000,6,2,4
2018-02-01T00:00:00.000,8,2,6
2018-02-01T01:00:00.000,3,2,1
2018-02-01T02:00:00.000,0,0,0
2018-02-01T03:00:00.000,6,3,3
2018-02-01T04:00:00.000,8,5,3
2018-02-01T05:00:00.000,36,21,15
2018-02-01T06:00:00.000,102,61,41
2018-02-01T07:00:00.000,233,124,109
2018-02-01T08:00:00.000,359,172,187
2018-02-01T09:00:00.000,196,98,98
2018-02-01T10:00:00.000,79,37,42
2018-02-01T11:00:00.000,45,19,26
2018-02-01T12:00:00.000,43,17,26
2018-02-01T13:00:00.000,43,20,23
2018-02-01T14:00:00.000,37,17,20
2018-02-01T15:00:00.000,68,23,45
2018-02-01T16:00:00.000,154,44,110
2018-02-01T17:00:00.000,390,71,319
2018-02-01T18:00:00.000,216,52,164
2018-02-01T19:00:00.000,99,18,81
2018-02-01T20:00:00.000,47,14,33
2018-02-01T21:00:00.000,25,10,15
2018-02-01T22:00:00.000,21,10,11
2018-02-01T23:00:00.000,9,4,5
2018-02-02T00:00:00.000,5,1,4
2018-02-02T01:00:00.000,1,0,1
2018-02-02T02:00:00.000,2,0,2
2018-02-02T03:00:00.000,6,2,4
2018-02-02T04:00:00.000,9,3,6
2018-02-02T05:00:00.000,33,19,14
2018-02-02T06:00:00.000,76,37,39
2018-02-02T07:00:00.000,216,124,92
2018-02-02T08:00:00.000,292,167,125
2018-02-02T09:00:00.000,148,69,79
2018-02-02T10:00:00.000,39,21,18
2018-02-02T11:00:00.000,54,30,24
2018-02-02T12:00:00.000,43,23,20
2018-02-02T13:00:00.000,84,39,45
2018-02-02T14:00:00.000,56,18,38
2018-02-02T15:00:00.000,110,47,63
2018-02-02T16:00:00.000,186,50,136
2018-02-02T17:00:00.000,371,96,275
2018-02-02T18:00:00.000,213,54,159
2018-02-02T19:00:00.000,71,24,47
2018-02-02T20:00:00.000,46,16,30
2018-02-02T21:00:00.000,32,14,18
2018-02-02T22:00:00.000,15,6,9
2018-02-02T23:00:00.000,20,12,8
2018-02-03T00:00:00.000,18,9,9
2018-02-03T01:00:00.000,11,10,1
2018-02-03T02:00:00.000,5,2,3
2018-02-03T03:00:00.000,3,0,3
2018-02-03T04:00:00.000,5,3,2
2018-02-03T05:00:00.000,4,2,2
2018-02-03T06:00:00.000,11,6,5
2018-02-03T07:00:00.000,21,8,13
2018-02-03T08:00:00.000,51,19,32
2018-02-03T09:00:00.000,52,25,27
2018-02-03T10:00:00.000,49,33,16
2018-02-03T11:00:00.000,71,35,36
2018-02-03T12:00:00.000,66,36,30
2018-02-03T13:00:00.000,73,36,37
2018-02-03T14:00:00.000,56,27,29
2018-02-03T15:00:00.000,53,22,31
2018-02-03T16:00:00.000,37,21,16
2018-02-03T17:00:00.000,41,14,27
2018-02-03T18:00:00.000,17,11,6
2018-02-03T19:00:00.000,15,9,6
2018-02-03T20:00:00.000,9,4,5
2018-02-03T21:00:00.000,12,5,7
2018-02-03T22:00:00.000,5,3,2
2018-02-03T23:00:00.000,11,4,7
2018-02-04T00:00:00.000,10,6,4
2018-02-04T01:00:00.000,4,1,3
2018-02-04T02:00:00.000,6,3,3
2018-02-04T03:00:00.000,0,0,0
2018-02-04T04:00:00.000,2,1,1
2018-02-04T05:00:00.000,5,4,1
2018-02-04T06:00:00.000,12,4,8
2018-02-04T07:00:00.000,8,5,3
2018-02-04T08:00:00.000,26,14,12
2018-02-04T09:00:00.000,42,23,19
2018-02-04T10:00:00.000,41,21,20
2018-02-04T11:00:00.000,62,33,29
2018-02-04T12:00:00.000,77,45,32
2018-02-04T13:00:00.000,112,64,48
2018-02-04T14:00:00.000,133,69,64
2018-02-04T15:00:00.000,150,66,84
2018-02-04T16:00:00.000,80,45,35
2018-02-04T17:00:00.000,45,27,18
2018-02-04T18:00:00.000,33,18,15
2018-02-04T19:00:00.000,27,11,16
2018-02-04T20:00:00.000,30,12,18
2018-02-04T21:00:00.000,15,9,6
2018-02-04T22:00:00.000,14,12,2
2018-02-04T23:00:00.000,4,2,2
2018-02-05T00:00:00.000,3,1,2
2018-02-05T01:00:00.000,2,0,2
2018-02-05T02:00:00.000,2,0,2
2018-02-05T03:00:00.000,0,0,0
2018-02-05T04:00:00.000,13,5,8
2018-02-05T05:00:00.000,42,26,16
2018-02-05T06:00:00.000,103,59,44
2018-02-05T07:00:00.000,293,159,134
2018-02-05T08:00:00.000,453,245,208
2018-02-05T09:00:00.000,218,96,122
2018-02-05T10:00:00.000,75,40,35
2018-02-05T11:00:00.000,50,22,28
2018-02-05T12:00:00.000,42,16,26
2018-02-05T13:00:00.000,50,24,26
2018-02-05T14:00:00.000,45,16,29
2018-02-05T15:00:00.000,94,39,55
2018-02-05T16:00:00.000,218,66,152
2018-02-05T17:00:00.000,502,102,400
2018-02-05T18:00:00.000,312,71,241
2018-02-05T19:00:00.000,122,30,92
2018-02-05T20:00:00.000,65,17,48
2018-02-05T21:00:00.000,35,13,22
2018-02-05T22:00:00.000,18,4,14
2018-02-05T23:00:00.000,10,4,6
2018-02-06T00:00:00.000,5,3,2
2018-02-06T01:00:00.000,6,5,1
2018-02-06T02:00:00.000,4,3,1
2018-02-06T03:00:00.000,2,1,1
2018-02-06T04:00:00.000,8,4,4
2018-02-06T05:00:00.000,37,17,20
2018-02-06T06:00:00.000,117,68,49
2018-02-06T07:00:00.000,322,176,146
2018-02-06T08:00:00.000,430,228,202
2018-02-06T09:00:00.000,200,92,108
2018-02-06T10:00:00.000,83,38,45
2018-02-06T11:00:00.000,52,23,29
2018-02-06T12:00:00.000,48,17,31
2018-02-06T13:00:00.000,65,28,37
2018-02-06T14:00:00.000,66,31,35
2018-02-06T15:00:00.000,97,40,57
2018-02-06T16:00:00.000,245,66,179
2018-02-06T17:00:00.000,455,89,366
2018-02-06T18:00:00.000,320,78,242
2018-02-06T19:00:00.000,119,43,76
2018-02-06T20:00:00.000,64,15,49
2018-02-06T21:00:00.000,47,17,30
2018-02-06T22:00:00.000,28,11,17
2018-02-06T23:00:00.000,10,2,8
2018-02-07T00:00:00.000,2,1,1
2018-02-07T01:00:00.000,0,0,0
2018-02-07T02:00:00.000,0,0,0
2018-02-07T03:00:00.000,4,2,2
2018-02-07T04:00:00.000,9,5,4
2018-02-07T05:00:00.000,35,20,15
2018-02-07T06:00:00.000,121,74,47
2018-02-07T07:00:00.000,302,155,147
2018-02-07T08:00:00.000,434,237,197
2018-02-07T09:00:00.000,219,97,122
2018-02-07T10:00:00.000,75,31,44
2018-02-07T11:00:00.000,69,41,28
2018-02-07T12:00:00.000,53,24,29
2018-02-07T13:00:00.000,67,39,28
2018-02-07T14:00:00.000,58,28,30
2018-02-07T15:00:00.000,110,47,63
2018-02-07T16:00:00.000,252,75,177
2018-02-07T17:00:00.000,420,94,326
2018-02-07T18:00:00.000,310,81,229
2018-02-07T19:00:00.000,129,50,79
2018-02-07T20:00:00.000,65,19,46
2018-02-07T21:00:00.000,48,19,29
2018-02-07T22:00:00.000,24,10,14
2018-02-07T23:00:00.000,12,3,9
2018-02-08T00:00:00.000,6,3,3
2018-02-08T01:00:00.000,4,2,2
2018-02-08T02:00:00.000,1,1,0
2018-02-08T03:00:00.000,2,1,1
2018-02-08T04:00:00.000,9,5,4
2018-02-08T05:00:00.000,32,20,12
2018-02-08T06:00:00.000,102,56,46
2018-02-08T07:00:00.000,266,156,110
2018-02-08T08:00:00.000,407,204,203
2018-02-08T09:00:00.000,219,112,107
2018-02-08T10:00:00.000,86,44,42
2018-02-08T11:00:00.000,59,21,38
2018-02-08T12:00:00.000,66,24,42
2018-02-08T13:00:00.000,62,27,35
2018-02-08T14:00:00.000,52,22,30
2018-02-08T15:00:00.000,87,37,50
2018-02-08T16:00:00.000,207,55,152
2018-02-08T17:00:00.000,371,88,283
2018-02-08T18:00:00.000,268,77,191
2018-02-08T19:00:00.000,98,28,70
2018-02-08T20:00:00.000,80,43,37
2018-02-08T21:00:00.000,44,17,27
2018-02-08T22:00:00.000,15,6,9
2018-02-08T23:00:00.000,10,2,8
2018-02-09T00:00:00.000,10,3,7
2018-02-09T01:00:00.000,0,0,0
2018-02-09T02:00:00.000,4,0,4
2018-02-09T03:00:00.000,4,2,2
2018-02-09T04:00:00.000,11,6,5
2018-02-09T05:00:00.000,28,11,17
2018-02-09T06:00:00.000,85,44,41
2018-02-09T07:00:00.000,213,118,95
2018-02-09T08:00:00.000,349,185,164
2018-02-09T09:00:00.000,187,83,104
2018-02-09T10:00:00.000,77,33,44
2018-02-09T11:00:00.000,54,23,31
2018-02-09T12:00:00.000,67,28,39
2018-02-09T13:00:00.000,78,41,37
2018-02-09T14:00:00.000,73,31,42
2018-02-09T15:00:00.000,138,51,87
2018-02-09T16:00:00.000,251,71,180
2018-02-09T17:00:00.000,374,87,287
2018-02-09T18:00:00.000,222,56,166
2018-02-09T19:00:00.000,84,38,46
2018-02-09T20:00:00.000,43,11,32
2018-02-09T21:00:00.000,31,11,20
2018-02-09T22:00:00.000,24,9,15
2018-02-09T23:00:00.000,17,7,10
2018-02-10T00:00:00.000,13,1,12
2018-02-10T01:00:00.000,1,1,0
2018-02-10T02:00:00.000,5,3,2
2018-02-10T03:00:00.000,2,0,2
2018-02-10T04:00:00.000,5,3,2
2018-02-10T05:00:00.000,4,1,3
2018-02-10T06:00:00.000,24,15,9
2018-02-10T07:00:00.000,29,15,14
2018-02-10T08:00:00.000,54,24,30
2018-02-10T09:00:00.000,68,38,30
2018-02-10T10:00:00.000,88,49,39
2018-02-10T11:00:00.000,141,67,74
2018-02-10T12:00:00.000,129,63,66
2018-02-10T13:00:00.000,182,111,71
2018-02-10T14:00:00.000,190,92,98
2018-02-10T15:00:00.000,174,89,85
2018-02-10T16:00:00.000,154,89,65
2018-02-10T17:00:00.000,89,45,44
2018-02-10T18:00:00.000,48,19,29
2018-02-10T19:00:00.000,37,17,20
2018-02-10T20:00:00.000,12,6,6
2018-02-10T21:00:00.000,24,16,8
2018-02-10T22:00:00.000,8,4,4
2018-02-10T23:00:00.000,14,5,9
2018-02-11T00:00:00.000,12,4,8
2018-02-11T01:00:00.000,6,4,2
2018-02-11T02:00:00.000,3,0,3
2018-02-11T03:00:00.000,1,1,0
2018-02-11T04:00:00.000,1,0,1
2018-02-11T05:00:00.000,2,2,0
2018-02-11T06:00:00.000,10,4,6
2018-02-11T07:00:00.000,18,10,8
2018-02-11T08:00:00.000,40,21,19
2018-02-11T09:00:00.000,50,25,25
2018-02-11T10:00:00.000,44,25,19
2018-02-11T11:00:00.000,109,50,59
2018-02-11T12:00:00.000,115,62,53
2018-02-11T13:00:00.000,140,71,69
2018-02-11T14:00:00.000,120,51,69
2018-02-11T15:00:00.000,124,69,55
2018-02-11T16:00:00.000,127,56,71
2018-02-11T17:00:00.000,80,41,39
2018-02-11T18:00:00.000,29,13,16
2018-02-11T19:00:00.000,18,9,9
2018-02-11T20:00:00.000,7,2,5
2018-02-11T21:00:00.000,12,8,4
2018-02-11T22:00:00.000,7,3,4
2018-02-11T23:00:00.000,13,7,6
2018-02-12T00:00:00.000,8,3,5
2018-02-12T01:00:00.000,2,1,1
2018-02-12T02:00:00.000,3,2,1
2018-02-12T03:00:00.000,1,1,0
2018-02-12T04:00:00.000,10,6,4
2018-02-12T05:00:00.000,34,18,16
2018-02-12T06:00:00.000,114,68,46
2018-02-12T07:00:00.000,284,154,130
2018-02-12T08:00:00.000,468,241,227
2018-02-12T09:00:00.000,252,120,132
2018-02-12T10:00:00.000,75,34,41
2018-02-12T11:00:00.000,62,32,30
2018-02-12T12:00:00.000,76,44,32
2018-02-12T13:00:00.000,65,34,31
2018-02-12T14:00:00.000,79,39,40
2018-02-12T15:00:00.000,120,58,62
2018-02-12T16:00:00.000,266,72,194
2018-02-12T17:00:00.000,499,118,381
2018-02-12T18:00:00.000,319,85,234
2018-02-12T19:00:00.000,139,37,102
2018-02-12T20:00:00.000,61,16,45
2018-02-12T21:00:00.000,37,12,25
2018-02-12T22:00:00.000,30,10,20
2018-02-12T23:00:00.000,7,4,3
2018-02-13T00:00:00.000,3,1,2
2018-02-13T01:00:00.000,2,2,0
2018-02-13T02:00:00.000,1,0,1
2018-02-13T03:00:00.000,3,2,1
2018-02-13T04:00:00.000,9,5,4
2018-02-13T05:00:00.000,27,13,14
2018-02-13T06:00:00.000,97,60,37
2018-02-13T07:00:00.000,280,141,139
2018-02-13T08:00:00.000,416,229,187
2018-02-13T09:00:00.000,224,99,125
2018-02-13T10:00:00.000,69,28,41
2018-02-13T11:00:00.000,61,25,36
2018-02-13T12:00:00.000,50,22,28
2018-02-13T13:00:00.000,74,38,36
2018-02-13T14:00:00.000,81,44,37
2018-02-13T15:00:00.000,110,37,73
2018-02-13T16:00:00.000,250,75,175
2018-02-13T17:00:00.000,471,91,380
2018-02-13T18:00:00.000,293,77,216
2018-02-13T19:00:00.000,133,33,100
2018-02-13T20:00:00.000,55,21,34
2018-02-13T21:00:00.000,45,13,32
2018-02-13T22:00:00.000,24,9,15
2018-02-13T23:00:00.000,4,1,3
2018-02-14T00:00:00.000,2,2,0
2018-02-14T01:00:00.000,5,2,3
2018-02-14T02:00:00.000,0,0,0
2018-02-14T03:00:00.000,1,0,1
2018-02-14T04:00:00.000,8,4,4
2018-02-14T05:00:00.000,39,17,22
2018-02-14T06:00:00.000,108,68,40
2018-02-14T07:00:00.000,227,128,99
2018-02-14T08:00:00.000,363,195,168
2018-02-14T09:00:00.000,184,93,91
2018-02-14T10:00:00.000,59,33,26
2018-02-14T11:00:00.000,31,16,15
2018-02-14T12:00:00.000,33,19,14
2018-02-14T13:00:00.000,52,27,25
2018-02-14T14:00:00.000,64,28,36
2018-02-14T15:00:00.000,70,28,42
2018-02-14T16:00:00.000,209,64,145
2018-02-14T17:00:00.000,433,90,343
2018-02-14T18:00:00.000,200,54,146
2018-02-14T19:00:00.000,87,30,57
2018-02-14T20:00:00.000,52,29,23
2018-02-14T21:00:00.000,31,13,18
2018-02-14T22:00:00.000,9,3,6
2018-02-14T23:00:00.000,13,7,6
2018-02-15T00:00:00.000,5,1,4
2018-02-15T01:00:00.000,3,1,2
2018-02-15T02:00:00.000,2,0,2
2018-02-15T03:00:00.000,3,1,2
2018-02-15T04:00:00.000,13,9,4
2018-02-15T05:00:00.000,30,16,14
2018-02-15T06:00:00.000,95,59,36
2018-02-15T07:00:00.000,269,139,130
2018-02-15T08:00:00.000,416,227,189
2018-02-15T09:00:00.000,193,99,94
2018-02-15T10:00:00.000,74,32,42
2018-02-15T11:00:00.000,70,34,36
2018-02-15T12:00:00.000,59,27,32
2018-02-15T13:00:00.000,66,31,35
2018-02-15T14:00:00.000,62,28,34
2018-02-15T15:00:00.000,106,44,62
2018-02-15T16:00:00.000,243,68,175
2018-02-15T17:00:00.000,419,95,324
2018-02-15T18:00:00.000,263,75,188
2018-02-15T19:00:00.000,115,38,77
2018-02-15T20:00:00.000,58,18,40
2018-02-15T21:00:00.000,47,16,31
2018-02-15T22:00:00.000,21,8,13
2018-02-15T23:00:00.000,12,6,6
2018-02-16T00:00:00.000,7,1,6
2018-02-16T01:00:00.000,3,1,2
2018-02-16T02:00:00.000,3,0,3
2018-02-16T03:00:00.000,3,1,2
2018-02-16T04:00:00.000,7,2,5
2018-02-16T05:00:00.000,21,13,8
2018-02-16T06:00:00.000,57,32,25
2018-02-16T07:00:00.000,189,107,82
2018-02-16T08:00:00.000,256,134,122
2018-02-16T09:00:00.000,150,74,76
2018-02-16T10:00:00.000,60,25,35
2018-02-16T11:00:00.000,42,22,20
2018-02-16T12:00:00.000,44,21,23
2018-02-16T13:00:00.000,38,14,24
2018-02-16T14:00:00.000,74,30,44
2018-02-16T15:00:00.000,78,27,51
2018-02-16T16:00:00.000,178,46,132
2018-02-16T17:00:00.000,312,75,237
2018-02-16T18:00:00.000,168,40,128
2018-02-16T19:00:00.000,63,16,47
2018-02-16T20:00:00.000,50,19,31
2018-02-16T21:00:00.000,22,10,12
2018-02-16T22:00:00.000,23,10,13
2018-02-16T23:00:00.000,12,6,6
2018-02-17T00:00:00.000,12,7,5
2018-02-17T01:00:00.000,6,5,1
2018-02-17T02:00:00.000,6,3,3
2018-02-17T03:00:00.000,1,1,0
2018-02-17T04:00:00.000,3,2,1
2018-02-17T05:00:00.000,3,0,3
2018-02-17T06:00:00.000,4,0,4
2018-02-17T07:00:00.000,8,3,5
2018-02-17T08:00:00.000,35,19,16
2018-02-17T09:00:00.000,22,10,12
2018-02-17T10:00:00.000,24,15,9
2018-02-17T11:00:00.000,38,21,17
2018-02-17T12:00:00.000,56,29,27
2018-02-17T13:00:00.000,78,37,41
2018-02-17T14:00:00.000,91,40,51
2018-02-17T15:00:00.000,107,53,54
2018-02-17T16:00:00.000,82,43,39
2018-02-17T17:00:00.000,72,38,34
2018-02-17T18:00:00.000,38,17,21
2018-02-17T19:00:00.000,21,12,9
2018-02-17T20:00:00.000,18,7,11
2018-02-17T21:00:00.000,16,8,8
2018-02-17T22:00:00.000,21,7,14
2018-02-17T23:00:00.000,6,4,2
2018-02-18T00:00:00.000,12,5,7
2018-02-18T01:00:00.000,5,0,5
2018-02-18T02:00:00.000,5,1,4
2018-02-18T03:00:00.000,3,3,0
2018-02-18T04:00:00.000,1,0,1
2018-02-18T05:00:00.000,4,4,0
2018-02-18T06:00:00.000,5,1,4
2018-02-18T07:00:00.000,6,2,4
2018-02-18T08:00:00.000,20,10,10
2018-02-18T09:00:00.000,28,14,14
2018-02-18T10:00:00.000,29,18,11
2018-02-18T11:00:00.000,39,13,26
2018-02-18T12:00:00.000,43,18,25
2018-02-18T13:00:00.000,19,11,8
2018-02-18T14:00:00.000,32,12,20
2018-02-18T15:00:00.000,42,23,19
2018-02-18T16:00:00.000,46,21,25
2018-02-18T17:00:00.000,24,8,16
2018-02-18T18:00:00.000,23,12,11
2018-02-18T19:00:00.000,13,7,6
2018-02-18T20:00:00.000,8,5,3
2018-02-18T21:00:00.000,7,3,4
2018-02-18T22:00:00.000,6,4,2
2018-02-18T23:00:00.000,6,3,3
2018-02-19T00:00:00.000,5,5,0
2018-02-19T01:00:00.000,3,1,2
2018-02-19T02:00:00.000,1,0,1
2018-02-19T03:00:00.000,0,0,0
2018-02-19T04:00:00.000,5,2,3
2018-02-19T05:00:00.000,16,12,4
2018-02-19T06:00:00.000,25,11,14
2018-02-19T07:00:00.000,73,34,39
2018-02-19T08:00:00.000,115,54,61
2018-02-19T09:00:00.000,99,47,52
2018-02-19T10:00:00.000,50,22,28
2018-02-19T11:00:00.000,50,21,29
2018-02-19T12:00:00.000,53,21,32
2018-02-19T13:00:00.000,73,33,40
2018-02-19T14:00:00.000,78,32,46
2018-02-19T15:00:00.000,86,38,48
2018-02-19T16:00:00.000,97,36,61
2018-02-19T17:00:00.000,186,44,142
2018-02-19T18:00:00.000,101,20,81
2018-02-19T19:00:00.000,36,8,28
2018-02-19T20:00:00.000,25,9,16
2018-02-19T21:00:00.000,9,1,8
2018-02-19T22:00:00.000,15,4,11
2018-02-19T23:00:00.000,5,3,2
2018-02-20T00:00:00.000,7,3,4
2018-02-20T01:00:00.000,6,3,3
2018-02-20T02:00:00.000,1,0,1
2018-02-20T03:00:00.000,2,1,1
2018-02-20T04:00:00.000,8,5,3
2018-02-20T05:00:00.000,24,14,10
2018-02-20T06:00:00.000,69,39,30
2018-02-20T07:00:00.000,186,103,83
2018-02-20T08:00:00.000,268,128,140
2018-02-20T09:00:00.000,154,73,81
2018-02-20T10:00:00.000,66,26,40
2018-02-20T11:00:00.000,37,15,22
2018-02-20T12:00:00.000,33,13,20
2018-02-20T13:00:00.000,36,13,23
2018-02-20T14:00:00.000,46,22,24
2018-02-20T15:00:00.000,62,22,40
2018-02-20T16:00:00.000,149,44,105
2018-02-20T17:00:00.000,316,78,238
2018-02-20T18:00:00.000,216,58,158
2018-02-20T19:00:00.000,107,33,74
2018-02-20T20:00:00.000,34,12,22
2018-02-20T21:00:00.000,25,6,19
2018-02-20T22:00:00.000,22,11,11
2018-02-20T23:00:00.000,11,6,5
2018-02-21T00:00:00.000,6,1,5
2018-02-21T01:00:00.000,4,3,1
2018-02-21T02:00:00.000,4,2,2
2018-02-21T03:00:00.000,2,1,1
2018-02-21T04:00:00.000,7,4,3
2018-02-21T05:00:00.000,32,20,12
2018-02-21T06:00:00.000,63,34,29
2018-02-21T07:00:00.000,179,83,96
2018-02-21T08:00:00.000,286,137,149
2018-02-21T09:00:00.000,159,82,77
2018-02-21T10:00:00.000,65,27,38
2018-02-21T11:00:00.000,42,22,20
2018-02-21T12:00:00.000,39,20,19
2018-02-21T13:00:00.000,34,15,19
2018-02-21T14:00:00.000,42,18,24
2018-02-21T15:00:00.000,83,31,52
2018-02-21T16:00:00.000,134,49,85
2018-02-21T17:00:00.000,295,61,234
2018-02-21T18:00:00.000,187,48,139
2018-02-21T19:00:00.000,75,18,57
2018-02-21T20:00:00.000,45,12,33
2018-02-21T21:00:00.000,22,11,11
2018-02-21T22:00:00.000,12,4,8
2018-02-21T23:00:00.000,5,3,2
2018-02-22T00:00:00.000,4,0,4
2018-02-22T01:00:00.000,4,1,3
2018-02-22T02:00:00.000,1,0,1
2018-02-22T03:00:00.000,3,2,1
2018-02-22T04:00:00.000,7,4,3
2018-02-22T05:00:00.000,13,6,7
2018-02-22T06:00:00.000,35,15,20
2018-02-22T07:00:00.000,65,29,36
2018-02-22T08:00:00.000,113,50,63
2018-02-22T09:00:00.000,86,42,44
2018-02-22T10:00:00.000,48,15,33
2018-02-22T11:00:00.000,32,16,16
2018-02-22T12:00:00.000,31,9,22
2018-02-22T13:00:00.000,30,11,19
2018-02-22T14:00:00.000,30,16,14
2018-02-22T15:00:00.000,41,16,25
2018-02-22T16:00:00.000,80,24,56
2018-02-22T17:00:00.000,160,38,122
2018-02-22T18:00:00.000,107,24,83
2018-02-22T19:00:00.000,48,17,31
2018-02-22T20:00:00.000,23,7,16
2018-02-22T21:00:00.000,29,10,19
2018-02-22T22:00:00.000,22,15,7
2018-02-22T23:00:00.000,10,6,4
2018-02-23T00:00:00.000,4,2,2
2018-02-23T01:00:00.000,1,1,0
2018-02-23T02:00:00.000,2,1,1
2018-02-23T03:00:00.000,3,2,1
2018-02-23T04:00:00.000,5,1,4
2018-02-23T05:00:00.000,11,6,5
2018-02-23T06:00:00.000,36,16,20
2018-02-23T07:00:00.000,100,57,43
2018-02-23T08:00:00.000,159,84,75
2018-02-23T09:00:00.000,107,47,60
2018-02-23T10:00:00.000,39,17,22
2018-02-23T11:00:00.000,26,10,16
2018-02-23T12:00:00.000,24,8,16
2018-02-23T13:00:00.000,25,10,15
2018-02-23T14:00:00.000,35,12,23
2018-02-23T15:00:00.000,61,13,48
2018-02-23T16:00:00.000,118,38,80
2018-02-23T17:00:00.000,170,40,130
2018-02-23T18:00:00.000,91,22,69
2018-02-23T19:00:00.000,37,10,27
2018-02-23T20:00:00.000,25,8,17
2018-02-23T21:00:00.000,23,8,15
2018-02-23T22:00:00.000,10,4,6
2018-02-23T23:00:00.000,14,7,7
2018-02-24T00:00:00.000,5,2,3
2018-02-24T01:00:00.000,2,1,1
2018-02-24T02:00:00.000,3,0,3
2018-02-24T03:00:00.000,5,1,4
2018-02-24T04:00:00.000,6,4,2
2018-02-24T05:00:00.000,3,1,2
2018-02-24T06:00:00.000,4,3,1
2018-02-24T07:00:00.000,9,4,5
2018-02-24T08:00:00.000,22,11,11
2018-02-24T09:00:00.000,28,13,15
2018-02-24T10:00:00.000,25,15,10
2018-02-24T11:00:00.000,36,21,15
2018-02-24T12:00:00.000,63,39,24
2018-02-24T13:00:00.000,87,42,45
2018-02-24T14:00:00.000,63,38,25
2018-02-24T15:00:00.000,84,32,52
2018-02-24T16:00:00.000,75,38,37
2018-02-24T17:00:00.000,57,26,31
2018-02-24T18:00:00.000,36,21,15
2018-02-24T19:00:00.000,18,8,10
2018-02-24T20:00:00.000,19,5,14
2018-02-24T21:00:00.000,9,4,5
2018-02-24T22:00:00.000,20,7,13
2018-02-24T23:00:00.000,7,0,7
2018-02-25T00:00:00.000,5,1,4
2018-02-25T01:00:00.000,8,4,4
2018-02-25T02:00:00.000,2,1,1
2018-02-25T03:00:00.000,1,0,1
2018-02-25T04:00:00.000,4,0,4
2018-02-25T05:00:00.000,2,1,1
2018-02-25T06:00:00.000,15,2,13
2018-02-25T07:00:00.000,47,31,16
2018-02-25T08:00:00.000,51,40,11
2018-02-25T09:00:00.000,34,23,11
2018-02-25T10:00:00.000,36,17,19
2018-02-25T11:00:00.000,41,20,21
2018-02-25T12:00:00.000,57,23,34
2018-02-25T13:00:00.000,66,28,38
2018-02-25T14:00:00.000,86,48,38
2018-02-25T15:00:00.000,62,33,29
2018-02-25T16:00:00.000,77,37,40
2018-02-25T17:00:00.000,29,8,21
2018-02-25T18:00:00.000,19,11,8
2018-02-25T19:00:00.000,20,5,15
2018-02-25T20:00:00.000,7,3,4
2018-02-25T21:00:00.000,17,13,4
2018-02-25T22:00:00.000,8,1,7
2018-02-25T23:00:00.000,4,2,2
2018-02-26T00:00:00.000,2,1,1
2018-02-26T01:00:00.000,3,0,3
2018-02-26T02:00:00.000,0,0,0
2018-02-26T03:00:00.000,5,3,2
2018-02-26T04:00:00.000,11,7,4
2018-02-26T05:00:00.000,22,15,7
2018-02-26T06:00:00.000,82,43,39
2018-02-26T07:00:00.000,205,118,87
2018-02-26T08:00:00.000,307,159,148
2018-02-26T09:00:00.000,180,81,99
2018-02-26T10:00:00.000,68,35,33
2018-02-26T11:00:00.000,41,16,25
2018-02-26T12:00:00.000,40,16,24
2018-02-26T13:00:00.000,59,25,34
2018-02-26T14:00:00.000,72,33,39
2018-02-26T15:00:00.000,99,43,56
2018-02-26T16:00:00.000,203,68,135
2018-02-26T17:00:00.000,377,99,278
2018-02-26T18:00:00.000,265,69,196
2018-02-26T19:00:00.000,118,31,87
2018-02-26T20:00:00.000,49,19,30
2018-02-26T21:00:00.000,37,11,26
2018-02-26T22:00:00.000,23,9,14
2018-02-26T23:00:00.000,10,3,7
2018-02-27T00:00:00.000,7,2,5
2018-02-27T01:00:00.000,1,1,0
2018-02-27T02:00:00.000,2,0,2
2018-02-27T03:00:00.000,3,3,0
2018-02-27T04:00:00.000,7,2,5
2018-02-27T05:00:00.000,26,14,12
2018-02-27T06:00:00.000,93,52,41
2018-02-27T07:00:00.000,258,149,109
2018-02-27T08:00:00.000,367,214,153
2018-02-27T09:00:00.000,189,92,97
2018-02-27T10:00:00.000,64,26,38
2018-02-27T11:00:00.000,43,15,28
2018-02-27T12:00:00.000,42,25,17
2018-02-27T13:00:00.000,49,17,32
2018-02-27T14:00:00.000,50,20,30
2018-02-27T15:00:00.000,82,30,52
2018-02-27T16:00:00.000,173,49,124
2018-02-27T17:00:00.000,339,69,270
2018-02-27T18:00:00.000,255,63,192
2018-02-27T19:00:00.000,83,21,62
2018-02-27T20:00:00.000,48,16,32
2018-02-27T21:00:00.000,33,10,23
2018-02-27T22:00:00.000,22,12,10
2018-02-27T23:00:00.000,11,4,7
2018-02-28T00:00:00.000,4,0,4
2018-02-28T01:00:00.000,1,0,1
2018-02-28T02:00:00.000,0,0,0
2018-02-28T03:00:00.000,4,2,2
2018-02-28T04:00:00.000,8,3,5
2018-02-28T05:00:00.000,25,11,14
2018-02-28T06:00:00.000,89,45,44
2018-02-28T07:00:00.000,240,123,117
2018-02-28T08:00:00.000,329,178,151
2018-02-28T09:00:00.000,179,86,93
2018-02-28T10:00:00.000,68,23,45
2018-02-28T11:00:00.000,40,15,25
2018-02-28T12:00:00.000,16,7,9
2018-02-28T13:00:00.000,35,14,21
2018-02-28T14:00:00.000,43,19,24
2018-02-28T15:00:00.000,50,15,35
2018-02-28T16:00:00.000,149,38,111
2018-02-28T17:00:00.000,334,78,256
2018-02-28T18:00:00.000,192,46,146
2018-02-28T19:00:00.000,77,17,60
2018-02-28T20:00:00.000,35,7,28
2018-02-28T21:00:00.000,32,14,18
2018-02-28T22:00:00.000,13,2,11
2018-02-28T23:00:00.000,9,3,6
2018-03-01T00:00:00.000,4,0,4
2018-03-01T01:00:00.000,2,0,2
2018-03-01T02:00:00.000,4,1,3
2018-03-01T03:00:00.000,1,1,0
2018-03-01T04:00:00.000,13,6,7
2018-03-01T05:00:00.000,33,17,16
2018-03-01T06:00:00.000,95,51,44
2018-03-01T07:00:00.000,275,139,136
2018-03-01T08:00:00.000,425,228,197
2018-03-01T09:00:00.000,197,80,117
2018-03-01T10:00:00.000,77,47,30
2018-03-01T11:00:00.000,69,34,35
2018-03-01T12:00:00.000,72,34,38
2018-03-01T13:00:00.000,72,34,38
2018-03-01T14:00:00.000,82,37,45
2018-03-01T15:00:00.000,137,52,85
2018-03-01T16:00:00.000,241,71,170
2018-03-01T17:00:00.000,492,114,378
2018-03-01T18:00:00.000,261,80,181
2018-03-01T19:00:00.000,127,41,86
2018-03-01T20:00:00.000,60,21,39
2018-03-01T21:00:00.000,35,14,21
2018-03-01T22:00:00.000,27,15,12
2018-03-01T23:00:00.000,9,4,5
2018-03-02T00:00:00.000,9,2,7
2018-03-02T01:00:00.000,2,1,1
2018-03-02T02:00:00.000,2,0,2
2018-03-02T03:00:00.000,4,2,2
2018-03-02T04:00:00.000,6,1,5
2018-03-02T05:00:00.000,22,15,7
2018-03-02T06:00:00.000,77,38,39
2018-03-02T07:00:00.000,212,108,104
2018-03-02T08:00:00.000,304,160,144
2018-03-02T09:00:00.000,192,87,105
2018-03-02T10:00:00.000,75,40,35
2018-03-02T11:00:00.000,64,32,32
2018-03-02T12:00:00.000,58,16,42
2018-03-02T13:00:00.000,65,33,32
2018-03-02T14:00:00.000,51,18,33
2018-03-02T15:00:00.000,112,39,73
2018-03-02T16:00:00.000,176,43,133
2018-03-02T17:00:00.000,378,93,285
2018-03-02T18:00:00.000,186,60,126
2018-03-02T19:00:00.000,83,16,67
2018-03-02T20:00:00.000,36,8,28
2018-03-02T21:00:00.000,34,10,24
2018-03-02T22:00:00.000,18,8,10
2018-03-02T23:00:00.000,15,5,10
2018-03-03T00:00:00.000,7,2,5
2018-03-03T01:00:00.000,5,3,2
2018-03-03T02:00:00.000,6,2,4
2018-03-03T03:00:00.000,2,2,0
2018-03-03T04:00:00.000,3,1,2
2018-03-03T05:00:00.000,5,4,1
2018-03-03T06:00:00.000,8,4,4
2018-03-03T07:00:00.000,26,13,13
2018-03-03T08:00:00.000,42,18,24
2018-03-03T09:00:00.000,65,29,36
2018-03-03T10:00:00.000,97,54,43
2018-03-03T11:00:00.000,107,64,43
2018-03-03T12:00:00.000,172,96,76
2018-03-03T13:00:00.000,174,87,87
2018-03-03T14:00:00.000,173,89,84
2018-03-03T15:00:00.000,226,128,98
2018-03-03T16:00:00.000,141,72,69
2018-03-03T17:00:00.000,93,44,49
2018-03-03T18:00:00.000,73,37,36
2018-03-03T19:00:00.000,13,6,7
2018-03-03T20:00:00.000,20,6,14
2018-03-03T21:00:00.000,16,6,10
2018-03-03T22:00:00.000,17,7,10
2018-03-03T23:00:00.000,17,4,13
2018-03-04T00:00:00.000,10,4,6
2018-03-04T01:00:00.000,9,4,5
2018-03-04T02:00:00.000,3,1,2
2018-03-04T03:00:00.000,4,3,1
2018-03-04T04:00:00.000,2,0,2
2018-03-04T05:00:00.000,5,4,1
2018-03-04T06:00:00.000,9,5,4
2018-03-04T07:00:00.000,18,12,6
2018-03-04T08:00:00.000,37,11,26
2018-03-04T09:00:00.000,42,17,25
2018-03-04T10:00:00.000,71,36,35
2018-03-04T11:00:00.000,99,50,49
2018-03-04T12:00:00.000,105,60,45
2018-03-04T13:00:00.000,89,46,43
2018-03-04T14:00:00.000,51,24,27
2018-03-04T15:00:00.000,47,26,21
2018-03-04T16:00:00.000,45,23,22
2018-03-04T17:00:00.000,43,24,19
2018-03-04T18:00:00.000,28,17,11
2018-03-04T19:00:00.000,23,7,16
2018-03-04T20:00:00.000,14,5,9
2018-03-04T21:00:00.000,13,5,8
2018-03-04T22:00:00.000,5,0,5
2018-03-04T23:00:00.000,5,2,3
2018-03-05T00:00:00.000,0,0,0
2018-03-05T01:00:00.000,3,1,2
2018-03-05T02:00:00.000,2,0,2
2018-03-05T03:00:00.000,2,0,2
2018-03-05T04:00:00.000,6,2,4
2018-03-05T05:00:00.000,38,17,21
2018-03-05T06:00:00.000,98,60,38
2018-03-05T07:00:00.000,306,164,142
2018-03-05T08:00:00.000,393,210,183
2018-03-05T09:00:00.000,245,113,132
2018-03-05T10:00:00.000,76,37,39
2018-03-05T11:00:00.000,52,30,22
2018-03-05T12:00:00.000,39,17,22
2018-03-05T13:00:00.000,69,37,32
2018-03-05T14:00:00.000,69,29,40
2018-03-05T15:00:00.000,78,30,48
2018-03-05T16:00:00.000,219,53,166
2018-03-05T17:00:00.000,493,117,376
2018-03-05T18:00:00.000,306,71,235
2018-03-05T19:00:00.000,118,31,87
2018-03-05T20:00:00.000,64,18,46
2018-03-05T21:00:00.000,38,15,23
2018-03-05T22:00:00.000,18,7,11
2018-03-05T23:00:00.000,10,4,6
2018-03-06T00:00:00.000,1,0,1
2018-03-06T01:00:00.000,4,2,2
2018-03-06T02:00:00.000,2,0,2
2018-03-06T03:00:00.000,1,1,0
2018-03-06T04:00:00.000,8,6,2
2018-03-06T05:00:00.000,33,17,16
2018-03-06T06:00:00.000,119,70,49
2018-03-06T07:00:00.000,361,192,169
2018-03-06T08:00:00.000,492,266,226
2018-03-06T09:00:00.000,241,109,132
2018-03-06T10:00:00.000,99,46,53
2018-03-06T11:00:00.000,70,31,39
2018-03-06T12:00:00.000,79,35,44
2018-03-06T13:00:00.000,114,57,57
2018-03-06T14:00:00.000,86,36,50
2018-03-06T15:00:00.000,166,80,86
2018-03-06T16:00:00.000,273,75,198
2018-03-06T17:00:00.000,556,112,444
2018-03-06T18:00:00.000,374,104,270
2018-03-06T19:00:00.000,134,37,97
2018-03-06T20:00:00.000,77,29,48
2018-03-06T21:00:00.000,36,19,17
2018-03-06T22:00:00.000,25,11,14
2018-03-06T23:00:00.000,15,6,9
2018-03-07T00:00:00.000,8,1,7
2018-03-07T01:00:00.000,2,0,2
2018-03-07T02:00:00.000,1,0,1
2018-03-07T03:00:00.000,2,1,1
2018-03-07T04:00:00.000,9,5,4
2018-03-07T05:00:00.000,30,16,14
2018-03-07T06:00:00.000,122,70,52
2018-03-07T07:00:00.000,298,157,141
2018-03-07T08:00:00.000,457,256,201
2018-03-07T09:00:00.000,242,109,133
2018-03-07T10:00:00.000,98,41,57
2018-03-07T11:00:00.000,65,32,33
2018-03-07T12:00:00.000,50,25,25
2018-03-07T13:00:00.000,72,33,39
2018-03-07T14:00:00.000,68,29,39
2018-03-07T15:00:00.000,111,41,70
2018-03-07T16:00:00.000,234,63,171
2018-03-07T17:00:00.000,478,117,361
2018-03-07T18:00:00.000,295,78,217
2018-03-07T19:00:00.000,152,43,109
2018-03-07T20:00:00.000,83,33,50
2018-03-07T21:00:00.000,57,21,36
2018-03-07T22:00:00.000,26,11,15
2018-03-07T23:00:00.000,13,4,9
2018-03-08T00:00:00.000,6,1,5
2018-03-08T01:00:00.000,2,1,1
2018-03-08T02:00:00.000,3,0,3
2018-03-08T03:00:00.000,3,1,2
2018-03-08T04:00:00.000,7,4,3
2018-03-08T05:00:00.000,30,18,12
2018-03-08T06:00:00.000,81,41,40
2018-03-08T07:00:00.000,180,97,83
2018-03-08T08:00:00.000,287,159,128
2018-03-08T09:00:00.000,151,72,79
2018-03-08T10:00:00.000,43,17,26
2018-03-08T11:00:00.000,24,16,8
2018-03-08T12:00:00.000,21,14,7
2018-03-08T13:00:00.000,21,13,8
2018-03-08T14:00:00.000,29,18,11
2018-03-08T15:00:00.000,52,18,34
2018-03-08T16:00:00.000,117,29,88
2018-03-08T17:00:00.000,291,63,228
2018-03-08T18:00:00.000,215,57,158
2018-03-08T19:00:00.000,91,28,63
2018-03-08T20:00:00.000,40,16,24
2018-03-08T21:00:00.000,20,10,10
2018-03-08T22:00:00.000,15,8,7
2018-03-08T23:00:00.000,8,2,6
2018-03-09T00:00:00.000,7,5,2
2018-03-09T01:00:00.000,8,3,5
2018-03-09T02:00:00.000,5,0,5
2018-03-09T03:00:00.000,5,3,2
2018-03-09T04:00:00.000,6,3,3
2018-03-09T05:00:00.000,30,18,12
2018-03-09T06:00:00.000,84,46,38
2018-03-09T07:00:00.000,243,141,102
2018-03-09T08:00:00.000,357,190,167
2018-03-09T09:00:00.000,208,109,99
2018-03-09T10:00:00.000,70,34,36
2018-03-09T11:00:00.000,56,20,36
2018-03-09T12:00:00.000,64,25,39
2018-03-09T13:00:00.000,69,30,39
2018-03-09T14:00:00.000,96,46,50
2018-03-09T15:00:00.000,151,52,99
2018-03-09T16:00:00.000,269,89,180
2018-03-09T17:00:00.000,407,84,323
2018-03-09T18:00:00.000,224,72,152
2018-03-09T19:00:00.000,90,23,67
2018-03-09T20:00:00.000,56,14,42
2018-03-09T21:00:00.000,41,15,26
2018-03-09T22:00:00.000,29,7,22
2018-03-09T23:00:00.000,23,9,14
2018-03-10T00:00:00.000,10,6,4
2018-03-10T01:00:00.000,4,3,1
2018-03-10T02:00:00.000,13,3,10
2018-03-10T03:00:00.000,4,2,2
2018-03-10T04:00:00.000,4,3,1
2018-03-10T05:00:00.000,5,3,2
2018-03-10T06:00:00.000,17,7,10
2018-03-10T07:00:00.000,30,14,16
2018-03-10T08:00:00.000,65,32,33
2018-03-10T09:00:00.000,91,35,56
2018-03-10T10:00:00.000,115,63,52
2018-03-10T11:00:00.000,139,68,71
2018-03-10T12:00:00.000,180,85,95
2018-03-10T13:00:00.000,209,116,93
2018-03-10T14:00:00.000,260,131,129
2018-03-10T15:00:00.000,201,99,102
2018-03-10T16:00:00.000,229,116,113
2018-03-10T17:00:00.000,130,65,65
2018-03-10T18:00:00.000,89,53,36
2018-03-10T19:00:00.000,50,30,20
2018-03-10T20:00:00.000,35,14,21
2018-03-10T21:00:00.000,39,18,21
2018-03-10T22:00:00.000,19,7,12
2018-03-10T23:00:00.000,19,5,14
2018-03-11T00:00:00.000,6,4,2
2018-03-11T01:00:00.000,9,2,7
2018-03-11T02:00:00.000,,,
2018-03-11T03:00:00.000,9,2,7
2018-03-11T04:00:00.000,4,2,2
2018-03-11T05:00:00.000,4,3,1
2018-03-11T06:00:00.000,5,0,5
2018-03-11T07:00:00.000,10,6,4
2018-03-11T08:00:00.000,35,19,16
2018-03-11T09:00:00.000,55,25,30
2018-03-11T10:00:00.000,84,35,49
2018-03-11T11:00:00.000,171,75,96
2018-03-11T12:00:00.000,251,132,119
2018-03-11T13:00:00.000,294,141,153
2018-03-11T14:00:00.000,333,178,155
2018-03-11T15:00:00.000,296,138,158
2018-03-11T16:00:00.000,282,148,134
2018-03-11T17:00:00.000,208,131,77
2018-03-11T18:00:00.000,141,70,71
2018-03-11T19:00:00.000,85,44,41
2018-03-11T20:00:00.000,35,18,17
2018-03-11T21:00:00.000,18,10,8
2018-03-11T22:00:00.000,21,9,12
2018-03-11T23:00:00.000,15,7,8
2018-03-12T00:00:00.000,7,2,5
2018-03-12T01:00:00.000,2,1,1
2018-03-12T02:00:00.000,1,0,1
2018-03-12T03:00:00.000,3,1,2
2018-03-12T04:00:00.000,13,6,7
2018-03-12T05:00:00.000,40,27,13
2018-03-12T06:00:00.000,123,65,58
2018-03-12T07:00:00.000,302,162,140
2018-03-12T08:00:00.000,539,303,236
2018-03-12T09:00:00.000,332,152,180
2018-03-12T10:00:00.000,142,71,71
2018-03-12T11:00:00.000,84,42,42
2018-03-12T12:00:00.000,120,60,60
2018-03-12T13:00:00.000,135,71,64
2018-03-12T14:00:00.000,142,75,67
2018-03-12T15:00:00.000,216,106,110
2018-03-12T16:00:00.000,453,125,328
2018-03-12T17:00:00.000,776,191,585
2018-03-12T18:00:00.000,480,172,308
2018-03-12T19:00:00.000,147,43,104
2018-03-12T20:00:00.000,83,25,58
2018-03-12T21:00:00.000,74,32,42
2018-03-12T22:00:00.000,21,8,13
2018-03-12T23:00:00.000,16,6,10
2018-03-13T00:00:00.000,9,4,5
2018-03-13T01:00:00.000,5,2,3
2018-03-13T02:00:00.000,5,2,3
2018-03-13T03:00:00.000,1,1,0
2018-03-13T04:00:00.000,6,4,2
2018-03-13T05:00:00.000,32,23,9
2018-03-13T06:00:00.000,103,52,51
2018-03-13T07:00:00.000,265,124,141
2018-03-13T08:00:00.000,372,194,178
2018-03-13T09:00:00.000,211,96,115
2018-03-13T10:00:00.000,78,30,48
2018-03-13T11:00:00.000,46,23,23
2018-03-13T12:00:00.000,41,21,20
2018-03-13T13:00:00.000,41,18,23
2018-03-13T14:00:00.000,46,19,27
2018-03-13T15:00:00.000,75,32,43
2018-03-13T16:00:00.000,188,44,144
2018-03-13T17:00:00.000,369,72,297
2018-03-13T18:00:00.000,263,64,199
2018-03-13T19:00:00.000,76,29,47
2018-03-13T20:00:00.000,51,17,34
2018-03-13T21:00:00.000,40,17,23
2018-03-13T22:00:00.000,17,7,10
2018-03-13T23:00:00.000,6,2,4
2018-03-14T00:00:00.000,8,4,4
2018-03-14T01:00:00.000,4,2,2
2018-03-14T02:00:00.000,0,0,0
2018-03-14T03:00:00.000,2,2,0
2018-03-14T04:00:00.000,13,6,7
2018-03-14T05:00:00.000,37,25,12
2018-03-14T06:00:00.000,106,59,47
2018-03-14T07:00:00.000,293,162,131
2018-03-14T08:00:00.000,396,210,186
2018-03-14T09:00:00.000,212,89,123
2018-03-14T10:00:00.000,73,25,48
2018-03-14T11:00:00.000,57,30,27
2018-03-14T12:00:00.000,72,36,36
2018-03-14T13:00:00.000,80,36,44
2018-03-14T14:00:00.000,85,39,46
2018-03-14T15:00:00.000,109,48,61
2018-03-14T16:00:00.000,259,74,185
2018-03-14T17:00:00.000,492,113,379
2018-03-14T18:00:00.000,388,116,272
2018-03-14T19:00:00.000,173,55,118
2018-03-14T20:00:00.000,90,27,63
2018-03-14T21:00:00.000,45,17,28
2018-03-14T22:00:00.000,30,15,15
2018-03-14T23:00:00.000,18,6,12
2018-03-15T00:00:00.000,3,1,2
2018-03-15T01:00:00.000,4,3,1
2018-03-15T02:00:00.000,2,1,1
2018-03-15T03:00:00.000,2,1,1
2018-03-15T04:00:00.000,9,6,3
2018-03-15T05:00:00.000,40,21,19
2018-03-15T06:00:00.000,119,67,52
2018-03-15T07:00:00.000,293,158,135
2018-03-15T08:00:00.000,482,266,216
2018-03-15T09:00:00.000,265,114,151
2018-03-15T10:00:00.000,95,57,38
2018-03-15T11:00:00.000,75,39,36
2018-03-15T12:00:00.000,99,57,42
2018-03-15T13:00:00.000,76,36,40
2018-03-15T14:00:00.000,114,55,59
2018-03-15T15:00:00.000,129,47,82
2018-03-15T16:00:00.000,299,84,215
2018-03-15T17:00:00.000,604,154,450
2018-03-15T18:00:00.000,432,131,301
2018-03-15T19:00:00.000,162,49,113
2018-03-15T20:00:00.000,91,33,58
2018-03-15T21:00:00.000,58,26,32
2018-03-15T22:00:00.000,25,8,17
2018-03-15T23:00:00.000,22,16,6
2018-03-16T00:00:00.000,11,5,6
2018-03-16T01:00:00.000,6,0,6
2018-03-16T02:00:00.000,5,0,5
2018-03-16T03:00:00.000,6,4,2
2018-03-16T04:00:00.000,9,5,4
2018-03-16T05:00:00.000,26,15,11
2018-03-16T06:00:00.000,95,47,48
2018-03-16T07:00:00.000,266,148,118
2018-03-16T08:00:00.000,436,225,211
2018-03-16T09:00:00.000,264,120,144
2018-03-16T10:00:00.000,98,41,57
2018-03-16T11:00:00.000,71,33,38
2018-03-16T12:00:00.000,87,35,52
2018-03-16T13:00:00.000,98,47,51
2018-03-16T14:00:00.000,152,60,92
2018-03-16T15:00:00.000,161,54,107
2018-03-16T16:00:00.000,336,97,239
2018-03-16T17:00:00.000,493,126,367
2018-03-16T18:00:00.000,319,103,216
2018-03-16T19:00:00.000,111,44,67
2018-03-16T20:00:00.000,64,16,48
2018-03-16T21:00:00.000,44,9,35
2018-03-16T22:00:00.000,32,15,17
2018-03-16T23:00:00.000,21,8,13
2018-03-17T00:00:00.000,16,6,10
2018-03-17T01:00:00.000,5,2,3
2018-03-17T02:00:00.000,8,7,1
2018-03-17T03:00:00.000,7,3,4
2018-03-17T04:00:00.000,2,1,1
2018-03-17T05:00:00.000,7,4,3
2018-03-17T06:00:00.000,20,13,7
2018-03-17T07:00:00.000,26,11,15
2018-03-17T08:00:00.000,53,23,30
2018-03-17T09:00:00.000,92,51,41
2018-03-17T10:00:00.000,121,51,70
2018-03-17T11:00:00.000,111,45,66
2018-03-17T12:00:00.000,131,58,73
2018-03-17T13:00:00.000,131,77,54
2018-03-17T14:00:00.000,118,52,66
2018-03-17T15:00:00.000,126,70,56
2018-03-17T16:00:00.000,124,68,56
2018-03-17T17:00:00.000,95,43,52
2018-03-17T18:00:00.000,64,31,33
2018-03-17T19:00:00.000,51,27,24
2018-03-17T20:00:00.000,35,15,20
2018-03-17T21:00:00.000,19,7,12
2018-03-17T22:00:00.000,25,12,13
2018-03-17T23:00:00.000,16,8,8
2018-03-18T00:00:00.000,14,11,3
2018-03-18T01:00:00.000,2,2,0
2018-03-18T02:00:00.000,1,0,1
2018-03-18T03:00:00.000,2,0,2
2018-03-18T04:00:00.000,5,2,3
2018-03-18T05:00:00.000,6,4,2
2018-03-18T06:00:00.000,4,3,1
2018-03-18T07:00:00.000,12,4,8
2018-03-18T08:00:00.000,40,22,18
2018-03-18T09:00:00.000,60,28,32
2018-03-18T10:00:00.000,96,47,49
2018-03-18T11:00:00.000,120,66,54
2018-03-18T12:00:00.000,155,71,84
2018-03-18T13:00:00.000,166,86,80
2018-03-18T14:00:00.000,189,103,86
2018-03-18T15:00:00.000,175,88,87
2018-03-18T16:00:00.000,193,93,100
2018-03-18T17:00:00.000,150,67,83
2018-03-18T18:00:00.000,108,46,62
2018-03-18T19:00:00.000,37,21,16
2018-03-18T20:00:00.000,21,7,14
2018-03-18T21:00:00.000,21,13,8
2018-03-18T22:00:00.000,14,7,7
2018-03-18T23:00:00.000,6,0,6
2018-03-19T00:00:00.000,5,2,3
2018-03-19T01:00:00.000,0,0,0
2018-03-19T02:00:00.000,1,1,0
2018-03-19T03:00:00.000,2,2,0
2018-03-19T04:00:00.000,12,6,6
2018-03-19T05:00:00.000,38,21,17
2018-03-19T06:00:00.000,135,80,55
2018-03-19T07:00:00.000,308,171,137
2018-03-19T08:00:00.000,492,277,215
2018-03-19T09:00:00.000,265,121,144
2018-03-19T10:00:00.000,83,39,44
2018-03-19T11:00:00.000,64,35,29
2018-03-19T12:00:00.000,79,35,44
2018-03-19T13:00:00.000,82,40,42
2018-03-19T14:00:00.000,90,35,55
2018-03-19T15:00:00.000,153,53,100
2018-03-19T16:00:00.000,281,83,198
2018-03-19T17:00:00.000,617,142,475
2018-03-19T18:00:00.000,419,127,292
2018-03-19T19:00:00.000,147,46,101
2018-03-19T20:00:00.000,68,15,53
2018-03-19T21:00:00.000,46,17,29
2018-03-19T22:00:00.000,25,9,16
2018-03-19T23:00:00.000,14,8,6
2018-03-20T00:00:00.000,6,2,4
2018-03-20T01:00:00.000,2,2,0
2018-03-20T02:00:00.000,0,0,0
2018-03-20T03:00:00.000,1,1,0
2018-03-20T04:00:00.000,10,5,5
2018-03-20T05:00:00.000,33,19,14
2018-03-20T06:00:00.000,127,73,54
2018-03-20T07:00:00.000,369,193,176
2018-03-20T08:00:00.000,489,259,230
2018-03-20T09:00:00.000,267,120,147
2018-03-20T10:00:00.000,101,46,55
2018-03-20T11:00:00.000,76,34,42
2018-03-20T12:00:00.000,89,48,41
2018-03-20T13:00:00.000,77,34,43
2018-03-20T14:00:00.000,103,39,64
2018-03-20T15:00:00.000,160,65,95
2018-03-20T16:00:00.000,331,118,213
2018-03-20T17:00:00.000,631,129,502
2018-03-20T18:00:00.000,428,131,297
2018-03-20T19:00:00.000,192,88,104
2018-03-20T20:00:00.000,64,21,43
2018-03-20T21:00:00.000,53,21,32
2018-03-20T22:00:00.000,26,10,16
2018-03-20T23:00:00.000,18,8,10
2018-03-21T00:00:00.000,4,1,3
2018-03-21T01:00:00.000,2,0,2
2018-03-21T02:00:00.000,2,1,1
2018-03-21T03:00:00.000,2,1,1
2018-03-21T04:00:00.000,10,6,4
2018-03-21T05:00:00.000,35,22,13
2018-03-21T06:00:00.000,115,65,50
2018-03-21T07:00:00.000,323,175,148
2018-03-21T08:00:00.000,475,257,218
2018-03-21T09:00:00.000,237,115,122
2018-03-21T10:00:00.000,102,46,56
2018-03-21T11:00:00.000,72,41,31
2018-03-21T12:00:00.000,73,33,40
2018-03-21T13:00:00.000,86,27,59
2018-03-21T14:00:00.000,96,45,51
2018-03-21T15:00:00.000,132,42,90
2018-03-21T16:00:00.000,331,104,227
2018-03-21T17:00:00.000,542,131,411
2018-03-21T18:00:00.000,353,90,263
2018-03-21T19:00:00.000,136,43,93
2018-03-21T20:00:00.000,85,23,62
2018-03-21T21:00:00.000,35,8,27
2018-03-21T22:00:00.000,22,8,14
2018-03-21T23:00:00.000,10,5,5
2018-03-22T00:00:00.000,3,2,1
2018-03-22T01:00:00.000,4,1,3
2018-03-22T02:00:00.000,3,0,3
2018-03-22T03:00:00.000,3,2,1
2018-03-22T04:00:00.000,9,7,2
2018-03-22T05:00:00.000,28,13,15
2018-03-22T06:00:00.000,86,48,38
2018-03-22T07:00:00.000,188,104,84
2018-03-22T08:00:00.000,273,133,140
2018-03-22T09:00:00.000,136,72,64
2018-03-22T10:00:00.000,51,19,32
2018-03-22T11:00:00.000,27,9,18
2018-03-22T12:00:00.000,32,16,16
2018-03-22T13:00:00.000,27,13,14
2018-03-22T14:00:00.000,31,14,17
2018-03-22T15:00:00.000,67,20,47
2018-03-22T16:00:00.000,155,41,114
2018-03-22T17:00:00.000,314,71,243
2018-03-22T18:00:00.000,221,65,156
2018-03-22T19:00:00.000,93,32,61
2018-03-22T20:00:00.000,48,18,30
2018-03-22T21:00:00.000,26,10,16
2018-03-22T22:00:00.000,14,4,10
2018-03-22T23:00:00.000,8,4,4
2018-03-23T00:00:00.000,12,3,9
2018-03-23T01:00:00.000,3,2,1
2018-03-23T02:00:00.000,0,0,0
2018-03-23T03:00:00.000,3,3,0
2018-03-23T04:00:00.000,3,2,1
2018-03-23T05:00:00.000,29,13,16
2018-03-23T06:00:00.000,67,32,35
2018-03-23T07:00:00.000,177,86,91
2018-03-23T08:00:00.000,240,125,115
2018-03-23T09:00:00.000,138,56,82
2018-03-23T10:00:00.000,38,18,20
2018-03-23T11:00:00.000,21,10,11
2018-03-23T12:00:00.000,24,10,14
2018-03-23T13:00:00.000,31,12,19
2018-03-23T14:00:00.000,57,27,30
2018-03-23T15:00:00.000,90,22,68
2018-03-23T16:00:00.000,161,32,129
2018-03-23T17:00:00.000,279,66,213
2018-03-23T18:00:00.000,181,48,133
2018-03-23T19:00:00.000,73,21,52
2018-03-23T20:00:00.000,41,14,27
2018-03-23T21:00:00.000,22,5,17
2018-03-23T22:00:00.000,26,11,15
2018-03-23T23:00:00.000,12,6,6
2018-03-24T00:00:00.000,11,4,7
2018-03-24T01:00:00.000,1,1,0
2018-03-24T02:00:00.000,2,2,0
2018-03-24T03:00:00.000,3,1,2
2018-03-24T04:00:00.000,4,4,0
2018-03-24T05:00:00.000,1,0,1
2018-03-24T06:00:00.000,7,3,4
2018-03-24T07:00:00.000,11,5,6
2018-03-24T08:00:00.000,30,15,15
2018-03-24T09:00:00.000,47,27,20
2018-03-24T10:00:00.000,69,36,33
2018-03-24T11:00:00.000,86,42,44
2018-03-24T12:00:00.000,136,55,81
2018-03-24T13:00:00.000,137,45,92
2018-03-24T14:00:00.000,137,52,85
2018-03-24T15:00:00.000,128,58,70
2018-03-24T16:00:00.000,138,60,78
2018-03-24T17:00:00.000,100,45,55
2018-03-24T18:00:00.000,72,33,39
2018-03-24T19:00:00.000,55,25,30
2018-03-24T20:00:00.000,23,13,10
2018-03-24T21:00:00.000,28,8,20
2018-03-24T22:00:00.000,16,8,8
2018-03-24T23:00:00.000,19,11,8
2018-03-25T00:00:00.000,12,3,9
2018-03-25T01:00:00.000,6,2,4
2018-03-25T02:00:00.000,3,1,2
2018-03-25T03:00:00.000,3,1,2
2018-03-25T04:00:00.000,1,0,1
2018-03-25T05:00:00.000,3,2,1
2018-03-25T06:00:00.000,10,6,4
2018-03-25T07:00:00.000,17,10,7
2018-03-25T08:00:00.000,38,20,18
2018-03-25T09:00:00.000,60,27,33
2018-03-25T10:00:00.000,99,38,61
2018-03-25T11:00:00.000,106,62,44
2018-03-25T12:00:00.000,132,69,63
2018-03-25T13:00:00.000,146,79,67
2018-03-25T14:00:00.000,168,79,89
2018-03-25T15:00:00.000,171,82,89
2018-03-25T16:00:00.000,149,63,86
2018-03-25T17:00:00.000,140,81,59
2018-03-25T18:00:00.000,92,51,41
2018-03-25T19:00:00.000,55,25,30
2018-03-25T20:00:00.000,24,17,7
2018-03-25T21:00:00.000,21,3,18
2018-03-25T22:00:00.000,7,3,4
2018-03-25T23:00:00.000,7,3,4
2018-03-26T00:00:00.000,4,1,3
2018-03-26T01:00:00.000,5,1,4
2018-03-26T02:00:00.000,0,0,0
2018-03-26T03:00:00.000,1,0,1
2018-03-26T04:00:00.000,8,4,4
2018-03-26T05:00:00.000,33,18,15
2018-03-26T06:00:00.000,70,35,35
2018-03-26T07:00:00.000,246,132,114
2018-03-26T08:00:00.000,382,212,170
2018-03-26T09:00:00.000,201,89,112
2018-03-26T10:00:00.000,78,39,39
2018-03-26T11:00:00.000,37,22,15
2018-03-26T12:00:00.000,34,15,19
2018-03-26T13:00:00.000,35,15,20
2018-03-26T14:00:00.000,48,21,27
2018-03-26T15:00:00.000,76,21,55
2018-03-26T16:00:00.000,203,62,141
2018-03-26T17:00:00.000,424,94,330
2018-03-26T18:00:00.000,259,81,178
2018-03-26T19:00:00.000,93,26,67
2018-03-26T20:00:00.000,45,10,35
2018-03-26T21:00:00.000,24,7,17
2018-03-26T22:00:00.000,15,5,10
2018-03-26T23:00:00.000,11,3,8
2018-03-27T00:00:00.000,3,3,0
2018-03-27T01:00:00.000,2,2,0
2018-03-27T02:00:00.000,3,2,1
2018-03-27T03:00:00.000,2,2,0
2018-03-27T04:00:00.000,8,5,3
2018-03-27T05:00:00.000,31,20,11
2018-03-27T06:00:00.000,96,52,44
2018-03-27T07:00:00.000,281,159,122
2018-03-27T08:00:00.000,370,199,171
2018-03-27T09:00:00.000,190,77,113
2018-03-27T10:00:00.000,73,38,35
2018-03-27T11:00:00.000,44,15,29
2018-03-27T12:00:00.000,42,22,20
2018-03-27T13:00:00.000,46,23,23
2018-03-27T14:00:00.000,58,25,33
2018-03-27T15:00:00.000,94,30,64
2018-03-27T16:00:00.000,219,72,147
2018-03-27T17:00:00.000,399,75,324
2018-03-27T18:00:00.000,302,79,223
2018-03-27T19:00:00.000,124,36,88
2018-03-27T20:00:00.000,55,19,36
2018-03-27T21:00:00.000,41,18,23
2018-03-27T22:00:00.000,26,13,13
2018-03-27T23:00:00.000,11,4,7
2018-03-28T00:00:00.000,6,3,3
2018-03-28T01:00:00.000,0,0,0
2018-03-28T02:00:00.000,0,0,0
2018-03-28T03:00:00.000,3,1,2
2018-03-28T04:00:00.000,7,4,3
2018-03-28T05:00:00.000,45,23,22
2018-03-28T06:00:00.000,127,67,60
2018-03-28T07:00:00.000,325,191,134
2018-03-28T08:00:00.000,462,245,217
2018-03-28T09:00:00.000,235,115,120
2018-03-28T10:00:00.000,111,52,59
2018-03-28T11:00:00.000,66,32,34
2018-03-28T12:00:00.000,75,32,43
2018-03-28T13:00:00.000,83,41,42
2018-03-28T14:00:00.000,104,39,65
2018-03-28T15:00:00.000,97,34,63
2018-03-28T16:00:00.000,304,87,217
2018-03-28T17:00:00.000,566,134,432
2018-03-28T18:00:00.000,347,92,255
2018-03-28T19:00:00.000,155,48,107
2018-03-28T20:00:00.000,84,28,56
2018-03-28T21:00:00.000,67,33,34
2018-03-28T22:00:00.000,37,22,15
2018-03-28T23:00:00.000,19,9,10
2018-03-29T00:00:00.000,10,4,6
2018-03-29T01:00:00.000,3,0,3
2018-03-29T02:00:00.000,3,1,2
2018-03-29T03:00:00.000,2,0,2
2018-03-29T04:00:00.000,7,5,2
2018-03-29T05:00:00.000,44,28,16
2018-03-29T06:00:00.000,110,61,49
2018-03-29T07:00:00.000,322,177,145
2018-03-29T08:00:00.000,444,230,214
2018-03-29T09:00:00.000,201,103,98
2018-03-29T10:00:00.000,116,63,53
2018-03-29T11:00:00.000,82,41,41
2018-03-29T12:00:00.000,78,39,39
2018-03-29T13:00:00.000,70,31,39
2018-03-29T14:00:00.000,86,40,46
2018-03-29T15:00:00.000,142,60,82
2018-03-29T16:00:00.000,276,69,207
2018-03-29T17:00:00.000,496,111,385
2018-03-29T18:00:00.000,368,112,256
2018-03-29T19:00:00.000,147,44,103
2018-03-29T20:00:00.000,106,28,78
2018-03-29T21:00:00.000,58,21,37
2018-03-29T22:00:00.000,45,11,34
2018-03-29T23:00:00.000,15,9,6
2018-03-30T00:00:00.000,9,4,5
2018-03-30T01:00:00.000,4,1,3
2018-03-30T02:00:00.000,3,1,2
2018-03-30T03:00:00.000,2,2,0
2018-03-30T04:00:00.000,12,6,6
2018-03-30T05:00:00.000,26,17,9
2018-03-30T06:00:00.000,70,48,22
2018-03-30T07:00:00.000,243,110,133
2018-03-30T08:00:00.000,354,187,167
2018-03-30T09:00:00.000,201,88,113
2018-03-30T10:00:00.000,106,46,60
2018-03-30T11:00:00.000,84,31,53
2018-03-30T12:00:00.000,94,43,51
2018-03-30T13:00:00.000,104,51,53
2018-03-30T14:00:00.000,121,52,69
2018-03-30T15:00:00.000,161,65,96
2018-03-30T16:00:00.000,288,84,204
2018-03-30T17:00:00.000,422,101,321
2018-03-30T18:00:00.000,262,89,173
2018-03-30T19:00:00.000,105,37,68
2018-03-30T20:00:00.000,73,30,43
2018-03-30T21:00:00.000,50,25,25
2018-03-30T22:00:00.000,27,14,13
2018-03-30T23:00:00.000,20,10,10
2018-03-31T00:00:00.000,21,6,15
2018-03-31T01:00:00.000,6,3,3
2018-03-31T02:00:00.000,7,3,4
2018-03-31T03:00:00.000,6,3,3
2018-03-31T04:00:00.000,2,1,1
2018-03-31T05:00:00.000,9,1,8
2018-03-31T06:00:00.000,21,9,12
2018-03-31T07:00:00.000,27,10,17
2018-03-31T08:00:00.000,58,27,31
2018-03-31T09:00:00.000,90,45,45
2018-03-31T10:00:00.000,123,63,60
2018-03-31T11:00:00.000,124,62,62
2018-03-31T12:00:00.000,164,100,64
2018-03-31T13:00:00.000,180,90,90
2018-03-31T14:00:00.000,202,87,115
2018-03-31T15:00:00.000,222,98,124
2018-03-31T16:00:00.000,208,103,105
2018-03-31T17:00:00.000,173,73,100
2018-03-31T18:00:00.000,160,72,88
2018-03-31T19:00:00.000,76,41,35
2018-03-31T20:00:00.000,35,23,12
2018-03-31T21:00:00.000,33,13,20
2018-03-31T22:00:00.000,32,15,17
2018-03-31T23:00:00.000,21,10,11
2018-04-01T00:00:00.000,10,4,6
2018-04-01T01:00:00.000,7,2,5
2018-04-01T02:00:00.000,6,4,2
2018-04-01T03:00:00.000,2,0,2
2018-04-01T04:00:00.000,1,0,1
2018-04-01T05:00:00.000,4,2,2
2018-04-01T06:00:00.000,14,5,9
2018-04-01T07:00:00.000,17,10,7
2018-04-01T08:00:00.000,31,15,16
2018-04-01T09:00:00.000,52,29,23
2018-04-01T10:00:00.000,41,25,16
2018-04-01T11:00:00.000,55,30,25
2018-04-01T12:00:00.000,48,29,19
2018-04-01T13:00:00.000,51,30,21
2018-04-01T14:00:00.000,60,31,29
2018-04-01T15:00:00.000,47,26,21
2018-04-01T16:00:00.000,40,19,21
2018-04-01T17:00:00.000,43,15,28
2018-04-01T18:00:00.000,45,18,27
2018-04-01T19:00:00.000,14,8,6
2018-04-01T20:00:00.000,14,4,10
2018-04-01T21:00:00.000,14,6,8
2018-04-01T22:00:00.000,4,1,3
2018-04-01T23:00:00.000,2,1,1
2018-04-02T00:00:00.000,3,1,2
2018-04-02T01:00:00.000,1,0,1
2018-04-02T02:00:00.000,1,1,0
2018-04-02T03:00:00.000,1,1,0
2018-04-02T04:00:00.000,9,5,4
2018-04-02T05:00:00.000,37,26,11
2018-04-02T06:00:00.000,120,70,50
2018-04-02T07:00:00.000,298,164,134
2018-04-02T08:00:00.000,513,267,246
2018-04-02T09:00:00.000,270,125,145
2018-04-02T10:00:00.000,118,54,64
2018-04-02T11:00:00.000,72,32,40
2018-04-02T12:00:00.000,87,48,39
2018-04-02T13:00:00.000,81,42,39
2018-04-02T14:00:00.000,87,37,50
2018-04-02T15:00:00.000,135,48,87
2018-04-02T16:00:00.000,253,79,174
2018-04-02T17:00:00.000,644,145,499
2018-04-02T18:00:00.000,389,116,273
2018-04-02T19:00:00.000,157,65,92
2018-04-02T20:00:00.000,73,20,53
2018-04-02T21:00:00.000,43,15,28
2018-04-02T22:00:00.000,20,9,11
2018-04-02T23:00:00.000,11,2,9
2018-04-03T00:00:00.000,4,1,3
2018-04-03T01:00:00.000,3,1,2
2018-04-03T02:00:00.000,3,0,3
2018-04-03T03:00:00.000,1,1,0
2018-04-03T04:00:00.000,4,2,2
2018-04-03T05:00:00.000,48,36,12
2018-04-03T06:00:00.000,131,68,63
2018-04-03T07:00:00.000,339,188,151
2018-04-03T08:00:00.000,459,231,228
2018-04-03T09:00:00.000,273,129,144
2018-04-03T10:00:00.000,106,48,58
2018-04-03T11:00:00.000,88,40,48
2018-04-03T12:00:00.000,76,39,37
2018-04-03T13:00:00.000,68,31,37
2018-04-03T14:00:00.000,84,40,44
2018-04-03T15:00:00.000,127,42,85
2018-04-03T16:00:00.000,283,81,202
2018-04-03T17:00:00.000,567,137,430
2018-04-03T18:00:00.000,391,113,278
2018-04-03T19:00:00.000,168,54,114
2018-04-03T20:00:00.000,80,28,52
2018-04-03T21:00:00.000,42,18,24
2018-04-03T22:00:00.000,32,10,22
2018-04-03T23:00:00.000,16,7,9
2018-04-04T00:00:00.000,11,3,8
2018-04-04T01:00:00.000,1,1,0
2018-04-04T02:00:00.000,0,0,0
2018-04-04T03:00:00.000,3,1,2
2018-04-04T04:00:00.000,8,4,4
2018-04-04T05:00:00.000,23,12,11
2018-04-04T06:00:00.000,98,62,36
2018-04-04T07:00:00.000,236,141,95
2018-04-04T08:00:00.000,362,193,169
2018-04-04T09:00:00.000,204,94,110
2018-04-04T10:00:00.000,77,43,34
2018-04-04T11:00:00.000,33,15,18
2018-04-04T12:00:00.000,27,14,13
2018-04-04T13:00:00.000,37,14,23
2018-04-04T14:00:00.000,39,22,17
2018-04-04T15:00:00.000,76,22,54
2018-04-04T16:00:00.000,162,43,119
2018-04-04T17:00:00.000,392,97,295
2018-04-04T18:00:00.000,237,73,164
2018-04-04T19:00:00.000,109,35,74
2018-04-04T20:00:00.000,56,14,42
2018-04-04T21:00:00.000,30,13,17
2018-04-04T22:00:00.000,15,7,8
2018-04-04T23:00:00.000,9,4,5
2018-04-05T00:00:00.000,7,3,4
2018-04-05T01:00:00.000,7,3,4
2018-04-05T02:00:00.000,0,0,0
2018-04-05T03:00:00.000,2,1,1
2018-04-05T04:00:00.000,2,1,1
2018-04-05T05:00:00.000,40,27,13
2018-04-05T06:00:00.000,91,49,42
2018-04-05T07:00:00.000,237,136,101
2018-04-05T08:00:00.000,362,192,170
2018-04-05T09:00:00.000,200,102,98
2018-04-05T10:00:00.000,75,34,41
2018-04-05T11:00:00.000,43,22,21
2018-04-05T12:00:00.000,38,16,22
2018-04-05T13:00:00.000,34,9,25
2018-04-05T14:00:00.000,32,13,19
2018-04-05T15:00:00.000,87,32,55
2018-04-05T16:00:00.000,156,45,111
2018-04-05T17:00:00.000,370,90,280
2018-04-05T18:00:00.000,217,56,161
2018-04-05T19:00:00.000,113,33,80
2018-04-05T20:00:00.000,57,16,41
2018-04-05T21:00:00.000,44,15,29
2018-04-05T22:00:00.000,26,10,16
2018-04-05T23:00:00.000,15,6,9
2018-04-06T00:00:00.000,10,5,5
2018-04-06T01:00:00.000,1,0,1
2018-04-06T02:00:00.000,0,0,0
2018-04-06T03:00:00.000,3,3,0
2018-04-06T04:00:00.000,10,2,8
2018-04-06T05:00:00.000,25,15,10
2018-04-06T06:00:00.000,94,50,44
2018-04-06T07:00:00.000,244,129,115
2018-04-06T08:00:00.000,362,209,153
2018-04-06T09:00:00.000,243,119,124
2018-04-06T10:00:00.000,83,33,50
2018-04-06T11:00:00.000,56,23,33
2018-04-06T12:00:00.000,69,30,39
2018-04-06T13:00:00.000,67,34,33
2018-04-06T14:00:00.000,101,49,52
2018-04-06T15:00:00.000,146,54,92
2018-04-06T16:00:00.000,322,83,239
2018-04-06T17:00:00.000,509,133,376
2018-04-06T18:00:00.000,336,116,220
2018-04-06T19:00:00.000,171,54,117
2018-04-06T20:00:00.000,91,38,53
2018-04-06T21:00:00.000,62,30,32
2018-04-06T22:00:00.000,32,22,10
2018-04-06T23:00:00.000,35,20,15
2018-04-07T00:00:00.000,15,6,9
2018-04-07T01:00:00.000,11,4,7
2018-04-07T02:00:00.000,4,1,3
2018-04-07T03:00:00.000,4,1,3
2018-04-07T04:00:00.000,4,2,2
2018-04-07T05:00:00.000,1,1,0
2018-04-07T06:00:00.000,9,2,7
2018-04-07T07:00:00.000,8,4,4
2018-04-07T08:00:00.000,28,13,15
2018-04-07T09:00:00.000,25,15,10
2018-04-07T10:00:00.000,51,30,21
2018-04-07T11:00:00.000,75,39,36
2018-04-07T12:00:00.000,75,35,40
2018-04-07T13:00:00.000,57,21,36
2018-04-07T14:00:00.000,62,28,34
2018-04-07T15:00:00.000,31,15,16
2018-04-07T16:00:00.000,53,28,25
2018-04-07T17:00:00.000,36,25,11
2018-04-07T18:00:00.000,33,14,19
2018-04-07T19:00:00.000,21,10,11
2018-04-07T20:00:00.000,18,11,7
2018-04-07T21:00:00.000,14,3,11
2018-04-07T22:00:00.000,14,10,4
2018-04-07T23:00:00.000,15,4,11
2018-04-08T00:00:00.000,3,2,1
2018-04-08T01:00:00.000,1,0,1
2018-04-08T02:00:00.000,6,1,5
2018-04-08T03:00:00.000,3,2,1
2018-04-08T04:00:00.000,5,3,2
2018-04-08T05:00:00.000,6,2,4
2018-04-08T06:00:00.000,112,84,28
2018-04-08T07:00:00.000,141,93,48
2018-04-08T08:00:00.000,43,26,17
2018-04-08T09:00:00.000,81,26,55
2018-04-08T10:00:00.000,126,43,83
2018-04-08T11:00:00.000,80,26,54
2018-04-08T12:00:00.000,53,22,31
2018-04-08T13:00:00.000,65,29,36
2018-04-08T14:00:00.000,50,23,27
2018-04-08T15:00:00.000,78,45,33
2018-04-08T16:00:00.000,48,19,29
2018-04-08T17:00:00.000,55,28,27
2018-04-08T18:00:00.000,37,24,13
2018-04-08T19:00:00.000,38,18,20
2018-04-08T20:00:00.000,15,9,6
2018-04-08T21:00:00.000,18,10,8
2018-04-08T22:00:00.000,11,5,6
2018-04-08T23:00:00.000,6,2,4
2018-04-09T00:00:00.000,3,1,2
2018-04-09T01:00:00.000,2,0,2
2018-04-09T02:00:00.000,2,1,1
2018-04-09T03:00:00.000,2,0,2
2018-04-09T04:00:00.000,8,5,3
2018-04-09T05:00:00.000,32,17,15
2018-04-09T06:00:00.000,133,66,67
2018-04-09T07:00:00.000,331,182,149
2018-04-09T08:00:00.000,477,250,227
2018-04-09T09:00:00.000,274,133,141
2018-04-09T10:00:00.000,124,49,75
2018-04-09T11:00:00.000,77,29,48
2018-04-09T12:00:00.000,102,59,43
2018-04-09T13:00:00.000,100,44,56
2018-04-09T14:00:00.000,116,51,65
2018-04-09T15:00:00.000,138,54,84
2018-04-09T16:00:00.000,332,106,226
2018-04-09T17:00:00.000,644,173,471
2018-04-09T18:00:00.000,442,119,323
2018-04-09T19:00:00.000,192,72,120
2018-04-09T20:00:00.000,94,42,52
2018-04-09T21:00:00.000,47,16,31
2018-04-09T22:00:00.000,41,18,23
2018-04-09T23:00:00.000,18,11,7
2018-04-10T00:00:00.000,9,4,5
2018-04-10T01:00:00.000,1,1,0
2018-04-10T02:00:00.000,0,0,0
2018-04-10T03:00:00.000,2,0,2
2018-04-10T04:00:00.000,7,3,4
2018-04-10T05:00:00.000,39,22,17
2018-04-10T06:00:00.000,93,43,50
2018-04-10T07:00:00.000,196,108,88
2018-04-10T08:00:00.000,260,128,132
2018-04-10T09:00:00.000,125,63,62
2018-04-10T10:00:00.000,55,27,28
2018-04-10T11:00:00.000,32,13,19
2018-04-10T12:00:00.000,45,17,28
2018-04-10T13:00:00.000,52,19,33
2018-04-10T14:00:00.000,81,34,47
2018-04-10T15:00:00.000,98,41,57
2018-04-10T16:00:00.000,189,66,123
2018-04-10T17:00:00.000,426,112,314
2018-04-10T18:00:00.000,319,106,213
2018-04-10T19:00:00.000,139,51,88
2018-04-10T20:00:00.000,92,47,45
2018-04-10T21:00:00.000,44,17,27
2018-04-10T22:00:00.000,34,10,24
2018-04-10T23:00:00.000,19,8,11
2018-04-11T00:00:00.000,2,0,2
2018-04-11T01:00:00.000,5,2,3
2018-04-11T02:00:00.000,4,1,3
2018-04-11T03:00:00.000,0,0,0
2018-04-11T04:00:00.000,7,4,3
2018-04-11T05:00:00.000,28,16,12
2018-04-11T06:00:00.000,103,59,44
2018-04-11T07:00:00.000,277,150,127
2018-04-11T08:00:00.000,390,199,191
2018-04-11T09:00:00.000,217,89,128
2018-04-11T10:00:00.000,109,54,55
2018-04-11T11:00:00.000,54,29,25
2018-04-11T12:00:00.000,42,13,29
2018-04-11T13:00:00.000,27,13,14
2018-04-11T14:00:00.000,46,25,21
2018-04-11T15:00:00.000,59,18,41
2018-04-11T16:00:00.000,166,34,132
2018-04-11T17:00:00.000,387,90,297
2018-04-11T18:00:00.000,271,75,196
2018-04-11T19:00:00.000,120,41,79
2018-04-11T20:00:00.000,65,15,50
2018-04-11T21:00:00.000,29,13,16
2018-04-11T22:00:00.000,16,8,8
2018-04-11T23:00:00.000,3,0,3
2018-04-12T00:00:00.000,2,1,1
2018-04-12T01:00:00.000,3,1,2
2018-04-12T02:00:00.000,0,0,0
2018-04-12T03:00:00.000,3,1,2
2018-04-12T04:00:00.000,7,4,3
2018-04-12T05:00:00.000,21,14,7
2018-04-12T06:00:00.000,100,46,54
2018-04-12T07:00:00.000,241,140,101
2018-04-12T08:00:00.000,349,191,158
2018-04-12T09:00:00.000,215,94,121
2018-04-12T10:00:00.000,73,37,36
2018-04-12T11:00:00.000,46,25,21
2018-04-12T12:00:00.000,31,17,14
2018-04-12T13:00:00.000,36,16,20
2018-04-12T14:00:00.000,42,20,22
2018-04-12T15:00:00.000,81,32,49
2018-04-12T16:00:00.000,182,49,133
2018-04-12T17:00:00.000,408,97,311
2018-04-12T18:00:00.000,274,71,203
2018-04-12T19:00:00.000,115,36,79
2018-04-12T20:00:00.000,80,26,54
2018-04-12T21:00:00.000,41,13,28
2018-04-12T22:00:00.000,25,11,14
2018-04-12T23:00:00.000,20,5,15
2018-04-13T00:00:00.000,5,1,4
2018-04-13T01:00:00.000,2,1,1
2018-04-13T02:00:00.000,1,0,1
2018-04-13T03:00:00.000,3,3,0
2018-04-13T04:00:00.000,5,1,4
2018-04-13T05:00:00.000,18,13,5
2018-04-13T06:00:00.000,75,44,31
2018-04-13T07:00:00.000,165,78,87
2018-04-13T08:00:00.000,249,141,108
2018-04-13T09:00:00.000,140,69,71
2018-04-13T10:00:00.000,57,19,38
2018-04-13T11:00:00.000,42,22,20
2018-04-13T12:00:00.000,40,26,14
2018-04-13T13:00:00.000,45,21,24
2018-04-13T14:00:00.000,41,19,22
2018-04-13T15:00:00.000,69,29,40
2018-04-13T16:00:00.000,152,31,121
2018-04-13T17:00:00.000,235,49,186
2018-04-13T18:00:00.000,146,45,101
2018-04-13T19:00:00.000,53,15,38
2018-04-13T20:00:00.000,35,8,27
2018-04-13T21:00:00.000,16,3,13
2018-04-13T22:00:00.000,21,8,13
2018-04-13T23:00:00.000,13,3,10
2018-04-14T00:00:00.000,2,0,2
2018-04-14T01:00:00.000,3,1,2
2018-04-14T02:00:00.000,2,1,1
2018-04-14T03:00:00.000,2,1,1
2018-04-14T04:00:00.000,3,1,2
2018-04-14T05:00:00.000,1,0,1
2018-04-14T06:00:00.000,12,1,11
2018-04-14T07:00:00.000,22,12,10
2018-04-14T08:00:00.000,35,18,17
2018-04-14T09:00:00.000,42,15,27
2018-04-14T10:00:00.000,34,17,17
2018-04-14T11:00:00.000,40,20,20
2018-04-14T12:00:00.000,40,14,26
2018-04-14T13:00:00.000,38,21,17
2018-04-14T14:00:00.000,31,11,20
2018-04-14T15:00:00.000,35,23,12
2018-04-14T16:00:00.000,23,12,11
2018-04-14T17:00:00.000,18,6,12
2018-04-14T18:00:00.000,14,7,7
2018-04-14T19:00:00.000,13,5,8
2018-04-14T20:00:00.000,12,6,6
2018-04-14T21:00:00.000,1,1,0
2018-04-14T22:00:00.000,3,1,2
2018-04-14T23:00:00.000,13,5,8
2018-04-15T00:00:00.000,4,2,2
2018-04-15T01:00:00.000,3,1,2
2018-04-15T02:00:00.000,1,0,1
2018-04-15T03:00:00.000,1,1,0
2018-04-15T04:00:00.000,2,0,2
2018-04-15T05:00:00.000,1,0,1
2018-04-15T06:00:00.000,6,1,5
2018-04-15T07:00:00.000,14,8,6
2018-04-15T08:00:00.000,47,28,19
2018-04-15T09:00:00.000,69,35,34
2018-04-15T10:00:00.000,66,33,33
2018-04-15T11:00:00.000,109,52,57
2018-04-15T12:00:00.000,118,72,46
2018-04-15T13:00:00.000,106,46,60
2018-04-15T14:00:00.000,82,35,47
2018-04-15T15:00:00.000,102,51,51
2018-04-15T16:00:00.000,72,38,34
2018-04-15T17:00:00.000,43,23,20
2018-04-15T18:00:00.000,34,20,14
2018-04-15T19:00:00.000,26,10,16
2018-04-15T20:00:00.000,22,13,9
2018-04-15T21:00:00.000,10,3,7
2018-04-15T22:00:00.000,9,4,5
2018-04-15T23:00:00.000,4,0,4
2018-04-16T00:00:00.000,3,1,2
2018-04-16T01:00:00.000,2,0,2
2018-04-16T02:00:00.000,3,3,0
2018-04-16T03:00:00.000,0,0,0
2018-04-16T04:00:00.000,9,3,6
2018-04-16T05:00:00.000,26,17,9
2018-04-16T06:00:00.000,103,52,51
2018-04-16T07:00:00.000,244,141,103
2018-04-16T08:00:00.000,330,173,157
2018-04-16T09:00:00.000,173,69,104
2018-04-16T10:00:00.000,42,12,30
2018-04-16T11:00:00.000,30,14,16
2018-04-16T12:00:00.000,30,17,13
2018-04-16T13:00:00.000,32,14,18
2018-04-16T14:00:00.000,41,26,15
2018-04-16T15:00:00.000,74,27,47
2018-04-16T16:00:00.000,176,37,139
2018-04-16T17:00:00.000,377,81,296
2018-04-16T18:00:00.000,234,58,176
2018-04-16T19:00:00.000,105,40,65
2018-04-16T20:00:00.000,46,17,29
2018-04-16T21:00:00.000,28,10,18
2018-04-16T22:00:00.000,17,9,8
2018-04-16T23:00:00.000,9,3,6
2018-04-17T00:00:00.000,2,2,0
2018-04-17T01:00:00.000,5,3,2
2018-04-17T02:00:00.000,4,0,4
2018-04-17T03:00:00.000,4,2,2
2018-04-17T04:00:00.000,9,3,6
2018-04-17T05:00:00.000,33,18,15
2018-04-17T06:00:00.000,131,63,68
2018-04-17T07:00:00.000,357,195,162
2018-04-17T08:00:00.000,453,239,214
2018-04-17T09:00:00.000,244,110,134
2018-04-17T10:00:00.000,78,29,49
2018-04-17T11:00:00.000,80,35,45
2018-04-17T12:00:00.000,83,49,34
2018-04-17T13:00:00.000,79,39,40
2018-04-17T14:00:00.000,82,35,47
2018-04-17T15:00:00.000,134,47,87
2018-04-17T16:00:00.000,275,65,210
2018-04-17T17:00:00.000,528,116,412
2018-04-17T18:00:00.000,385,114,271
2018-04-17T19:00:00.000,171,52,119
2018-04-17T20:00:00.000,93,45,48
2018-04-17T21:00:00.000,58,16,42
2018-04-17T22:00:00.000,32,10,22
2018-04-17T23:00:00.000,17,3,14
2018-04-18T00:00:00.000,7,6,1
2018-04-18T01:00:00.000,2,1,1
2018-04-18T02:00:00.000,3,0,3
2018-04-18T03:00:00.000,5,1,4
2018-04-18T04:00:00.000,11,5,6
2018-04-18T05:00:00.000,29,15,14
2018-04-18T06:00:00.000,145,85,60
2018-04-18T07:00:00.000,373,207,166
2018-04-18T08:00:00.000,545,282,263
2018-04-18T09:00:00.000,245,113,132
2018-04-18T10:00:00.000,91,31,60
2018-04-18T11:00:00.000,81,32,49
2018-04-18T12:00:00.000,70,36,34
2018-04-18T13:00:00.000,73,43,30
2018-04-18T14:00:00.000,84,45,39
2018-04-18T15:00:00.000,125,41,84
2018-04-18T16:00:00.000,282,85,197
2018-04-18T17:00:00.000,608,140,468
2018-04-18T18:00:00.000,485,163,322
2018-04-18T19:00:00.000,195,63,132
2018-04-18T20:00:00.000,107,36,71
2018-04-18T21:00:00.000,65,29,36
2018-04-18T22:00:00.000,43,23,20
2018-04-18T23:00:00.000,26,9,17
2018-04-19T00:00:00.000,8,3,5
2018-04-19T01:00:00.000,4,1,3
2018-04-19T02:00:00.000,3,0,3
2018-04-19T03:00:00.000,6,4,2
2018-04-19T04:00:00.000,9,4,5
2018-04-19T05:00:00.000,43,25,18
2018-04-19T06:00:00.000,146,81,65
2018-04-19T07:00:00.000,382,198,184
2018-04-19T08:00:00.000,538,293,245
2018-04-19T09:00:00.000,296,137,159
2018-04-19T10:00:00.000,110,50,60
2018-04-19T11:00:00.000,119,48,71
2018-04-19T12:00:00.000,95,53,42
2018-04-19T13:00:00.000,111,56,55
2018-04-19T14:00:00.000,116,56,60
2018-04-19T15:00:00.000,195,76,119
2018-04-19T16:00:00.000,348,90,258
2018-04-19T17:00:00.000,657,181,476
2018-04-19T18:00:00.000,441,153,288
2018-04-19T19:00:00.000,247,96,151
2018-04-19T20:00:00.000,135,55,80
2018-04-19T21:00:00.000,69,31,38
2018-04-19T22:00:00.000,39,17,22
2018-04-19T23:00:00.000,16,6,10
2018-04-20T00:00:00.000,10,1,9
2018-04-20T01:00:00.000,5,2,3
2018-04-20T02:00:00.000,2,1,1
2018-04-20T03:00:00.000,2,1,1
2018-04-20T04:00:00.000,8,4,4
2018-04-20T05:00:00.000,30,18,12
2018-04-20T06:00:00.000,118,66,52
2018-04-20T07:00:00.000,316,167,149
2018-04-20T08:00:00.000,468,246,222
2018-04-20T09:00:00.000,222,113,109
2018-04-20T10:00:00.000,104,53,51
2018-04-20T11:00:00.000,94,39,55
2018-04-20T12:00:00.000,81,32,49
2018-04-20T13:00:00.000,100,52,48
2018-04-20T14:00:00.000,118,54,64
2018-04-20T15:00:00.000,181,65,116
2018-04-20T16:00:00.000,332,87,245
2018-04-20T17:00:00.000,460,96,364
2018-04-20T18:00:00.000,305,94,211
2018-04-20T19:00:00.000,129,47,82
2018-04-20T20:00:00.000,88,20,68
2018-04-20T21:00:00.000,53,15,38
2018-04-20T22:00:00.000,52,19,33
2018-04-20T23:00:00.000,36,12,24
2018-04-21T00:00:00.000,18,7,11
2018-04-21T01:00:00.000,6,0,6
2018-04-21T02:00:00.000,3,1,2
2018-04-21T03:00:00.000,4,1,3
2018-04-21T04:00:00.000,4,2,2
2018-04-21T05:00:00.000,7,4,3
2018-04-21T06:00:00.000,20,12,8
2018-04-21T07:00:00.000,40,21,19
2018-04-21T08:00:00.000,80,36,44
2018-04-21T09:00:00.000,71,49,22
2018-04-21T10:00:00.000,140,62,78
2018-04-21T11:00:00.000,158,75,83
2018-04-21T12:00:00.000,176,80,96
2018-04-21T13:00:00.000,174,96,78
2018-04-21T14:00:00.000,139,78,61
2018-04-21T15:00:00.000,105,66,39
2018-04-21T16:00:00.000,98,56,42
2018-04-21T17:00:00.000,99,39,60
2018-04-21T18:00:00.000,81,40,41
2018-04-21T19:00:00.000,51,26,25
2018-04-21T20:00:00.000,50,25,25
2018-04-21T21:00:00.000,25,11,14
2018-04-21T22:00:00.000,22,12,10
2018-04-21T23:00:00.000,9,2,7
2018-04-22T00:00:00.000,19,3,16
2018-04-22T01:00:00.000,5,3,2
2018-04-22T02:00:00.000,7,3,4
2018-04-22T03:00:00.000,1,1,0
2018-04-22T04:00:00.000,1,0,1
2018-04-22T05:00:00.000,7,4,3
2018-04-22T06:00:00.000,23,13,10
2018-04-22T07:00:00.000,43,26,17
2018-04-22T08:00:00.000,56,31,25
2018-04-22T09:00:00.000,97,42,55
2018-04-22T10:00:00.000,118,71,47
2018-04-22T11:00:00.000,142,84,58
2018-04-22T12:00:00.000,202,117,85
2018-04-22T13:00:00.000,196,95,101
2018-04-22T14:00:00.000,231,123,108
2018-04-22T15:00:00.000,225,103,122
2018-04-22T16:00:00.000,199,85,114
2018-04-22T17:00:00.000,207,95,112
2018-04-22T18:00:00.000,115,54,61
2018-04-22T19:00:00.000,83,43,40
2018-04-22T20:00:00.000,56,26,30
2018-04-22T21:00:00.000,28,16,12
2018-04-22T22:00:00.000,15,8,7
2018-04-22T23:00:00.000,9,2,7
2018-04-23T00:00:00.000,7,2,5
2018-04-23T01:00:00.000,4,2,2
2018-04-23T02:00:00.000,2,2,0
2018-04-23T03:00:00.000,1,0,1
2018-04-23T04:00:00.000,13,5,8
2018-04-23T05:00:00.000,26,15,11
2018-04-23T06:00:00.000,167,91,76
2018-04-23T07:00:00.000,444,245,199
2018-04-23T08:00:00.000,612,336,276
2018-04-23T09:00:00.000,325,157,168
2018-04-23T10:00:00.000,115,49,66
2018-04-23T11:00:00.000,105,45,60
2018-04-23T12:00:00.000,121,60,61
2018-04-23T13:00:00.000,88,44,44
2018-04-23T14:00:00.000,139,67,72
2018-04-23T15:00:00.000,188,85,103
2018-04-23T16:00:00.000,401,117,284
2018-04-23T17:00:00.000,770,172,598
2018-04-23T18:00:00.000,467,161,306
2018-04-23T19:00:00.000,265,80,185
2018-04-23T20:00:00.000,102,35,67
2018-04-23T21:00:00.000,59,14,45
2018-04-23T22:00:00.000,24,11,13
2018-04-23T23:00:00.000,11,4,7
2018-04-24T00:00:00.000,5,3,2
2018-04-24T01:00:00.000,3,2,1
2018-04-24T02:00:00.000,2,0,2
2018-04-24T03:00:00.000,2,1,1
2018-04-24T04:00:00.000,9,4,5
2018-04-24T05:00:00.000,38,24,14
2018-04-24T06:00:00.000,230,135,95
2018-04-24T07:00:00.000,535,286,249
2018-04-24T08:00:00.000,697,356,341
2018-04-24T09:00:00.000,334,149,185
2018-04-24T10:00:00.000,134,67,67
2018-04-24T11:00:00.000,121,63,58
2018-04-24T12:00:00.000,84,44,40
2018-04-24T13:00:00.000,133,61,72
2018-04-24T14:00:00.000,129,54,75
2018-04-24T15:00:00.000,213,93,120
2018-04-24T16:00:00.000,444,124,320
2018-04-24T17:00:00.000,874,211,663
2018-04-24T18:00:00.000,610,190,420
2018-04-24T19:00:00.000,266,100,166
2018-04-24T20:00:00.000,165,65,100
2018-04-24T21:00:00.000,74,36,38
2018-04-24T22:00:00.000,66,37,29
2018-04-24T23:00:00.000,20,6,14
2018-04-25T00:00:00.000,7,5,2
2018-04-25T01:00:00.000,2,2,0
2018-04-25T02:00:00.000,4,2,2
2018-04-25T03:00:00.000,3,1,2
2018-04-25T04:00:00.000,10,4,6
2018-04-25T05:00:00.000,49,29,20
2018-04-25T06:00:00.000,190,101,89
2018-04-25T07:00:00.000,573,329,244
2018-04-25T08:00:00.000,646,328,318
2018-04-25T09:00:00.000,338,160,178
2018-04-25T10:00:00.000,146,68,78
2018-04-25T11:00:00.000,103,51,52
2018-04-25T12:00:00.000,142,61,81
2018-04-25T13:00:00.000,125,59,66
2018-04-25T14:00:00.000,153,71,82
2018-04-25T15:00:00.000,192,78,114
2018-04-25T16:00:00.000,452,146,306
2018-04-25T17:00:00.000,805,182,623
2018-04-25T18:00:00.000,528,175,353
2018-04-25T19:00:00.000,274,106,168
2018-04-25T20:00:00.000,170,67,103
2018-04-25T21:00:00.000,84,36,48
2018-04-25T22:00:00.000,45,16,29
2018-04-25T23:00:00.000,19,8,11
2018-04-26T00:00:00.000,12,8,4
2018-04-26T01:00:00.000,5,2,3
2018-04-26T02:00:00.000,1,1,0
2018-04-26T03:00:00.000,2,2,0
2018-04-26T04:00:00.000,8,3,5
2018-04-26T05:00:00.000,42,25,17
2018-04-26T06:00:00.000,195,103,92
2018-04-26T07:00:00.000,500,268,232
2018-04-26T08:00:00.000,679,354,325
2018-04-26T09:00:00.000,319,141,178
2018-04-26T10:00:00.000,168,76,92
2018-04-26T11:00:00.000,134,60,74
2018-04-26T12:00:00.000,125,52,73
2018-04-26T13:00:00.000,127,77,50
2018-04-26T14:00:00.000,164,88,76
2018-04-26T15:00:00.000,204,79,125
2018-04-26T16:00:00.000,450,114,336
2018-04-26T17:00:00.000,804,202,602
2018-04-26T18:00:00.000,573,201,372
2018-04-26T19:00:00.000,294,119,175
2018-04-26T20:00:00.000,185,71,114
2018-04-26T21:00:00.000,111,47,64
2018-04-26T22:00:00.000,50,23,27
2018-04-26T23:00:00.000,22,12,10
2018-04-27T00:00:00.000,18,2,16
2018-04-27T01:00:00.000,10,5,5
2018-04-27T02:00:00.000,0,0,0
2018-04-27T03:00:00.000,4,4,0
2018-04-27T04:00:00.000,9,4,5
2018-04-27T05:00:00.000,41,24,17
2018-04-27T06:00:00.000,131,70,61
2018-04-27T07:00:00.000,339,178,161
2018-04-27T08:00:00.000,485,250,235
2018-04-27T09:00:00.000,263,139,124
2018-04-27T10:00:00.000,95,46,49
2018-04-27T11:00:00.000,84,30,54
2018-04-27T12:00:00.000,78,38,40
2018-04-27T13:00:00.000,83,43,40
2018-04-27T14:00:00.000,97,47,50
2018-04-27T15:00:00.000,168,61,107
2018-04-27T16:00:00.000,329,78,251
2018-04-27T17:00:00.000,542,136,406
2018-04-27T18:00:00.000,341,95,246
2018-04-27T19:00:00.000,139,45,94
2018-04-27T20:00:00.000,78,28,50
2018-04-27T21:00:00.000,38,13,25
2018-04-27T22:00:00.000,25,10,15
2018-04-27T23:00:00.000,24,14,10
2018-04-28T00:00:00.000,16,6,10
2018-04-28T01:00:00.000,6,1,5
2018-04-28T02:00:00.000,3,1,2
2018-04-28T03:00:00.000,2,2,0
2018-04-28T04:00:00.000,2,1,1
2018-04-28T05:00:00.000,2,0,2
2018-04-28T06:00:00.000,7,4,3
2018-04-28T07:00:00.000,14,5,9
2018-04-28T08:00:00.000,25,10,15
2018-04-28T09:00:00.000,18,12,6
2018-04-28T10:00:00.000,18,12,6
2018-04-28T11:00:00.000,42,24,18
2018-04-28T12:00:00.000,49,24,25
2018-04-28T13:00:00.000,54,23,31
2018-04-28T14:00:00.000,55,26,29
2018-04-28T15:00:00.000,67,21,46
2018-04-28T16:00:00.000,67,36,31
2018-04-28T17:00:00.000,54,20,34
2018-04-28T18:00:00.000,44,21,23
2018-04-28T19:00:00.000,16,7,9
2018-04-28T20:00:00.000,35,13,22
2018-04-28T21:00:00.000,10,7,3
2018-04-28T22:00:00.000,14,7,7
2018-04-28T23:00:00.000,13,5,8
2018-04-29T00:00:00.000,20,5,15
2018-04-29T01:00:00.000,8,5,3
2018-04-29T02:00:00.000,7,5,2
2018-04-29T03:00:00.000,1,0,1
2018-04-29T04:00:00.000,3,2,1
2018-04-29T05:00:00.000,3,2,1
2018-04-29T06:00:00.000,21,9,12
2018-04-29T07:00:00.000,35,13,22
2018-04-29T08:00:00.000,52,24,28
2018-04-29T09:00:00.000,78,38,40
2018-04-29T10:00:00.000,96,57,39
2018-04-29T11:00:00.000,136,70,66
2018-04-29T12:00:00.000,181,89,92
2018-04-29T13:00:00.000,166,87,79
2018-04-29T14:00:00.000,124,69,55
2018-04-29T15:00:00.000,151,73,78
2018-04-29T16:00:00.000,118,64,54
2018-04-29T17:00:00.000,81,41,40
2018-04-29T18:00:00.000,61,25,36
2018-04-29T19:00:00.000,57,27,30
2018-04-29T20:00:00.000,52,23,29
2018-04-29T21:00:00.000,23,16,7
2018-04-29T22:00:00.000,15,3,12
2018-04-29T23:00:00.000,11,3,8
2018-04-30T00:00:00.000,2,1,1
2018-04-30T01:00:00.000,2,1,1
2018-04-30T02:00:00.000,4,4,0
2018-04-30T03:00:00.000,2,1,1
2018-04-30T04:00:00.000,7,1,6
2018-04-30T05:00:00.000,31,17,14
2018-04-30T06:00:00.000,145,80,65
2018-04-30T07:00:00.000,389,224,165
2018-04-30T08:00:00.000,541,272,269
2018-04-30T09:00:00.000,259,121,138
2018-04-30T10:00:00.000,94,38,56
2018-04-30T11:00:00.000,66,28,38
2018-04-30T12:00:00.000,55,27,28
2018-04-30T13:00:00.000,63,31,32
2018-04-30T14:00:00.000,81,33,48
2018-04-30T15:00:00.000,118,39,79
2018-04-30T16:00:00.000,288,81,207
2018-04-30T17:00:00.000,621,130,491
2018-04-30T18:00:00.000,410,115,295
2018-04-30T19:00:00.000,196,49,147
2018-04-30T20:00:00.000,98,34,64
2018-04-30T21:00:00.000,46,21,25
2018-04-30T22:00:00.000,23,9,14
2018-04-30T23:00:00.000,8,2,6
2018-05-01T00:00:00.000,7,4,3
2018-05-01T01:00:00.000,3,2,1
2018-05-01T02:00:00.000,4,2,2
2018-05-01T03:00:00.000,6,2,4
2018-05-01T04:00:00.000,9,3,6
2018-05-01T05:00:00.000,43,25,18
2018-05-01T06:00:00.000,209,122,87
2018-05-01T07:00:00.000,502,288,214
2018-05-01T08:00:00.000,660,345,315
2018-05-01T09:00:00.000,327,150,177
2018-05-01T10:00:00.000,123,54,69
2018-05-01T11:00:00.000,97,50,47
2018-05-01T12:00:00.000,91,53,38
2018-05-01T13:00:00.000,106,43,63
2018-05-01T14:00:00.000,118,46,72
2018-05-01T15:00:00.000,187,58,129
2018-05-01T16:00:00.000,414,102,312
2018-05-01T17:00:00.000,820,207,613
2018-05-01T18:00:00.000,489,141,348
2018-05-01T19:00:00.000,263,96,167
2018-05-01T20:00:00.000,149,60,89
2018-05-01T21:00:00.000,66,26,40
2018-05-01T22:00:00.000,57,23,34
2018-05-01T23:00:00.000,21,8,13
2018-05-02T00:00:00.000,11,4,7
2018-05-02T01:00:00.000,4,3,1
2018-05-02T02:00:00.000,2,1,1
2018-05-02T03:00:00.000,3,3,0
2018-05-02T04:00:00.000,7,4,3
2018-05-02T05:00:00.000,48,31,17
2018-05-02T06:00:00.000,214,114,100
2018-05-02T07:00:00.000,553,309,244
2018-05-02T08:00:00.000,766,399,367
2018-05-02T09:00:00.000,313,153,160
2018-05-02T10:00:00.000,149,66,83
2018-05-02T11:00:00.000,110,55,55
2018-05-02T12:00:00.000,102,44,58
2018-05-02T13:00:00.000,143,68,75
2018-05-02T14:00:00.000,150,71,79
2018-05-02T15:00:00.000,206,80,126
2018-05-02T16:00:00.000,450,130,320
2018-05-02T17:00:00.000,871,205,666
2018-05-02T18:00:00.000,606,191,415
2018-05-02T19:00:00.000,316,106,210
2018-05-02T20:00:00.000,138,47,91
2018-05-02T21:00:00.000,90,43,47
2018-05-02T22:00:00.000,50,20,30
2018-05-02T23:00:00.000,30,10,20
2018-05-03T00:00:00.000,7,4,3
2018-05-03T01:00:00.000,4,1,3
2018-05-03T02:00:00.000,5,4,1
2018-05-03T03:00:00.000,2,1,1
2018-05-03T04:00:00.000,13,7,6
2018-05-03T05:00:00.000,50,29,21
2018-05-03T06:00:00.000,170,98,72
2018-05-03T07:00:00.000,502,274,228
2018-05-03T08:00:00.000,715,367,348
2018-05-03T09:00:00.000,335,135,200
2018-05-03T10:00:00.000,108,55,53
2018-05-03T11:00:00.000,101,43,58
2018-05-03T12:00:00.000,114,54,60
2018-05-03T13:00:00.000,139,69,70
2018-05-03T14:00:00.000,114,41,73
2018-05-03T15:00:00.000,186,73,113
2018-05-03T16:00:00.000,474,151,323
2018-05-03T17:00:00.000,865,217,648
2018-05-03T18:00:00.000,487,172,315
2018-05-03T19:00:00.000,292,99,193
2018-05-03T20:00:00.000,138,54,84
2018-05-03T21:00:00.000,88,39,49
2018-05-03T22:00:00.000,45,15,30
2018-05-03T23:00:00.000,24,9,15
2018-05-04T00:00:00.000,14,2,12
2018-05-04T01:00:00.000,12,4,8
2018-05-04T02:00:00.000,5,2,3
2018-05-04T03:00:00.000,4,2,2
2018-05-04T04:00:00.000,9,4,5
2018-05-04T05:00:00.000,50,30,20
2018-05-04T06:00:00.000,151,83,68
2018-05-04T07:00:00.000,405,225,180
2018-05-04T08:00:00.000,550,283,267
2018-05-04T09:00:00.000,299,143,156
2018-05-04T10:00:00.000,99,37,62
2018-05-04T11:00:00.000,84,38,46
2018-05-04T12:00:00.000,114,59,55
2018-05-04T13:00:00.000,126,58,68
2018-05-04T14:00:00.000,142,52,90
2018-05-04T15:00:00.000,196,78,118
2018-05-04T16:00:00.000,395,104,291
2018-05-04T17:00:00.000,604,130,474
2018-05-04T18:00:00.000,387,102,285
2018-05-04T19:00:00.000,200,63,137
2018-05-04T20:00:00.000,89,37,52
2018-05-04T21:00:00.000,73,28,45
2018-05-04T22:00:00.000,51,21,30
2018-05-04T23:00:00.000,29,11,18
2018-05-05T00:00:00.000,15,7,8
2018-05-05T01:00:00.000,14,6,8
2018-05-05T02:00:00.000,5,3,2
2018-05-05T03:00:00.000,7,5,2
2018-05-05T04:00:00.000,3,1,2
2018-05-05T05:00:00.000,6,0,6
2018-05-05T06:00:00.000,26,16,10
2018-05-05T07:00:00.000,71,33,38
2018-05-05T08:00:00.000,123,60,63
2018-05-05T09:00:00.000,155,71,84
2018-05-05T10:00:00.000,186,104,82
2018-05-05T11:00:00.000,230,126,104
2018-05-05T12:00:00.000,249,139,110
2018-05-05T13:00:00.000,253,137,116
2018-05-05T14:00:00.000,214,112,102
2018-05-05T15:00:00.000,235,115,120
2018-05-05T16:00:00.000,197,93,104
2018-05-05T17:00:00.000,180,82,98
2018-05-05T18:00:00.000,125,74,51
2018-05-05T19:00:00.000,84,42,42
2018-05-05T20:00:00.000,43,22,21
2018-05-05T21:00:00.000,23,8,15
2018-05-05T22:00:00.000,26,11,15
2018-05-05T23:00:00.000,25,7,18
2018-05-06T00:00:00.000,11,6,5
2018-05-06T01:00:00.000,8,5,3
2018-05-06T02:00:00.000,3,2,1
2018-05-06T03:00:00.000,0,0,0
2018-05-06T04:00:00.000,3,1,2
2018-05-06T05:00:00.000,6,3,3
2018-05-06T06:00:00.000,22,8,14
2018-05-06T07:00:00.000,45,19,26
2018-05-06T08:00:00.000,85,43,42
2018-05-06T09:00:00.000,88,42,46
2018-05-06T10:00:00.000,164,88,76
2018-05-06T11:00:00.000,211,115,96
2018-05-06T12:00:00.000,209,115,94
2018-05-06T13:00:00.000,266,131,135
2018-05-06T14:00:00.000,280,139,141
2018-05-06T15:00:00.000,227,102,125
2018-05-06T16:00:00.000,232,112,120
2018-05-06T17:00:00.000,181,99,82
2018-05-06T18:00:00.000,123,69,54
2018-05-06T19:00:00.000,93,53,40
2018-05-06T20:00:00.000,48,23,25
2018-05-06T21:00:00.000,44,18,26
2018-05-06T22:00:00.000,19,7,12
2018-05-06T23:00:00.000,17,10,7
2018-05-07T00:00:00.000,10,6,4
2018-05-07T01:00:00.000,1,0,1
2018-05-07T02:00:00.000,0,0,0
2018-05-07T03:00:00.000,3,2,1
2018-05-07T04:00:00.000,11,6,5
2018-05-07T05:00:00.000,45,24,21
2018-05-07T06:00:00.000,195,104,91
2018-05-07T07:00:00.000,512,268,244
2018-05-07T08:00:00.000,719,381,338
2018-05-07T09:00:00.000,296,137,159
2018-05-07T10:00:00.000,118,46,72
2018-05-07T11:00:00.000,98,51,47
2018-05-07T12:00:00.000,85,40,45
2018-05-07T13:00:00.000,95,48,47
2018-05-07T14:00:00.000,108,39,69
2018-05-07T15:00:00.000,192,62,130
2018-05-07T16:00:00.000,408,104,304
2018-05-07T17:00:00.000,831,170,661
2018-05-07T18:00:00.000,540,169,371
2018-05-07T19:00:00.000,272,88,184
2018-05-07T20:00:00.000,146,62,84
2018-05-07T21:00:00.000,83,38,45
2018-05-07T22:00:00.000,30,11,19
2018-05-07T23:00:00.000,18,7,11
2018-05-08T00:00:00.000,7,3,4
2018-05-08T01:00:00.000,3,2,1
2018-05-08T02:00:00.000,0,0,0
2018-05-08T03:00:00.000,2,2,0
2018-05-08T04:00:00.000,11,4,7
2018-05-08T05:00:00.000,48,23,25
2018-05-08T06:00:00.000,225,129,96
2018-05-08T07:00:00.000,628,341,287
2018-05-08T08:00:00.000,731,405,326
2018-05-08T09:00:00.000,354,154,200
2018-05-08T10:00:00.000,142,62,80
2018-05-08T11:00:00.000,123,61,62
2018-05-08T12:00:00.000,121,59,62
2018-05-08T13:00:00.000,119,59,60
2018-05-08T14:00:00.000,136,65,71
2018-05-08T15:00:00.000,228,98,130
2018-05-08T16:00:00.000,459,121,338
2018-05-08T17:00:00.000,869,196,673
2018-05-08T18:00:00.000,485,144,341
2018-05-08T19:00:00.000,227,85,142
2018-05-08T20:00:00.000,96,33,63
2018-05-08T21:00:00.000,69,26,43
2018-05-08T22:00:00.000,44,12,32
2018-05-08T23:00:00.000,16,5,11
2018-05-09T00:00:00.000,15,8,7
2018-05-09T01:00:00.000,3,1,2
2018-05-09T02:00:00.000,2,0,2
2018-05-09T03:00:00.000,4,3,1
2018-05-09T04:00:00.000,7,4,3
2018-05-09T05:00:00.000,46,26,20
2018-05-09T06:00:00.000,199,113,86
2018-05-09T07:00:00.000,508,274,234
2018-05-09T08:00:00.000,669,355,314
2018-05-09T09:00:00.000,336,158,178
2018-05-09T10:00:00.000,140,65,75
2018-05-09T11:00:00.000,86,39,47
2018-05-09T12:00:00.000,86,44,42
2018-05-09T13:00:00.000,85,40,45
2018-05-09T14:00:00.000,116,46,70
2018-05-09T15:00:00.000,198,85,113
2018-05-09T16:00:00.000,386,95,291
2018-05-09T17:00:00.000,812,231,581
2018-05-09T18:00:00.000,520,143,377
2018-05-09T19:00:00.000,293,101,192
2018-05-09T20:00:00.000,172,65,107
2018-05-09T21:00:00.000,82,26,56
2018-05-09T22:00:00.000,44,17,27
2018-05-09T23:00:00.000,24,9,15
2018-05-10T00:00:00.000,12,4,8
2018-05-10T01:00:00.000,5,3,2
2018-05-10T02:00:00.000,5,0,5
2018-05-10T03:00:00.000,4,3,1
2018-05-10T04:00:00.000,9,3,6
2018-05-10T05:00:00.000,56,35,21
2018-05-10T06:00:00.000,143,77,66
2018-05-10T07:00:00.000,381,196,185
2018-05-10T08:00:00.000,550,297,253
2018-05-10T09:00:00.000,255,118,137
2018-05-10T10:00:00.000,91,38,53
2018-05-10T11:00:00.000,67,30,37
2018-05-10T12:00:00.000,73,34,39
2018-05-10T13:00:00.000,81,46,35
2018-05-10T14:00:00.000,85,32,53
2018-05-10T15:00:00.000,149,61,88
2018-05-10T16:00:00.000,298,81,217
2018-05-10T17:00:00.000,623,166,457
2018-05-10T18:00:00.000,441,139,302
2018-05-10T19:00:00.000,209,78,131
2018-05-10T20:00:00.000,125,46,79
2018-05-10T21:00:00.000,65,29,36
2018-05-10T22:00:00.000,28,10,18
2018-05-10T23:00:00.000,18,9,9
2018-05-11T00:00:00.000,11,3,8
2018-05-11T01:00:00.000,5,2,3
2018-05-11T02:00:00.000,6,1,5
2018-05-11T03:00:00.000,6,5,1
2018-05-11T04:00:00.000,9,4,5
2018-05-11T05:00:00.000,62,35,27
2018-05-11T06:00:00.000,180,96,84
2018-05-11T07:00:00.000,417,224,193
2018-05-11T08:00:00.000,573,310,263
2018-05-11T09:00:00.000,266,123,143
2018-05-11T10:00:00.000,115,50,65
2018-05-11T11:00:00.000,94,38,56
2018-05-11T12:00:00.000,90,35,55
2018-05-11T13:00:00.000,111,56,55
2018-05-11T14:00:00.000,165,57,108
2018-05-11T15:00:00.000,242,94,148
2018-05-11T16:00:00.000,447,108,339
2018-05-11T17:00:00.000,684,156,528
2018-05-11T18:00:00.000,393,143,250
2018-05-11T19:00:00.000,225,88,137
2018-05-11T20:00:00.000,142,57,85
2018-05-11T21:00:00.000,83,27,56
2018-05-11T22:00:00.000,46,26,20
2018-05-11T23:00:00.000,31,13,18
2018-05-12T00:00:00.000,35,17,18
2018-05-12T01:00:00.000,18,12,6
2018-05-12T02:00:00.000,5,2,3
2018-05-12T03:00:00.000,4,4,0
2018-05-12T04:00:00.000,6,2,4
2018-05-12T05:00:00.000,7,2,5
2018-05-12T06:00:00.000,38,15,23
2018-05-12T07:00:00.000,64,24,40
2018-05-12T08:00:00.000,104,53,51
2018-05-12T09:00:00.000,165,85,80
2018-05-12T10:00:00.000,163,71,92
2018-05-12T11:00:00.000,225,123,102
2018-05-12T12:00:00.000,199,97,102
2018-05-12T13:00:00.000,326,170,156
2018-05-12T14:00:00.000,235,117,118
2018-05-12T15:00:00.000,268,127,141
2018-05-12T16:00:00.000,242,101,141
2018-05-12T17:00:00.000,233,132,101
2018-05-12T18:00:00.000,217,115,102
2018-05-12T19:00:00.000,119,63,56
2018-05-12T20:00:00.000,107,54,53
2018-05-12T21:00:00.000,66,35,31
2018-05-12T22:00:00.000,62,28,34
2018-05-12T23:00:00.000,24,9,15
2018-05-13T00:00:00.000,24,10,14
2018-05-13T01:00:00.000,12,4,8
2018-05-13T02:00:00.000,3,0,3
2018-05-13T03:00:00.000,5,2,3
2018-05-13T04:00:00.000,5,2,3
2018-05-13T05:00:00.000,6,6,0
2018-05-13T06:00:00.000,35,13,22
2018-05-13T07:00:00.000,51,25,26
2018-05-13T08:00:00.000,84,52,32
2018-05-13T09:00:00.000,140,65,75
2018-05-13T10:00:00.000,172,82,90
2018-05-13T11:00:00.000,170,86,84
2018-05-13T12:00:00.000,258,128,130
2018-05-13T13:00:00.000,278,146,132
2018-05-13T14:00:00.000,247,134,113
2018-05-13T15:00:00.000,253,124,129
2018-05-13T16:00:00.000,232,93,139
2018-05-13T17:00:00.000,186,108,78
2018-05-13T18:00:00.000,150,93,57
2018-05-13T19:00:00.000,100,49,51
2018-05-13T20:00:00.000,90,35,55
2018-05-13T21:00:00.000,36,14,22
2018-05-13T22:00:00.000,28,11,17
2018-05-13T23:00:00.000,28,10,18
2018-05-14T00:00:00.000,2,1,1
2018-05-14T01:00:00.000,3,2,1
2018-05-14T02:00:00.000,2,0,2
2018-05-14T03:00:00.000,5,4,1
2018-05-14T04:00:00.000,9,4,5
2018-05-14T05:00:00.000,65,39,26
2018-05-14T06:00:00.000,191,102,89
2018-05-14T07:00:00.000,588,337,251
2018-05-14T08:00:00.000,811,438,373
2018-05-14T09:00:00.000,390,181,209
2018-05-14T10:00:00.000,138,66,72
2018-05-14T11:00:00.000,127,59,68
2018-05-14T12:00:00.000,127,64,63
2018-05-14T13:00:00.000,111,44,67
2018-05-14T14:00:00.000,115,39,76
2018-05-14T15:00:00.000,219,92,127
2018-05-14T16:00:00.000,495,111,384
2018-05-14T17:00:00.000,903,205,698
2018-05-14T18:00:00.000,567,181,386
2018-05-14T19:00:00.000,249,95,154
2018-05-14T20:00:00.000,162,60,102
2018-05-14T21:00:00.000,102,33,69
2018-05-14T22:00:00.000,40,19,21
2018-05-14T23:00:00.000,22,8,14
2018-05-15T00:00:00.000,11,4,7
2018-05-15T01:00:00.000,5,3,2
2018-05-15T02:00:00.000,2,2,0
2018-05-15T03:00:00.000,4,0,4
2018-05-15T04:00:00.000,12,5,7
2018-05-15T05:00:00.000,61,37,24
2018-05-15T06:00:00.000,267,144,123
2018-05-15T07:00:00.000,568,313,255
2018-05-15T08:00:00.000,730,368,362
2018-05-15T09:00:00.000,376,175,201
2018-05-15T10:00:00.000,141,56,85
2018-05-15T11:00:00.000,116,51,65
2018-05-15T12:00:00.000,88,58,30
2018-05-15T13:00:00.000,98,47,51
2018-05-15T14:00:00.000,166,65,101
2018-05-15T15:00:00.000,196,84,112
2018-05-15T16:00:00.000,474,128,346
2018-05-15T17:00:00.000,907,213,694
2018-05-15T18:00:00.000,619,198,421
2018-05-15T19:00:00.000,308,118,190
2018-05-15T20:00:00.000,150,50,100
2018-05-15T21:00:00.000,104,46,58
2018-05-15T22:00:00.000,50,16,34
2018-05-15T23:00:00.000,26,13,13
2018-05-16T00:00:00.000,10,1,9
2018-05-16T01:00:00.000,10,5,5
2018-05-16T02:00:00.000,1,1,0
2018-05-16T03:00:00.000,0,0,0
2018-05-16T04:00:00.000,14,8,6
2018-05-16T05:00:00.000,48,31,17
2018-05-16T06:00:00.000,230,124,106
2018-05-16T07:00:00.000,571,319,252
2018-05-16T08:00:00.000,704,357,347
2018-05-16T09:00:00.000,365,169,196
2018-05-16T10:00:00.000,144,76,68
2018-05-16T11:00:00.000,110,74,36
2018-05-16T12:00:00.000,95,48,47
2018-05-16T13:00:00.000,123,53,70
2018-05-16T14:00:00.000,117,56,61
2018-05-16T15:00:00.000,197,70,127
2018-05-16T16:00:00.000,500,139,361
2018-05-16T17:00:00.000,828,196,632
2018-05-16T18:00:00.000,531,146,385
2018-05-16T19:00:00.000,285,102,183
2018-05-16T20:00:00.000,168,79,89
2018-05-16T21:00:00.000,96,44,52
2018-05-16T22:00:00.000,54,24,30
2018-05-16T23:00:00.000,39,16,23
2018-05-17T00:00:00.000,12,3,9
2018-05-17T01:00:00.000,3,3,0
2018-05-17T02:00:00.000,3,0,3
2018-05-17T03:00:00.000,4,2,2
2018-05-17T04:00:00.000,11,7,4
2018-05-17T05:00:00.000,53,31,22
2018-05-17T06:00:00.000,196,112,84
2018-05-17T07:00:00.000,496,269,227
2018-05-17T08:00:00.000,668,346,322
2018-05-17T09:00:00.000,323,154,169
2018-05-17T10:00:00.000,145,69,76
2018-05-17T11:00:00.000,109,56,53
2018-05-17T12:00:00.000,91,46,45
2018-05-17T13:00:00.000,128,58,70
2018-05-17T14:00:00.000,117,53,64
2018-05-17T15:00:00.000,227,106,121
2018-05-17T16:00:00.000,407,123,284
2018-05-17T17:00:00.000,767,190,577
2018-05-17T18:00:00.000,510,153,357
2018-05-17T19:00:00.000,262,81,181
2018-05-17T20:00:00.000,162,79,83
2018-05-17T21:00:00.000,78,35,43
2018-05-17T22:00:00.000,53,23,30
2018-05-17T23:00:00.000,25,9,16
2018-05-18T00:00:00.000,13,5,8
2018-05-18T01:00:00.000,7,3,4
2018-05-18T02:00:00.000,0,0,0
2018-05-18T03:00:00.000,4,2,2
2018-05-18T04:00:00.000,9,3,6
2018-05-18T05:00:00.000,55,37,18
2018-05-18T06:00:00.000,265,158,107
2018-05-18T07:00:00.000,745,470,275
2018-05-18T08:00:00.000,822,495,327
2018-05-18T09:00:00.000,364,187,177
2018-05-18T10:00:00.000,141,55,86
2018-05-18T11:00:00.000,101,46,55
2018-05-18T12:00:00.000,135,60,75
2018-05-18T13:00:00.000,120,55,65
2018-05-18T14:00:00.000,133,55,78
2018-05-18T15:00:00.000,222,71,151
2018-05-18T16:00:00.000,543,137,406
2018-05-18T17:00:00.000,734,161,573
2018-05-18T18:00:00.000,397,131,266
2018-05-18T19:00:00.000,181,70,111
2018-05-18T20:00:00.000,109,53,56
2018-05-18T21:00:00.000,61,29,32
2018-05-18T22:00:00.000,47,15,32
2018-05-18T23:00:00.000,30,9,21
2018-05-19T00:00:00.000,23,8,15
2018-05-19T01:00:00.000,15,8,7
2018-05-19T02:00:00.000,4,1,3
2018-05-19T03:00:00.000,3,3,0
2018-05-19T04:00:00.000,4,1,3
2018-05-19T05:00:00.000,15,4,11
2018-05-19T06:00:00.000,23,8,15
2018-05-19T07:00:00.000,75,41,34
2018-05-19T08:00:00.000,106,47,59
2018-05-19T09:00:00.000,179,108,71
2018-05-19T10:00:00.000,153,85,68
2018-05-19T11:00:00.000,187,84,103
2018-05-19T12:00:00.000,228,102,126
2018-05-19T13:00:00.000,223,110,113
2018-05-19T14:00:00.000,212,93,119
2018-05-19T15:00:00.000,219,111,108
2018-05-19T16:00:00.000,210,98,112
2018-05-19T17:00:00.000,214,118,96
2018-05-19T18:00:00.000,151,81,70
2018-05-19T19:00:00.000,66,41,25
2018-05-19T20:00:00.000,36,10,26
2018-05-19T21:00:00.000,43,19,24
2018-05-19T22:00:00.000,35,18,17
2018-05-19T23:00:00.000,25,12,13
2018-05-20T00:00:00.000,14,3,11
2018-05-20T01:00:00.000,7,3,4
2018-05-20T02:00:00.000,6,2,4
2018-05-20T03:00:00.000,2,1,1
2018-05-20T04:00:00.000,2,0,2
2018-05-20T05:00:00.000,7,5,2
2018-05-20T06:00:00.000,14,7,7
2018-05-20T07:00:00.000,33,14,19
2018-05-20T08:00:00.000,74,33,41
2018-05-20T09:00:00.000,79,36,43
2018-05-20T10:00:00.000,119,68,51
2018-05-20T11:00:00.000,133,68,65
2018-05-20T12:00:00.000,159,73,86
2018-05-20T13:00:00.000,169,89,80
2018-05-20T14:00:00.000,175,91,84
2018-05-20T15:00:00.000,169,85,84
2018-05-20T16:00:00.000,172,98,74
2018-05-20T17:00:00.000,164,85,79
2018-05-20T18:00:00.000,110,68,42
2018-05-20T19:00:00.000,89,34,55
2018-05-20T20:00:00.000,51,17,34
2018-05-20T21:00:00.000,42,24,18
2018-05-20T22:00:00.000,22,11,11
2018-05-20T23:00:00.000,13,3,10
2018-05-21T00:00:00.000,7,1,6
2018-05-21T01:00:00.000,3,0,3
2018-05-21T02:00:00.000,3,1,2
2018-05-21T03:00:00.000,6,4,2
2018-05-21T04:00:00.000,12,3,9
2018-05-21T05:00:00.000,51,30,21
2018-05-21T06:00:00.000,189,102,87
2018-05-21T07:00:00.000,529,286,243
2018-05-21T08:00:00.000,685,354,331
2018-05-21T09:00:00.000,379,176,203
2018-05-21T10:00:00.000,149,78,71
2018-05-21T11:00:00.000,129,72,57
2018-05-21T12:00:00.000,108,45,63
2018-05-21T13:00:00.000,100,45,55
2018-05-21T14:00:00.000,116,52,64
2018-05-21T15:00:00.000,202,75,127
2018-05-21T16:00:00.000,438,117,321
2018-05-21T17:00:00.000,837,186,651
2018-05-21T18:00:00.000,606,177,429
2018-05-21T19:00:00.000,245,85,160
2018-05-21T20:00:00.000,165,66,99
2018-05-21T21:00:00.000,86,33,53
2018-05-21T22:00:00.000,46,25,21
2018-05-21T23:00:00.000,14,5,9
2018-05-22T00:00:00.000,9,5,4
2018-05-22T01:00:00.000,8,5,3
2018-05-22T02:00:00.000,3,3,0
2018-05-22T03:00:00.000,3,2,1
2018-05-22T04:00:00.000,17,9,8
2018-05-22T05:00:00.000,68,36,32
2018-05-22T06:00:00.000,249,132,117
2018-05-22T07:00:00.000,640,338,302
2018-05-22T08:00:00.000,748,400,348
2018-05-22T09:00:00.000,404,174,230
2018-05-22T10:00:00.000,157,75,82
2018-05-22T11:00:00.000,129,63,66
2018-05-22T12:00:00.000,134,58,76
2018-05-22T13:00:00.000,126,48,78
2018-05-22T14:00:00.000,158,79,79
2018-05-22T15:00:00.000,240,81,159
2018-05-22T16:00:00.000,528,148,380
2018-05-22T17:00:00.000,868,211,657
2018-05-22T18:00:00.000,567,193,374
2018-05-22T19:00:00.000,348,102,246
2018-05-22T20:00:00.000,187,65,122
2018-05-22T21:00:00.000,95,45,50
2018-05-22T22:00:00.000,60,28,32
2018-05-22T23:00:00.000,41,12,29
2018-05-23T00:00:00.000,13,8,5
2018-05-23T01:00:00.000,8,3,5
2018-05-23T02:00:00.000,3,0,3
2018-05-23T03:00:00.000,6,4,2
2018-05-23T04:00:00.000,18,9,9
2018-05-23T05:00:00.000,72,32,40
2018-05-23T06:00:00.000,215,111,104
2018-05-23T07:00:00.000,585,294,291
2018-05-23T08:00:00.000,714,376,338
2018-05-23T09:00:00.000,350,168,182
2018-05-23T10:00:00.000,132,57,75
2018-05-23T11:00:00.000,142,66,76
2018-05-23T12:00:00.000,115,58,57
2018-05-23T13:00:00.000,160,83,77
2018-05-23T14:00:00.000,172,81,91
2018-05-23T15:00:00.000,233,102,131
2018-05-23T16:00:00.000,502,146,356
2018-05-23T17:00:00.000,924,215,709
2018-05-23T18:00:00.000,561,177,384
2018-05-23T19:00:00.000,302,104,198
2018-05-23T20:00:00.000,210,90,120
2018-05-23T21:00:00.000,103,42,61
2018-05-23T22:00:00.000,60,21,39
2018-05-23T23:00:00.000,32,17,15
2018-05-24T00:00:00.000,20,6,14
2018-05-24T01:00:00.000,1,1,0
2018-05-24T02:00:00.000,4,2,2
2018-05-24T03:00:00.000,6,2,4
2018-05-24T04:00:00.000,12,10,2
2018-05-24T05:00:00.000,69,39,30
2018-05-24T06:00:00.000,182,94,88
2018-05-24T07:00:00.000,467,251,216
2018-05-24T08:00:00.000,696,374,322
2018-05-24T09:00:00.000,333,150,183
2018-05-24T10:00:00.000,135,63,72
2018-05-24T11:00:00.000,91,47,44
2018-05-24T12:00:00.000,112,68,44
2018-05-24T13:00:00.000,116,55,61
2018-05-24T14:00:00.000,129,51,78
2018-05-24T15:00:00.000,189,66,123
2018-05-24T16:00:00.000,418,125,293
2018-05-24T17:00:00.000,775,199,576
2018-05-24T18:00:00.000,533,170,363
2018-05-24T19:00:00.000,240,94,146
2018-05-24T20:00:00.000,149,63,86
2018-05-24T21:00:00.000,97,26,71
2018-05-24T22:00:00.000,46,22,24
2018-05-24T23:00:00.000,25,12,13
2018-05-25T00:00:00.000,12,5,7
2018-05-25T01:00:00.000,6,2,4
2018-05-25T02:00:00.000,2,0,2
2018-05-25T03:00:00.000,1,1,0
2018-05-25T04:00:00.000,14,10,4
2018-05-25T05:00:00.000,55,27,28
2018-05-25T06:00:00.000,157,69,88
2018-05-25T07:00:00.000,384,199,185
2018-05-25T08:00:00.000,534,273,261
2018-05-25T09:00:00.000,322,146,176
2018-05-25T10:00:00.000,137,60,77
2018-05-25T11:00:00.000,85,32,53
2018-05-25T12:00:00.000,133,52,81
2018-05-25T13:00:00.000,140,54,86
2018-05-25T14:00:00.000,169,52,117
2018-05-25T15:00:00.000,250,75,175
2018-05-25T16:00:00.000,393,95,298
2018-05-25T17:00:00.000,555,147,408
2018-05-25T18:00:00.000,285,85,200
2018-05-25T19:00:00.000,132,60,72
2018-05-25T20:00:00.000,84,41,43
2018-05-25T21:00:00.000,84,29,55
2018-05-25T22:00:00.000,68,31,37
2018-05-25T23:00:00.000,43,13,30
2018-05-26T00:00:00.000,18,9,9
2018-05-26T01:00:00.000,17,8,9
2018-05-26T02:00:00.000,8,5,3
2018-05-26T03:00:00.000,1,0,1
2018-05-26T04:00:00.000,6,3,3
2018-05-26T05:00:00.000,10,3,7
2018-05-26T06:00:00.000,23,9,14
2018-05-26T07:00:00.000,63,26,37
2018-05-26T08:00:00.000,79,37,42
2018-05-26T09:00:00.000,103,51,52
2018-05-26T10:00:00.000,130,57,73
2018-05-26T11:00:00.000,196,98,98
2018-05-26T12:00:00.000,206,123,83
2018-05-26T13:00:00.000,208,113,95
2018-05-26T14:00:00.000,179,90,89
2018-05-26T15:00:00.000,186,100,86
2018-05-26T16:00:00.000,192,89,103
2018-05-26T17:00:00.000,139,59,80
2018-05-26T18:00:00.000,119,52,67
2018-05-26T19:00:00.000,95,39,56
2018-05-26T20:00:00.000,66,21,45
2018-05-26T21:00:00.000,55,11,44
2018-05-26T22:00:00.000,50,20,30
2018-05-26T23:00:00.000,29,13,16
2018-05-27T00:00:00.000,5,2,3
2018-05-27T01:00:00.000,10,5,5
2018-05-27T02:00:00.000,7,4,3
2018-05-27T03:00:00.000,4,0,4
2018-05-27T04:00:00.000,2,1,1
2018-05-27T05:00:00.000,9,3,6
2018-05-27T06:00:00.000,17,8,9
2018-05-27T07:00:00.000,45,20,25
2018-05-27T08:00:00.000,83,43,40
2018-05-27T09:00:00.000,122,57,65
2018-05-27T10:00:00.000,149,66,83
2018-05-27T11:00:00.000,181,92,89
2018-05-27T12:00:00.000,236,109,127
2018-05-27T13:00:00.000,250,148,102
2018-05-27T14:00:00.000,271,127,144
2018-05-27T15:00:00.000,245,121,124
2018-05-27T16:00:00.000,231,115,116
2018-05-27T17:00:00.000,214,91,123
2018-05-27T18:00:00.000,195,102,93
2018-05-27T19:00:00.000,123,51,72
2018-05-27T20:00:00.000,98,36,62
2018-05-27T21:00:00.000,71,22,49
2018-05-27T22:00:00.000,45,14,31
2018-05-27T23:00:00.000,13,3,10
2018-05-28T00:00:00.000,18,11,7
2018-05-28T01:00:00.000,6,3,3
2018-05-28T02:00:00.000,4,4,0
2018-05-28T03:00:00.000,0,0,0
2018-05-28T04:00:00.000,3,0,3
2018-05-28T05:00:00.000,9,7,2
2018-05-28T06:00:00.000,29,13,16
2018-05-28T07:00:00.000,52,26,26
2018-05-28T08:00:00.000,85,43,42
2018-05-28T09:00:00.000,110,51,59
2018-05-28T10:00:00.000,167,85,82
2018-05-28T11:00:00.000,199,92,107
2018-05-28T12:00:00.000,195,81,114
2018-05-28T13:00:00.000,234,104,130
2018-05-28T14:00:00.000,263,119,144
2018-05-28T15:00:00.000,257,114,143
2018-05-28T16:00:00.000,255,135,120
2018-05-28T17:00:00.000,172,73,99
2018-05-28T18:00:00.000,122,57,65
2018-05-28T19:00:00.000,107,51,56
2018-05-28T20:00:00.000,68,27,41
2018-05-28T21:00:00.000,28,10,18
2018-05-28T22:00:00.000,28,9,19
2018-05-28T23:00:00.000,13,6,7
2018-05-29T00:00:00.000,12,7,5
2018-05-29T01:00:00.000,3,3,0
2018-05-29T02:00:00.000,0,0,0
2018-05-29T03:00:00.000,6,4,2
2018-05-29T04:00:00.000,10,4,6
2018-05-29T05:00:00.000,40,21,19
2018-05-29T06:00:00.000,190,93,97
2018-05-29T07:00:00.000,491,264,227
2018-05-29T08:00:00.000,679,355,324
2018-05-29T09:00:00.000,304,133,171
2018-05-29T10:00:00.000,132,49,83
2018-05-29T11:00:00.000,95,39,56
2018-05-29T12:00:00.000,70,30,40
2018-05-29T13:00:00.000,97,42,55
2018-05-29T14:00:00.000,97,52,45
2018-05-29T15:00:00.000,159,56,103
2018-05-29T16:00:00.000,383,103,280
2018-05-29T17:00:00.000,779,185,594
2018-05-29T18:00:00.000,455,142,313
2018-05-29T19:00:00.000,218,69,149
2018-05-29T20:00:00.000,127,44,83
2018-05-29T21:00:00.000,60,21,39
2018-05-29T22:00:00.000,25,9,16
2018-05-29T23:00:00.000,16,6,10
2018-05-30T00:00:00.000,5,0,5
2018-05-30T01:00:00.000,8,5,3
2018-05-30T02:00:00.000,1,0,1
2018-05-30T03:00:00.000,7,4,3
2018-05-30T04:00:00.000,13,7,6
2018-05-30T05:00:00.000,75,44,31
2018-05-30T06:00:00.000,204,114,90
2018-05-30T07:00:00.000,545,297,248
2018-05-30T08:00:00.000,687,364,323
2018-05-30T09:00:00.000,285,135,150
2018-05-30T10:00:00.000,146,70,76
2018-05-30T11:00:00.000,78,43,35
2018-05-30T12:00:00.000,95,45,50
2018-05-30T13:00:00.000,103,45,58
2018-05-30T14:00:00.000,115,45,70
2018-05-30T15:00:00.000,187,66,121
2018-05-30T16:00:00.000,462,121,341
2018-05-30T17:00:00.000,804,189,615
2018-05-30T18:00:00.000,660,203,457
2018-05-30T19:00:00.000,274,104,170
2018-05-30T20:00:00.000,167,60,107
2018-05-30T21:00:00.000,87,35,52
2018-05-30T22:00:00.000,46,22,24
2018-05-30T23:00:00.000,23,6,17
2018-05-31T00:00:00.000,9,7,2
2018-05-31T01:00:00.000,6,3,3
2018-05-31T02:00:00.000,4,4,0
2018-05-31T03:00:00.000,4,3,1
2018-05-31T04:00:00.000,13,10,3
2018-05-31T05:00:00.000,59,39,20
2018-05-31T06:00:00.000,178,92,86
2018-05-31T07:00:00.000,520,271,249
2018-05-31T08:00:00.000,659,345,314
2018-05-31T09:00:00.000,310,145,165
2018-05-31T10:00:00.000,96,48,48
2018-05-31T11:00:00.000,90,53,37
2018-05-31T12:00:00.000,75,27,48
2018-05-31T13:00:00.000,90,46,44
2018-05-31T14:00:00.000,108,42,66
2018-05-31T15:00:00.000,179,70,109
2018-05-31T16:00:00.000,379,97,282
2018-05-31T17:00:00.000,753,202,551
2018-05-31T18:00:00.000,500,156,344
2018-05-31T19:00:00.000,248,84,164
2018-05-31T20:00:00.000,120,27,93
2018-05-31T21:00:00.000,99,36,63
2018-05-31T22:00:00.000,51,21,30
2018-05-31T23:00:00.000,30,14,16
2018-06-01T00:00:00.000,7,4,3
2018-06-01T01:00:00.000,4,1,3
2018-06-01T02:00:00.000,0,0,0
2018-06-01T03:00:00.000,11,8,3
2018-06-01T04:00:00.000,8,4,4
2018-06-01T05:00:00.000,43,22,21
2018-06-01T06:00:00.000,132,62,70
2018-06-01T07:00:00.000,373,187,186
2018-06-01T08:00:00.000,555,284,271
2018-06-01T09:00:00.000,276,130,146
2018-06-01T10:00:00.000,137,73,64
2018-06-01T11:00:00.000,102,49,53
2018-06-01T12:00:00.000,92,38,54
2018-06-01T13:00:00.000,104,44,60
2018-06-01T14:00:00.000,143,60,83
2018-06-01T15:00:00.000,222,76,146
2018-06-01T16:00:00.000,387,109,278
2018-06-01T17:00:00.000,639,139,500
2018-06-01T18:00:00.000,423,142,281
2018-06-01T19:00:00.000,223,99,124
2018-06-01T20:00:00.000,120,49,71
2018-06-01T21:00:00.000,88,51,37
2018-06-01T22:00:00.000,48,21,27
2018-06-01T23:00:00.000,30,13,17
2018-06-02T00:00:00.000,38,10,28
2018-06-02T01:00:00.000,24,11,13
2018-06-02T02:00:00.000,12,6,6
2018-06-02T03:00:00.000,7,3,4
2018-06-02T04:00:00.000,8,4,4
2018-06-02T05:00:00.000,16,10,6
2018-06-02T06:00:00.000,31,13,18
2018-06-02T07:00:00.000,62,32,30
2018-06-02T08:00:00.000,88,44,44
2018-06-02T09:00:00.000,160,91,69
2018-06-02T10:00:00.000,180,87,93
2018-06-02T11:00:00.000,231,117,114
2018-06-02T12:00:00.000,236,112,124
2018-06-02T13:00:00.000,250,128,122
2018-06-02T14:00:00.000,271,140,131
2018-06-02T15:00:00.000,253,130,123
2018-06-02T16:00:00.000,245,131,114
2018-06-02T17:00:00.000,221,97,124
2018-06-02T18:00:00.000,194,101,93
2018-06-02T19:00:00.000,112,48,64
2018-06-02T20:00:00.000,125,53,72
2018-06-02T21:00:00.000,65,33,32
2018-06-02T22:00:00.000,54,23,31
2018-06-02T23:00:00.000,28,7,21
2018-06-03T00:00:00.000,16,4,12
2018-06-03T01:00:00.000,27,9,18
2018-06-03T02:00:00.000,12,5,7
2018-06-03T03:00:00.000,4,2,2
2018-06-03T04:00:00.000,7,2,5
2018-06-03T05:00:00.000,7,4,3
2018-06-03T06:00:00.000,24,13,11
2018-06-03T07:00:00.000,57,38,19
2018-06-03T08:00:00.000,82,41,41
2018-06-03T09:00:00.000,102,57,45
2018-06-03T10:00:00.000,148,79,69
2018-06-03T11:00:00.000,160,88,72
2018-06-03T12:00:00.000,154,93,61
2018-06-03T13:00:00.000,134,51,83
2018-06-03T14:00:00.000,84,35,49
2018-06-03T15:00:00.000,68,31,37
2018-06-03T16:00:00.000,63,27,36
2018-06-03T17:00:00.000,47,16,31
2018-06-03T18:00:00.000,43,23,20
2018-06-03T19:00:00.000,38,20,18
2018-06-03T20:00:00.000,28,18,10
2018-06-03T21:00:00.000,19,11,8
2018-06-03T22:00:00.000,14,7,7
2018-06-03T23:00:00.000,6,1,5
2018-06-04T00:00:00.000,3,3,0
2018-06-04T01:00:00.000,1,0,1
2018-06-04T02:00:00.000,5,2,3
2018-06-04T03:00:00.000,1,0,1
2018-06-04T04:00:00.000,14,7,7
2018-06-04T05:00:00.000,46,25,21
2018-06-04T06:00:00.000,144,82,62
2018-06-04T07:00:00.000,409,197,212
2018-06-04T08:00:00.000,570,295,275
2018-06-04T09:00:00.000,243,119,124
2018-06-04T10:00:00.000,76,36,40
2018-06-04T11:00:00.000,59,26,33
2018-06-04T12:00:00.000,63,30,33
2018-06-04T13:00:00.000,85,40,45
2018-06-04T14:00:00.000,89,47,42
2018-06-04T15:00:00.000,149,46,103
2018-06-04T16:00:00.000,329,91,238
2018-06-04T17:00:00.000,688,149,539
2018-06-04T18:00:00.000,416,135,281
2018-06-04T19:00:00.000,206,82,124
2018-06-04T20:00:00.000,109,44,65
2018-06-04T21:00:00.000,67,34,33
2018-06-04T22:00:00.000,35,17,18
2018-06-04T23:00:00.000,10,7,3
2018-06-05T00:00:00.000,11,7,4
2018-06-05T01:00:00.000,6,3,3
2018-06-05T02:00:00.000,3,0,3
2018-06-05T03:00:00.000,5,3,2
2018-06-05T04:00:00.000,8,5,3
2018-06-05T05:00:00.000,60,33,27
2018-06-05T06:00:00.000,202,93,109
2018-06-05T07:00:00.000,538,282,256
2018-06-05T08:00:00.000,695,357,338
2018-06-05T09:00:00.000,359,163,196
2018-06-05T10:00:00.000,134,67,67
2018-06-05T11:00:00.000,113,53,60
2018-06-05T12:00:00.000,86,38,48
2018-06-05T13:00:00.000,133,74,59
2018-06-05T14:00:00.000,121,62,59
2018-06-05T15:00:00.000,194,75,119
2018-06-05T16:00:00.000,415,114,301
2018-06-05T17:00:00.000,839,189,650
2018-06-05T18:00:00.000,496,161,335
2018-06-05T19:00:00.000,281,98,183
2018-06-05T20:00:00.000,172,70,102
2018-06-05T21:00:00.000,86,36,50
2018-06-05T22:00:00.000,45,12,33
2018-06-05T23:00:00.000,21,11,10
2018-06-06T00:00:00.000,9,4,5
2018-06-06T01:00:00.000,7,2,5
2018-06-06T02:00:00.000,2,0,2
2018-06-06T03:00:00.000,5,4,1
2018-06-06T04:00:00.000,12,6,6
2018-06-06T05:00:00.000,55,34,21
2018-06-06T06:00:00.000,213,110,103
2018-06-06T07:00:00.000,544,277,267
2018-06-06T08:00:00.000,638,330,308
2018-06-06T09:00:00.000,370,183,187
2018-06-06T10:00:00.000,166,67,99
2018-06-06T11:00:00.000,126,70,56
2018-06-06T12:00:00.000,118,61,57
2018-06-06T13:00:00.000,123,58,65
2018-06-06T14:00:00.000,142,65,77
2018-06-06T15:00:00.000,203,66,137
2018-06-06T16:00:00.000,479,147,332
2018-06-06T17:00:00.000,837,192,645
2018-06-06T18:00:00.000,542,175,367
2018-06-06T19:00:00.000,275,107,168
2018-06-06T20:00:00.000,143,61,82
2018-06-06T21:00:00.000,107,37,70
2018-06-06T22:00:00.000,57,21,36
2018-06-06T23:00:00.000,47,21,26
2018-06-07T00:00:00.000,20,5,15
2018-06-07T01:00:00.000,5,4,1
2018-06-07T02:00:00.000,3,0,3
2018-06-07T03:00:00.000,5,3,2
2018-06-07T04:00:00.000,12,6,6
2018-06-07T05:00:00.000,55,33,22
2018-06-07T06:00:00.000,196,91,105
2018-06-07T07:00:00.000,454,230,224
2018-06-07T08:00:00.000,597,299,298
2018-06-07T09:00:00.000,335,161,174
2018-06-07T10:00:00.000,149,83,66
2018-06-07T11:00:00.000,115,52,63
2018-06-07T12:00:00.000,110,46,64
2018-06-07T13:00:00.000,97,43,54
2018-06-07T14:00:00.000,118,61,57
2018-06-07T15:00:00.000,187,50,137
2018-06-07T16:00:00.000,404,114,290
2018-06-07T17:00:00.000,766,190,576
2018-06-07T18:00:00.000,474,158,316
2018-06-07T19:00:00.000,278,99,179
2018-06-07T20:00:00.000,160,57,103
2018-06-07T21:00:00.000,82,32,50
2018-06-07T22:00:00.000,59,22,37
2018-06-07T23:00:00.000,34,12,22
2018-06-08T00:00:00.000,14,5,9
2018-06-08T01:00:00.000,7,1,6
2018-06-08T02:00:00.000,4,1,3
2018-06-08T03:00:00.000,1,1,0
2018-06-08T04:00:00.000,8,2,6
2018-06-08T05:00:00.000,42,22,20
2018-06-08T06:00:00.000,115,54,61
2018-06-08T07:00:00.000,291,133,158
2018-06-08T08:00:00.000,467,250,217
2018-06-08T09:00:00.000,235,105,130
2018-06-08T10:00:00.000,123,49,74
2018-06-08T11:00:00.000,97,41,56
2018-06-08T12:00:00.000,61,26,35
2018-06-08T13:00:00.000,65,31,34
2018-06-08T14:00:00.000,72,20,52
2018-06-08T15:00:00.000,114,42,72
2018-06-08T16:00:00.000,269,66,203
2018-06-08T17:00:00.000,414,89,325
2018-06-08T18:00:00.000,234,69,165
2018-06-08T19:00:00.000,73,17,56
2018-06-08T20:00:00.000,46,16,30
2018-06-08T21:00:00.000,28,9,19
2018-06-08T22:00:00.000,16,6,10
2018-06-08T23:00:00.000,10,4,6
2018-06-09T00:00:00.000,9,3,6
2018-06-09T01:00:00.000,6,4,2
2018-06-09T02:00:00.000,4,1,3
2018-06-09T03:00:00.000,3,2,1
2018-06-09T04:00:00.000,2,1,1
2018-06-09T05:00:00.000,10,6,4
2018-06-09T06:00:00.000,15,10,5
2018-06-09T07:00:00.000,29,11,18
2018-06-09T08:00:00.000,54,25,29
2018-06-09T09:00:00.000,76,44,32
2018-06-09T10:00:00.000,106,63,43
2018-06-09T11:00:00.000,113,54,59
2018-06-09T12:00:00.000,139,67,72
2018-06-09T13:00:00.000,129,60,69
2018-06-09T14:00:00.000,118,51,67
2018-06-09T15:00:00.000,139,71,68
2018-06-09T16:00:00.000,112,70,42
2018-06-09T17:00:00.000,109,67,42
2018-06-09T18:00:00.000,101,55,46
2018-06-09T19:00:00.000,54,26,28
2018-06-09T20:00:00.000,35,20,15
2018-06-09T21:00:00.000,30,12,18
2018-06-09T22:00:00.000,15,8,7
2018-06-09T23:00:00.000,15,6,9
2018-06-10T00:00:00.000,8,4,4
2018-06-10T01:00:00.000,4,1,3
2018-06-10T02:00:00.000,4,0,4
2018-06-10T03:00:00.000,4,2,2
2018-06-10T04:00:00.000,2,1,1
2018-06-10T05:00:00.000,23,15,8
2018-06-10T06:00:00.000,30,13,17
2018-06-10T07:00:00.000,43,20,23
2018-06-10T08:00:00.000,93,37,56
2018-06-10T09:00:00.000,122,60,62
2018-06-10T10:00:00.000,155,81,74
2018-06-10T11:00:00.000,89,43,46
2018-06-10T12:00:00.000,112,73,39
2018-06-10T13:00:00.000,173,83,90
2018-06-10T14:00:00.000,153,75,78
2018-06-10T15:00:00.000,133,74,59
2018-06-10T16:00:00.000,142,60,82
2018-06-10T17:00:00.000,74,44,30
2018-06-10T18:00:00.000,53,24,29
2018-06-10T19:00:00.000,34,19,15
2018-06-10T20:00:00.000,23,16,7
2018-06-10T21:00:00.000,23,13,10
2018-06-10T22:00:00.000,15,7,8
2018-06-10T23:00:00.000,11,7,4
2018-06-11T00:00:00.000,3,2,1
2018-06-11T01:00:00.000,2,2,0
2018-06-11T02:00:00.000,0,0,0
2018-06-11T03:00:00.000,3,2,1
2018-06-11T04:00:00.000,15,8,7
2018-06-11T05:00:00.000,64,35,29
2018-06-11T06:00:00.000,207,102,105
2018-06-11T07:00:00.000,452,229,223
2018-06-11T08:00:00.000,617,311,306
2018-06-11T09:00:00.000,316,145,171
2018-06-11T10:00:00.000,133,66,67
2018-06-11T11:00:00.000,88,35,53
2018-06-11T12:00:00.000,113,48,65
2018-06-11T13:00:00.000,100,41,59
2018-06-11T14:00:00.000,146,61,85
2018-06-11T15:00:00.000,172,63,109
2018-06-11T16:00:00.000,379,111,268
2018-06-11T17:00:00.000,857,188,669
2018-06-11T18:00:00.000,570,139,431
2018-06-11T19:00:00.000,279,101,178
2018-06-11T20:00:00.000,155,59,96
2018-06-11T21:00:00.000,85,29,56
2018-06-11T22:00:00.000,38,15,23
2018-06-11T23:00:00.000,20,8,12
2018-06-12T00:00:00.000,8,3,5
2018-06-12T01:00:00.000,4,3,1
2018-06-12T02:00:00.000,5,3,2
2018-06-12T03:00:00.000,5,3,2
2018-06-12T04:00:00.000,5,3,2
2018-06-12T05:00:00.000,56,35,21
2018-06-12T06:00:00.000,208,101,107
2018-06-12T07:00:00.000,556,275,281
2018-06-12T08:00:00.000,705,375,330
2018-06-12T09:00:00.000,356,149,207
2018-06-12T10:00:00.000,135,69,66
2018-06-12T11:00:00.000,91,47,44
2018-06-12T12:00:00.000,91,45,46
2018-06-12T13:00:00.000,114,53,61
2018-06-12T14:00:00.000,127,47,80
2018-06-12T15:00:00.000,186,76,110
2018-06-12T16:00:00.000,441,118,323
2018-06-12T17:00:00.000,836,200,636
2018-06-12T18:00:00.000,510,148,362
2018-06-12T19:00:00.000,253,78,175
2018-06-12T20:00:00.000,139,37,102
2018-06-12T21:00:00.000,72,36,36
2018-06-12T22:00:00.000,49,24,25
2018-06-12T23:00:00.000,28,6,22
2018-06-13T00:00:00.000,6,3,3
2018-06-13T01:00:00.000,2,1,1
2018-06-13T02:00:00.000,6,1,5
2018-06-13T03:00:00.000,6,3,3
2018-06-13T04:00:00.000,13,12,1
2018-06-13T05:00:00.000,48,27,21
2018-06-13T06:00:00.000,92,46,46
2018-06-13T07:00:00.000,235,122,113
2018-06-13T08:00:00.000,387,195,192
2018-06-13T09:00:00.000,247,118,129
2018-06-13T10:00:00.000,98,39,59
2018-06-13T11:00:00.000,65,31,34
2018-06-13T12:00:00.000,85,48,37
2018-06-13T13:00:00.000,89,37,52
2018-06-13T14:00:00.000,68,31,37
2018-06-13T15:00:00.000,108,52,56
2018-06-13T16:00:00.000,225,62,163
2018-06-13T17:00:00.000,440,89,351
2018-06-13T18:00:00.000,290,79,211
2018-06-13T19:00:00.000,116,32,84
2018-06-13T20:00:00.000,64,26,38
2018-06-13T21:00:00.000,37,8,29
2018-06-13T22:00:00.000,21,11,10
2018-06-13T23:00:00.000,22,7,15
2018-06-14T00:00:00.000,10,3,7
2018-06-14T01:00:00.000,2,1,1
2018-06-14T02:00:00.000,6,4,2
2018-06-14T03:00:00.000,8,5,3
2018-06-14T04:00:00.000,12,7,5
2018-06-14T05:00:00.000,48,25,23
2018-06-14T06:00:00.000,141,61,80
2018-06-14T07:00:00.000,371,192,179
2018-06-14T08:00:00.000,544,255,289
2018-06-14T09:00:00.000,273,122,151
2018-06-14T10:00:00.000,129,55,74
2018-06-14T11:00:00.000,74,27,47
2018-06-14T12:00:00.000,91,45,46
2018-06-14T13:00:00.000,102,53,49
2018-06-14T14:00:00.000,102,51,51
2018-06-14T15:00:00.000,137,52,85
2018-06-14T16:00:00.000,365,104,261
2018-06-14T17:00:00.000,648,173,475
2018-06-14T18:00:00.000,467,144,323
2018-06-14T19:00:00.000,236,87,149
2018-06-14T20:00:00.000,130,37,93
2018-06-14T21:00:00.000,91,36,55
2018-06-14T22:00:00.000,55,18,37
2018-06-14T23:00:00.000,33,10,23
2018-06-15T00:00:00.000,9,2,7
2018-06-15T01:00:00.000,7,3,4
2018-06-15T02:00:00.000,2,1,1
2018-06-15T03:00:00.000,5,2,3
2018-06-15T04:00:00.000,14,8,6
2018-06-15T05:00:00.000,44,23,21
2018-06-15T06:00:00.000,148,67,81
2018-06-15T07:00:00.000,382,197,185
2018-06-15T08:00:00.000,547,293,254
2018-06-15T09:00:00.000,291,137,154
2018-06-15T10:00:00.000,127,49,78
2018-06-15T11:00:00.000,106,47,59
2018-06-15T12:00:00.000,127,60,67
2018-06-15T13:00:00.000,118,56,62
2018-06-15T14:00:00.000,182,91,91
2018-06-15T15:00:00.000,231,88,143
2018-06-15T16:00:00.000,458,122,336
2018-06-15T17:00:00.000,703,193,510
2018-06-15T18:00:00.000,376,122,254
2018-06-15T19:00:00.000,205,64,141
2018-06-15T20:00:00.000,124,52,72
2018-06-15T21:00:00.000,67,34,33
2018-06-15T22:00:00.000,58,19,39
2018-06-15T23:00:00.000,47,17,30
2018-06-16T00:00:00.000,20,8,12
2018-06-16T01:00:00.000,12,8,4
2018-06-16T02:00:00.000,9,2,7
2018-06-16T03:00:00.000,5,1,4
2018-06-16T04:00:00.000,4,2,2
2018-06-16T05:00:00.000,17,6,11
2018-06-16T06:00:00.000,38,11,27
2018-06-16T07:00:00.000,56,24,32
2018-06-16T08:00:00.000,115,56,59
2018-06-16T09:00:00.000,171,71,100
2018-06-16T10:00:00.000,228,88,140
2018-06-16T11:00:00.000,248,87,161
2018-06-16T12:00:00.000,53,18,35
2018-06-16T13:00:00.000,38,16,22
2018-06-16T14:00:00.000,57,23,34
2018-06-16T15:00:00.000,175,71,104
2018-06-16T16:00:00.000,266,133,133
2018-06-16T17:00:00.000,286,116,170
2018-06-16T18:00:00.000,198,105,93
2018-06-16T19:00:00.000,155,73,82
2018-06-16T20:00:00.000,140,63,77
2018-06-16T21:00:00.000,90,34,56
2018-06-16T22:00:00.000,85,48,37
2018-06-16T23:00:00.000,53,26,27
2018-06-17T00:00:00.000,20,7,13
2018-06-17T01:00:00.000,16,10,6
2018-06-17T02:00:00.000,8,3,5
2018-06-17T03:00:00.000,6,2,4
2018-06-17T04:00:00.000,6,3,3
2018-06-17T05:00:00.000,11,5,6
2018-06-17T06:00:00.000,25,9,16
2018-06-17T07:00:00.000,60,26,34
2018-06-17T08:00:00.000,115,60,55
2018-06-17T09:00:00.000,144,64,80
2018-06-17T10:00:00.000,178,80,98
2018-06-17T11:00:00.000,224,88,136
2018-06-17T12:00:00.000,235,113,122
2018-06-17T13:00:00.000,278,120,158
2018-06-17T14:00:00.000,217,111,106
2018-06-17T15:00:00.000,198,94,104
2018-06-17T16:00:00.000,230,101,129
2018-06-17T17:00:00.000,223,97,126
2018-06-17T18:00:00.000,177,91,86
2018-06-17T19:00:00.000,117,61,56
2018-06-17T20:00:00.000,92,55,37
2018-06-17T21:00:00.000,43,20,23
2018-06-17T22:00:00.000,35,14,21
2018-06-17T23:00:00.000,15,9,6
2018-06-18T00:00:00.000,7,5,2
2018-06-18T01:00:00.000,3,2,1
2018-06-18T02:00:00.000,3,1,2
2018-06-18T03:00:00.000,3,0,3
2018-06-18T04:00:00.000,13,9,4
2018-06-18T05:00:00.000,48,26,22
2018-06-18T06:00:00.000,196,102,94
2018-06-18T07:00:00.000,527,266,261
2018-06-18T08:00:00.000,725,352,373
2018-06-18T09:00:00.000,351,165,186
2018-06-18T10:00:00.000,132,68,64
2018-06-18T11:00:00.000,105,46,59
2018-06-18T12:00:00.000,104,54,50
2018-06-18T13:00:00.000,109,56,53
2018-06-18T14:00:00.000,131,55,76
2018-06-18T15:00:00.000,187,73,114
2018-06-18T16:00:00.000,437,100,337
2018-06-18T17:00:00.000,852,180,672
2018-06-18T18:00:00.000,561,166,395
2018-06-18T19:00:00.000,295,101,194
2018-06-18T20:00:00.000,165,67,98
2018-06-18T21:00:00.000,111,34,77
2018-06-18T22:00:00.000,57,24,33
2018-06-18T23:00:00.000,19,8,11
2018-06-19T00:00:00.000,11,5,6
2018-06-19T01:00:00.000,7,4,3
2018-06-19T02:00:00.000,3,1,2
2018-06-19T03:00:00.000,2,1,1
2018-06-19T04:00:00.000,10,4,6
2018-06-19T05:00:00.000,60,35,25
2018-06-19T06:00:00.000,221,111,110
2018-06-19T07:00:00.000,541,275,266
2018-06-19T08:00:00.000,751,364,387
2018-06-19T09:00:00.000,390,180,210
2018-06-19T10:00:00.000,164,79,85
2018-06-19T11:00:00.000,110,53,57
2018-06-19T12:00:00.000,125,65,60
2018-06-19T13:00:00.000,133,55,78
2018-06-19T14:00:00.000,148,67,81
2018-06-19T15:00:00.000,226,74,152
2018-06-19T16:00:00.000,475,112,363
2018-06-19T17:00:00.000,873,188,685
2018-06-19T18:00:00.000,554,163,391
2018-06-19T19:00:00.000,276,107,169
2018-06-19T20:00:00.000,193,64,129
2018-06-19T21:00:00.000,112,51,61
2018-06-19T22:00:00.000,59,28,31
2018-06-19T23:00:00.000,39,25,14
2018-06-20T00:00:00.000,10,5,5
2018-06-20T01:00:00.000,8,3,5
2018-06-20T02:00:00.000,3,2,1
2018-06-20T03:00:00.000,3,2,1
2018-06-20T04:00:00.000,14,5,9
2018-06-20T05:00:00.000,47,23,24
2018-06-20T06:00:00.000,220,110,110
2018-06-20T07:00:00.000,556,294,262
2018-06-20T08:00:00.000,662,303,359
2018-06-20T09:00:00.000,387,190,197
2018-06-20T10:00:00.000,144,63,81
2018-06-20T11:00:00.000,117,58,59
2018-06-20T12:00:00.000,105,59,46
2018-06-20T13:00:00.000,115,52,63
2018-06-20T14:00:00.000,117,37,80
2018-06-20T15:00:00.000,194,74,120
2018-06-20T16:00:00.000,412,108,304
2018-06-20T17:00:00.000,852,203,649
2018-06-20T18:00:00.000,570,169,401
2018-06-20T19:00:00.000,281,84,197
2018-06-20T20:00:00.000,209,90,119
2018-06-20T21:00:00.000,126,67,59
2018-06-20T22:00:00.000,62,34,28
2018-06-20T23:00:00.000,33,10,23
2018-06-21T00:00:00.000,21,9,12
2018-06-21T01:00:00.000,7,2,5
2018-06-21T02:00:00.000,3,2,1
2018-06-21T03:00:00.000,4,2,2
2018-06-21T04:00:00.000,9,4,5
2018-06-21T05:00:00.000,56,30,26
2018-06-21T06:00:00.000,177,100,77
2018-06-21T07:00:00.000,478,229,249
2018-06-21T08:00:00.000,620,288,332
2018-06-21T09:00:00.000,349,165,184
2018-06-21T10:00:00.000,138,66,72
2018-06-21T11:00:00.000,113,59,54
2018-06-21T12:00:00.000,91,47,44
2018-06-21T13:00:00.000,100,45,55
2018-06-21T14:00:00.000,123,54,69
2018-06-21T15:00:00.000,167,65,102
2018-06-21T16:00:00.000,435,123,312
2018-06-21T17:00:00.000,806,190,616
2018-06-21T18:00:00.000,529,144,385
2018-06-21T19:00:00.000,258,103,155
2018-06-21T20:00:00.000,157,55,102
2018-06-21T21:00:00.000,126,68,58
2018-06-21T22:00:00.000,92,38,54
2018-06-21T23:00:00.000,49,22,27
2018-06-22T00:00:00.000,23,9,14
2018-06-22T01:00:00.000,13,6,7
2018-06-22T02:00:00.000,8,6,2
2018-06-22T03:00:00.000,5,1,4
2018-06-22T04:00:00.000,12,6,6
2018-06-22T05:00:00.000,34,18,16
2018-06-22T06:00:00.000,151,86,65
2018-06-22T07:00:00.000,353,187,166
2018-06-22T08:00:00.000,542,255,287
2018-06-22T09:00:00.000,310,140,170
2018-06-22T10:00:00.000,128,53,75
2018-06-22T11:00:00.000,102,44,58
2018-06-22T12:00:00.000,104,51,53
2018-06-22T13:00:00.000,117,50,67
2018-06-22T14:00:00.000,151,72,79
2018-06-22T15:00:00.000,194,80,114
2018-06-22T16:00:00.000,421,128,293
2018-06-22T17:00:00.000,581,142,439
2018-06-22T18:00:00.000,328,105,223
2018-06-22T19:00:00.000,163,70,93
2018-06-22T20:00:00.000,103,35,68
2018-06-22T21:00:00.000,69,26,43
2018-06-22T22:00:00.000,41,17,24
2018-06-22T23:00:00.000,13,8,5
2018-06-23T00:00:00.000,9,4,5
2018-06-23T01:00:00.000,7,3,4
2018-06-23T02:00:00.000,4,3,1
2018-06-23T03:00:00.000,5,4,1
2018-06-23T04:00:00.000,8,4,4
2018-06-23T05:00:00.000,14,6,8
2018-06-23T06:00:00.000,15,9,6
2018-06-23T07:00:00.000,46,18,28
2018-06-23T08:00:00.000,110,64,46
2018-06-23T09:00:00.000,91,53,38
2018-06-23T10:00:00.000,139,63,76
2018-06-23T11:00:00.000,138,62,76
2018-06-23T12:00:00.000,183,103,80
2018-06-23T13:00:00.000,200,104,96
2018-06-23T14:00:00.000,150,63,87
2018-06-23T15:00:00.000,203,87,116
2018-06-23T16:00:00.000,214,84,130
2018-06-23T17:00:00.000,174,85,89
2018-06-23T18:00:00.000,173,80,93
2018-06-23T19:00:00.000,150,70,80
2018-06-23T20:00:00.000,102,55,47
2018-06-23T21:00:00.000,95,33,62
2018-06-23T22:00:00.000,43,20,23
2018-06-23T23:00:00.000,38,13,25
2018-06-24T00:00:00.000,19,11,8
2018-06-24T01:00:00.000,8,3,5
2018-06-24T02:00:00.000,5,2,3
2018-06-24T03:00:00.000,4,2,2
2018-06-24T04:00:00.000,6,1,5
2018-06-24T05:00:00.000,17,13,4
2018-06-24T06:00:00.000,20,12,8
2018-06-24T07:00:00.000,45,19,26
2018-06-24T08:00:00.000,86,37,49
2018-06-24T09:00:00.000,88,47,41
2018-06-24T10:00:00.000,178,87,91
2018-06-24T11:00:00.000,219,95,124
2018-06-24T12:00:00.000,238,114,124
2018-06-24T13:00:00.000,258,107,151
2018-06-24T14:00:00.000,250,106,144
2018-06-24T15:00:00.000,285,138,147
2018-06-24T16:00:00.000,225,104,121
2018-06-24T17:00:00.000,212,90,122
2018-06-24T18:00:00.000,164,64,100
2018-06-24T19:00:00.000,133,58,75
2018-06-24T20:00:00.000,82,42,40
2018-06-24T21:00:00.000,39,11,28
2018-06-24T22:00:00.000,24,10,14
2018-06-24T23:00:00.000,18,5,13
2018-06-25T00:00:00.000,6,3,3
2018-06-25T01:00:00.000,4,3,1
2018-06-25T02:00:00.000,3,0,3
2018-06-25T03:00:00.000,3,1,2
2018-06-25T04:00:00.000,8,3,5
2018-06-25T05:00:00.000,41,24,17
2018-06-25T06:00:00.000,139,75,64
2018-06-25T07:00:00.000,304,151,153
2018-06-25T08:00:00.000,498,234,264
2018-06-25T09:00:00.000,306,144,162
2018-06-25T10:00:00.000,96,44,52
2018-06-25T11:00:00.000,69,24,45
2018-06-25T12:00:00.000,66,29,37
2018-06-25T13:00:00.000,70,36,34
2018-06-25T14:00:00.000,82,41,41
2018-06-25T15:00:00.000,145,54,91
2018-06-25T16:00:00.000,304,84,220
2018-06-25T17:00:00.000,570,129,441
2018-06-25T18:00:00.000,386,124,262
2018-06-25T19:00:00.000,235,83,152
2018-06-25T20:00:00.000,100,33,67
2018-06-25T21:00:00.000,64,29,35
2018-06-25T22:00:00.000,40,21,19
2018-06-25T23:00:00.000,19,7,12
2018-06-26T00:00:00.000,21,13,8
2018-06-26T01:00:00.000,2,2,0
2018-06-26T02:00:00.000,3,1,2
2018-06-26T03:00:00.000,2,2,0
2018-06-26T04:00:00.000,13,7,6
2018-06-26T05:00:00.000,56,31,25
2018-06-26T06:00:00.000,165,90,75
2018-06-26T07:00:00.000,389,203,186
2018-06-26T08:00:00.000,599,289,310
2018-06-26T09:00:00.000,371,152,219
2018-06-26T10:00:00.000,125,56,69
2018-06-26T11:00:00.000,110,58,52
2018-06-26T12:00:00.000,109,55,54
2018-06-26T13:00:00.000,109,45,64
2018-06-26T14:00:00.000,113,55,58
2018-06-26T15:00:00.000,182,74,108
2018-06-26T16:00:00.000,361,114,247
2018-06-26T17:00:00.000,807,180,627
2018-06-26T18:00:00.000,487,161,326
2018-06-26T19:00:00.000,316,111,205
2018-06-26T20:00:00.000,229,92,137
2018-06-26T21:00:00.000,104,30,74
2018-06-26T22:00:00.000,66,26,40
2018-06-26T23:00:00.000,32,10,22
2018-06-27T00:00:00.000,11,4,7
2018-06-27T01:00:00.000,3,2,1
2018-06-27T02:00:00.000,3,1,2
2018-06-27T03:00:00.000,5,4,1
2018-06-27T04:00:00.000,22,11,11
2018-06-27T05:00:00.000,77,43,34
2018-06-27T06:00:00.000,184,98,86
2018-06-27T07:00:00.000,528,262,266
2018-06-27T08:00:00.000,626,312,314
2018-06-27T09:00:00.000,376,163,213
2018-06-27T10:00:00.000,138,61,77
2018-06-27T11:00:00.000,125,63,62
2018-06-27T12:00:00.000,105,55,50
2018-06-27T13:00:00.000,113,46,67
2018-06-27T14:00:00.000,127,56,71
2018-06-27T15:00:00.000,180,64,116
2018-06-27T16:00:00.000,399,99,300
2018-06-27T17:00:00.000,804,181,623
2018-06-27T18:00:00.000,492,151,341
2018-06-27T19:00:00.000,300,101,199
2018-06-27T20:00:00.000,148,59,89
2018-06-27T21:00:00.000,84,38,46
2018-06-27T22:00:00.000,63,34,29
2018-06-27T23:00:00.000,29,15,14
2018-06-28T00:00:00.000,11,5,6
2018-06-28T01:00:00.000,1,0,1
2018-06-28T02:00:00.000,1,1,0
2018-06-28T03:00:00.000,4,2,2
2018-06-28T04:00:00.000,10,5,5
2018-06-28T05:00:00.000,56,27,29
2018-06-28T06:00:00.000,179,97,82
2018-06-28T07:00:00.000,444,202,242
2018-06-28T08:00:00.000,565,272,293
2018-06-28T09:00:00.000,327,153,174
2018-06-28T10:00:00.000,139,69,70
2018-06-28T11:00:00.000,99,50,49
2018-06-28T12:00:00.000,78,31,47
2018-06-28T13:00:00.000,113,47,66
2018-06-28T14:00:00.000,102,43,59
2018-06-28T15:00:00.000,149,65,84
2018-06-28T16:00:00.000,403,102,301
2018-06-28T17:00:00.000,710,169,541
2018-06-28T18:00:00.000,502,162,340
2018-06-28T19:00:00.000,222,67,155
2018-06-28T20:00:00.000,129,47,82
2018-06-28T21:00:00.000,75,36,39
2018-06-28T22:00:00.000,41,18,23
2018-06-28T23:00:00.000,27,10,17
2018-06-29T00:00:00.000,9,3,6
2018-06-29T01:00:00.000,6,2,4
2018-06-29T02:00:00.000,6,3,3
2018-06-29T03:00:00.000,4,2,2
2018-06-29T04:00:00.000,11,6,5
2018-06-29T05:00:00.000,48,22,26
2018-06-29T06:00:00.000,121,62,59
2018-06-29T07:00:00.000,349,173,176
2018-06-29T08:00:00.000,474,207,267
2018-06-29T09:00:00.000,269,129,140
2018-06-29T10:00:00.000,137,52,85
2018-06-29T11:00:00.000,102,60,42
2018-06-29T12:00:00.000,111,49,62
2018-06-29T13:00:00.000,127,48,79
2018-06-29T14:00:00.000,172,70,102
2018-06-29T15:00:00.000,191,64,127
2018-06-29T16:00:00.000,368,97,271
2018-06-29T17:00:00.000,550,121,429
2018-06-29T18:00:00.000,296,82,214
2018-06-29T19:00:00.000,192,54,138
2018-06-29T20:00:00.000,135,45,90
2018-06-29T21:00:00.000,565,521,44
2018-06-29T22:00:00.000,460,32,428
2018-06-29T23:00:00.000,216,24,192
2018-06-30T00:00:00.000,45,21,24
2018-06-30T01:00:00.000,17,10,7
2018-06-30T02:00:00.000,6,3,3
2018-06-30T03:00:00.000,6,2,4
2018-06-30T04:00:00.000,5,2,3
2018-06-30T05:00:00.000,14,11,3
2018-06-30T06:00:00.000,25,9,16
2018-06-30T07:00:00.000,53,26,27
2018-06-30T08:00:00.000,95,40,55
2018-06-30T09:00:00.000,143,56,87
2018-06-30T10:00:00.000,133,48,85
2018-06-30T11:00:00.000,126,58,68
2018-06-30T12:00:00.000,177,74,103
2018-06-30T13:00:00.000,166,97,69
2018-06-30T14:00:00.000,119,63,56
2018-06-30T15:00:00.000,98,34,64
2018-06-30T16:00:00.000,118,48,70
2018-06-30T17:00:00.000,103,39,64
2018-06-30T18:00:00.000,88,43,45
2018-06-30T19:00:00.000,70,31,39
2018-06-30T20:00:00.000,43,13,30
2018-06-30T21:00:00.000,34,13,21
2018-06-30T22:00:00.000,21,10,11
2018-06-30T23:00:00.000,26,14,12
2018-07-01T00:00:00.000,13,7,6
2018-07-01T01:00:00.000,5,2,3
2018-07-01T02:00:00.000,8,5,3
2018-07-01T03:00:00.000,6,2,4
2018-07-01T04:00:00.000,4,0,4
2018-07-01T05:00:00.000,8,6,2
2018-07-01T06:00:00.000,18,6,12
2018-07-01T07:00:00.000,47,25,22
2018-07-01T08:00:00.000,78,37,41
2018-07-01T09:00:00.000,84,30,54
2018-07-01T10:00:00.000,121,54,67
2018-07-01T11:00:00.000,127,68,59
2018-07-01T12:00:00.000,126,52,74
2018-07-01T13:00:00.000,140,58,82
2018-07-01T14:00:00.000,166,71,95
2018-07-01T15:00:00.000,177,92,85
2018-07-01T16:00:00.000,148,65,83
2018-07-01T17:00:00.000,127,67,60
2018-07-01T18:00:00.000,122,62,60
2018-07-01T19:00:00.000,78,30,48
2018-07-01T20:00:00.000,65,26,39
2018-07-01T21:00:00.000,42,13,29
2018-07-01T22:00:00.000,12,3,9
2018-07-01T23:00:00.000,11,1,10
2018-07-02T00:00:00.000,8,4,4
2018-07-02T01:00:00.000,2,1,1
2018-07-02T02:00:00.000,4,2,2
2018-07-02T03:00:00.000,1,0,1
2018-07-02T04:00:00.000,17,7,10
2018-07-02T05:00:00.000,42,18,24
2018-07-02T06:00:00.000,150,74,76
2018-07-02T07:00:00.000,394,185,209
2018-07-02T08:00:00.000,577,295,282
2018-07-02T09:00:00.000,314,143,171
2018-07-02T10:00:00.000,130,58,72
2018-07-02T11:00:00.000,106,48,58
2018-07-02T12:00:00.000,93,49,44
2018-07-02T13:00:00.000,106,42,64
2018-07-02T14:00:00.000,121,63,58
2018-07-02T15:00:00.000,178,76,102
2018-07-02T16:00:00.000,367,99,268
2018-07-02T17:00:00.000,745,176,569
2018-07-02T18:00:00.000,471,131,340
2018-07-02T19:00:00.000,245,82,163
2018-07-02T20:00:00.000,152,55,97
2018-07-02T21:00:00.000,75,36,39
2018-07-02T22:00:00.000,22,15,7
2018-07-02T23:00:00.000,24,7,17
2018-07-03T00:00:00.000,12,5,7
2018-07-03T01:00:00.000,8,7,1
2018-07-03T02:00:00.000,5,3,2
2018-07-03T03:00:00.000,7,2,5
2018-07-03T04:00:00.000,13,7,6
2018-07-03T05:00:00.000,52,27,25
2018-07-03T06:00:00.000,177,91,86
2018-07-03T07:00:00.000,433,209,224
2018-07-03T08:00:00.000,578,298,280
2018-07-03T09:00:00.000,361,168,193
2018-07-03T10:00:00.000,157,76,81
2018-07-03T11:00:00.000,140,66,74
2018-07-03T12:00:00.000,113,48,65
2018-07-03T13:00:00.000,146,52,94
2018-07-03T14:00:00.000,179,74,105
2018-07-03T15:00:00.000,263,83,180
2018-07-03T16:00:00.000,493,137,356
2018-07-03T17:00:00.000,701,186,515
2018-07-03T18:00:00.000,444,136,308
2018-07-03T19:00:00.000,281,109,172
2018-07-03T20:00:00.000,156,64,92
2018-07-03T21:00:00.000,117,60,57
2018-07-03T22:00:00.000,55,19,36
2018-07-03T23:00:00.000,41,20,21
2018-07-04T00:00:00.000,29,6,23
2018-07-04T01:00:00.000,9,4,5
2018-07-04T02:00:00.000,5,3,2
2018-07-04T03:00:00.000,4,1,3
2018-07-04T04:00:00.000,7,4,3
2018-07-04T05:00:00.000,18,8,10
2018-07-04T06:00:00.000,35,13,22
2018-07-04T07:00:00.000,73,32,41
2018-07-04T08:00:00.000,161,98,63
2018-07-04T09:00:00.000,130,59,71
2018-07-04T10:00:00.000,176,91,85
2018-07-04T11:00:00.000,236,117,119
2018-07-04T12:00:00.000,248,120,128
2018-07-04T13:00:00.000,319,146,173
2018-07-04T14:00:00.000,295,126,169
2018-07-04T15:00:00.000,284,146,138
2018-07-04T16:00:00.000,226,91,135
2018-07-04T17:00:00.000,246,138,108
2018-07-04T18:00:00.000,265,133,132
2018-07-04T19:00:00.000,236,104,132
2018-07-04T20:00:00.000,201,92,109
2018-07-04T21:00:00.000,183,99,84
2018-07-04T22:00:00.000,129,58,71
2018-07-04T23:00:00.000,264,114,150
2018-07-05T00:00:00.000,53,14,39
2018-07-05T01:00:00.000,15,6,9
2018-07-05T02:00:00.000,7,2,5
2018-07-05T03:00:00.000,6,3,3
2018-07-05T04:00:00.000,20,11,9
2018-07-05T05:00:00.000,44,20,24
2018-07-05T06:00:00.000,124,65,59
2018-07-05T07:00:00.000,327,153,174
2018-07-05T08:00:00.000,475,216,259
2018-07-05T09:00:00.000,302,133,169
2018-07-05T10:00:00.000,169,77,92
2018-07-05T11:00:00.000,141,81,60
2018-07-05T12:00:00.000,123,54,69
2018-07-05T13:00:00.000,150,72,78
2018-07-05T14:00:00.000,163,64,99
2018-07-05T15:00:00.000,196,72,124
2018-07-05T16:00:00.000,352,88,264
2018-07-05T17:00:00.000,634,155,479
2018-07-05T18:00:00.000,448,140,308
2018-07-05T19:00:00.000,237,94,143
2018-07-05T20:00:00.000,136,41,95
2018-07-05T21:00:00.000,82,38,44
2018-07-05T22:00:00.000,66,27,39
2018-07-05T23:00:00.000,41,18,23
2018-07-06T00:00:00.000,4,2,2
2018-07-06T01:00:00.000,7,1,6
2018-07-06T02:00:00.000,3,2,1
2018-07-06T03:00:00.000,2,1,1
2018-07-06T04:00:00.000,15,7,8
2018-07-06T05:00:00.000,36,17,19
2018-07-06T06:00:00.000,121,61,60
2018-07-06T07:00:00.000,334,166,168
2018-07-06T08:00:00.000,488,266,222
2018-07-06T09:00:00.000,304,144,160
2018-07-06T10:00:00.000,140,67,73
2018-07-06T11:00:00.000,127,60,67
2018-07-06T12:00:00.000,126,63,63
2018-07-06T13:00:00.000,130,51,79
2018-07-06T14:00:00.000,180,65,115
2018-07-06T15:00:00.000,236,74,162
2018-07-06T16:00:00.000,392,131,261
2018-07-06T17:00:00.000,526,132,394
2018-07-06T18:00:00.000,374,126,248
2018-07-06T19:00:00.000,197,75,122
2018-07-06T20:00:00.000,161,68,93
2018-07-06T21:00:00.000,88,45,43
2018-07-06T22:00:00.000,55,27,28
2018-07-06T23:00:00.000,46,25,21
2018-07-07T00:00:00.000,23,10,13
2018-07-07T01:00:00.000,12,4,8
2018-07-07T02:00:00.000,9,2,7
2018-07-07T03:00:00.000,4,4,0
2018-07-07T04:00:00.000,6,1,5
2018-07-07T05:00:00.000,20,11,9
2018-07-07T06:00:00.000,24,8,16
2018-07-07T07:00:00.000,42,17,25
2018-07-07T08:00:00.000,99,41,58
2018-07-07T09:00:00.000,128,53,75
2018-07-07T10:00:00.000,160,77,83
2018-07-07T11:00:00.000,171,62,109
2018-07-07T12:00:00.000,187,93,94
2018-07-07T13:00:00.000,186,98,88
2018-07-07T14:00:00.000,235,102,133
2018-07-07T15:00:00.000,193,85,108
2018-07-07T16:00:00.000,239,117,122
2018-07-07T17:00:00.000,237,109,128
2018-07-07T18:00:00.000,225,104,121
2018-07-07T19:00:00.000,100,37,63
2018-07-07T20:00:00.000,124,56,68
2018-07-07T21:00:00.000,107,36,71
2018-07-07T22:00:00.000,54,19,35
2018-07-07T23:00:00.000,41,21,20
2018-07-08T00:00:00.000,24,12,12
2018-07-08T01:00:00.000,8,2,6
2018-07-08T02:00:00.000,8,4,4
2018-07-08T03:00:00.000,2,1,1
2018-07-08T04:00:00.000,4,1,3
2018-07-08T05:00:00.000,9,4,5
2018-07-08T06:00:00.000,23,9,14
2018-07-08T07:00:00.000,49,18,31
2018-07-08T08:00:00.000,87,51,36
2018-07-08T09:00:00.000,157,67,90
2018-07-08T10:00:00.000,177,77,100
2018-07-08T11:00:00.000,242,142,100
2018-07-08T12:00:00.000,246,129,117
2018-07-08T13:00:00.000,299,155,144
2018-07-08T14:00:00.000,284,144,140
2018-07-08T15:00:00.000,257,141,116
2018-07-08T16:00:00.000,263,120,143
2018-07-08T17:00:00.000,170,97,73
2018-07-08T18:00:00.000,155,84,71
2018-07-08T19:00:00.000,104,54,50
2018-07-08T20:00:00.000,96,46,50
2018-07-08T21:00:00.000,54,26,28
2018-07-08T22:00:00.000,24,10,14
2018-07-08T23:00:00.000,15,5,10
2018-07-09T00:00:00.000,11,4,7
2018-07-09T01:00:00.000,2,2,0
2018-07-09T02:00:00.000,3,2,1
2018-07-09T03:00:00.000,2,1,1
2018-07-09T04:00:00.000,10,4,6
2018-07-09T05:00:00.000,57,32,25
2018-07-09T06:00:00.000,193,95,98
2018-07-09T07:00:00.000,529,248,281
2018-07-09T08:00:00.000,657,328,329
2018-07-09T09:00:00.000,346,153,193
2018-07-09T10:00:00.000,139,66,73
2018-07-09T11:00:00.000,111,48,63
2018-07-09T12:00:00.000,129,67,62
2018-07-09T13:00:00.000,110,53,57
2018-07-09T14:00:00.000,145,64,81
2018-07-09T15:00:00.000,166,56,110
2018-07-09T16:00:00.000,416,114,302
2018-07-09T17:00:00.000,793,174,619
2018-07-09T18:00:00.000,509,145,364
2018-07-09T19:00:00.000,209,68,141
2018-07-09T20:00:00.000,119,38,81
2018-07-09T21:00:00.000,69,21,48
2018-07-09T22:00:00.000,46,23,23
2018-07-09T23:00:00.000,27,11,16
2018-07-10T00:00:00.000,13,6,7
2018-07-10T01:00:00.000,2,1,1
2018-07-10T02:00:00.000,4,3,1
2018-07-10T03:00:00.000,3,1,2
2018-07-10T04:00:00.000,13,7,6
2018-07-10T05:00:00.000,64,33,31
2018-07-10T06:00:00.000,205,99,106
2018-07-10T07:00:00.000,492,242,250
2018-07-10T08:00:00.000,674,322,352
2018-07-10T09:00:00.000,360,163,197
2018-07-10T10:00:00.000,141,56,85
2018-07-10T11:00:00.000,91,53,38
2018-07-10T12:00:00.000,99,50,49
2018-07-10T13:00:00.000,129,69,60
2018-07-10T14:00:00.000,121,57,64
2018-07-10T15:00:00.000,185,73,112
2018-07-10T16:00:00.000,404,112,292
2018-07-10T17:00:00.000,813,202,611
2018-07-10T18:00:00.000,560,196,364
2018-07-10T19:00:00.000,321,126,195
2018-07-10T20:00:00.000,204,58,146
2018-07-10T21:00:00.000,131,56,75
2018-07-10T22:00:00.000,50,21,29
2018-07-10T23:00:00.000,23,16,7
2018-07-11T00:00:00.000,8,5,3
2018-07-11T01:00:00.000,5,3,2
2018-07-11T02:00:00.000,8,5,3
2018-07-11T03:00:00.000,5,2,3
2018-07-11T04:00:00.000,18,7,11
2018-07-11T05:00:00.000,54,29,25
2018-07-11T06:00:00.000,182,93,89
2018-07-11T07:00:00.000,525,247,278
2018-07-11T08:00:00.000,656,319,337
2018-07-11T09:00:00.000,386,182,204
2018-07-11T10:00:00.000,181,93,88
2018-07-11T11:00:00.000,141,82,59
2018-07-11T12:00:00.000,111,56,55
2018-07-11T13:00:00.000,113,60,53
2018-07-11T14:00:00.000,164,75,89
2018-07-11T15:00:00.000,201,83,118
2018-07-11T16:00:00.000,437,113,324
2018-07-11T17:00:00.000,839,210,629
2018-07-11T18:00:00.000,591,197,394
2018-07-11T19:00:00.000,324,106,218
2018-07-11T20:00:00.000,222,96,126
2018-07-11T21:00:00.000,131,53,78
2018-07-11T22:00:00.000,65,22,43
2018-07-11T23:00:00.000,36,15,21
2018-07-12T00:00:00.000,11,6,5
2018-07-12T01:00:00.000,7,2,5
2018-07-12T02:00:00.000,3,1,2
2018-07-12T03:00:00.000,4,2,2
2018-07-12T04:00:00.000,19,7,12
2018-07-12T05:00:00.000,61,31,30
2018-07-12T06:00:00.000,192,101,91
2018-07-12T07:00:00.000,495,245,250
2018-07-12T08:00:00.000,653,326,327
2018-07-12T09:00:00.000,412,181,231
2018-07-12T10:00:00.000,179,76,103
2018-07-12T11:00:00.000,122,57,65
2018-07-12T12:00:00.000,108,51,57
2018-07-12T13:00:00.000,99,52,47
2018-07-12T14:00:00.000,139,52,87
2018-07-12T15:00:00.000,212,60,152
2018-07-12T16:00:00.000,436,125,311
2018-07-12T17:00:00.000,830,198,632
2018-07-12T18:00:00.000,534,187,347
2018-07-12T19:00:00.000,309,103,206
2018-07-12T20:00:00.000,225,98,127
2018-07-12T21:00:00.000,153,84,69
2018-07-12T22:00:00.000,80,33,47
2018-07-12T23:00:00.000,49,16,33
2018-07-13T00:00:00.000,16,7,9
2018-07-13T01:00:00.000,9,4,5
2018-07-13T02:00:00.000,4,1,3
2018-07-13T03:00:00.000,6,4,2
2018-07-13T04:00:00.000,12,5,7
2018-07-13T05:00:00.000,37,19,18
2018-07-13T06:00:00.000,154,69,85
2018-07-13T07:00:00.000,433,207,226
2018-07-13T08:00:00.000,539,284,255
2018-07-13T09:00:00.000,322,134,188
2018-07-13T10:00:00.000,154,70,84
2018-07-13T11:00:00.000,117,57,60
2018-07-13T12:00:00.000,110,53,57
2018-07-13T13:00:00.000,109,48,61
2018-07-13T14:00:00.000,191,56,135
2018-07-13T15:00:00.000,241,91,150
2018-07-13T16:00:00.000,402,126,276
2018-07-13T17:00:00.000,647,152,495
2018-07-13T18:00:00.000,401,138,263
2018-07-13T19:00:00.000,236,82,154
2018-07-13T20:00:00.000,183,68,115
2018-07-13T21:00:00.000,87,43,44
2018-07-13T22:00:00.000,61,30,31
2018-07-13T23:00:00.000,42,18,24
2018-07-14T00:00:00.000,25,16,9
2018-07-14T01:00:00.000,11,3,8
2018-07-14T02:00:00.000,7,4,3
2018-07-14T03:00:00.000,15,4,11
2018-07-14T04:00:00.000,48,11,37
2018-07-14T05:00:00.000,31,13,18
2018-07-14T06:00:00.000,63,26,37
2018-07-14T07:00:00.000,52,29,23
2018-07-14T08:00:00.000,107,54,53
2018-07-14T09:00:00.000,130,59,71
2018-07-14T10:00:00.000,151,80,71
2018-07-14T11:00:00.000,192,91,101
2018-07-14T12:00:00.000,202,83,119
2018-07-14T13:00:00.000,201,98,103
2018-07-14T14:00:00.000,205,113,92
2018-07-14T15:00:00.000,224,108,116
2018-07-14T16:00:00.000,207,92,115
2018-07-14T17:00:00.000,165,95,70
2018-07-14T18:00:00.000,164,87,77
2018-07-14T19:00:00.000,123,61,62
2018-07-14T20:00:00.000,128,59,69
2018-07-14T21:00:00.000,91,53,38
2018-07-14T22:00:00.000,46,30,16
2018-07-14T23:00:00.000,43,14,29
2018-07-15T00:00:00.000,29,19,10
2018-07-15T01:00:00.000,12,3,9
2018-07-15T02:00:00.000,7,4,3
2018-07-15T03:00:00.000,6,1,5
2018-07-15T04:00:00.000,6,3,3
2018-07-15T05:00:00.000,14,7,7
2018-07-15T06:00:00.000,33,13,20
2018-07-15T07:00:00.000,80,34,46
2018-07-15T08:00:00.000,101,46,55
2018-07-15T09:00:00.000,106,45,61
2018-07-15T10:00:00.000,175,97,78
2018-07-15T11:00:00.000,208,94,114
2018-07-15T12:00:00.000,190,95,95
2018-07-15T13:00:00.000,183,88,95
2018-07-15T14:00:00.000,196,102,94
2018-07-15T15:00:00.000,182,102,80
2018-07-15T16:00:00.000,126,66,60
2018-07-15T17:00:00.000,142,75,67
2018-07-15T18:00:00.000,105,44,61
2018-07-15T19:00:00.000,83,37,46
2018-07-15T20:00:00.000,79,34,45
2018-07-15T21:00:00.000,68,38,30
2018-07-15T22:00:00.000,41,28,13
2018-07-15T23:00:00.000,21,12,9
2018-07-16T00:00:00.000,6,3,3
2018-07-16T01:00:00.000,0,0,0
2018-07-16T02:00:00.000,7,3,4
2018-07-16T03:00:00.000,5,1,4
2018-07-16T04:00:00.000,15,6,9
2018-07-16T05:00:00.000,53,33,20
2018-07-16T06:00:00.000,180,97,83
2018-07-16T07:00:00.000,494,246,248
2018-07-16T08:00:00.000,647,295,352
2018-07-16T09:00:00.000,342,152,190
2018-07-16T10:00:00.000,154,67,87
2018-07-16T11:00:00.000,102,52,50
2018-07-16T12:00:00.000,115,52,63
2018-07-16T13:00:00.000,108,45,63
2018-07-16T14:00:00.000,109,45,64
2018-07-16T15:00:00.000,201,76,125
2018-07-16T16:00:00.000,387,102,285
2018-07-16T17:00:00.000,789,188,601
2018-07-16T18:00:00.000,542,139,403
2018-07-16T19:00:00.000,284,112,172
2018-07-16T20:00:00.000,127,39,88
2018-07-16T21:00:00.000,120,42,78
2018-07-16T22:00:00.000,49,25,24
2018-07-16T23:00:00.000,28,7,21
2018-07-17T00:00:00.000,14,8,6
2018-07-17T01:00:00.000,3,2,1
2018-07-17T02:00:00.000,4,1,3
2018-07-17T03:00:00.000,1,1,0
2018-07-17T04:00:00.000,20,7,13
2018-07-17T05:00:00.000,61,32,29
2018-07-17T06:00:00.000,239,119,120
2018-07-17T07:00:00.000,522,261,261
2018-07-17T08:00:00.000,736,361,375
2018-07-17T09:00:00.000,401,170,231
2018-07-17T10:00:00.000,157,75,82
2018-07-17T11:00:00.000,103,47,56
2018-07-17T12:00:00.000,120,65,55
2018-07-17T13:00:00.000,121,42,79
2018-07-17T14:00:00.000,132,50,82
2018-07-17T15:00:00.000,195,74,121
2018-07-17T16:00:00.000,461,113,348
2018-07-17T17:00:00.000,889,240,649
2018-07-17T18:00:00.000,527,177,350
2018-07-17T19:00:00.000,281,104,177
2018-07-17T20:00:00.000,173,64,109
2018-07-17T21:00:00.000,113,38,75
2018-07-17T22:00:00.000,63,25,38
2018-07-17T23:00:00.000,23,9,14
2018-07-18T00:00:00.000,8,2,6
2018-07-18T01:00:00.000,2,0,2
2018-07-18T02:00:00.000,3,1,2
2018-07-18T03:00:00.000,2,1,1
2018-07-18T04:00:00.000,17,10,7
2018-07-18T05:00:00.000,61,37,24
2018-07-18T06:00:00.000,197,102,95
2018-07-18T07:00:00.000,521,257,264
2018-07-18T08:00:00.000,646,334,312
2018-07-18T09:00:00.000,391,171,220
2018-07-18T10:00:00.000,173,70,103
2018-07-18T11:00:00.000,122,57,65
2018-07-18T12:00:00.000,118,69,49
2018-07-18T13:00:00.000,114,41,73
2018-07-18T14:00:00.000,125,53,72
2018-07-18T15:00:00.000,207,74,133
2018-07-18T16:00:00.000,409,122,287
2018-07-18T17:00:00.000,824,236,588
2018-07-18T18:00:00.000,567,157,410
2018-07-18T19:00:00.000,363,137,226
2018-07-18T20:00:00.000,198,79,119
2018-07-18T21:00:00.000,134,74,60
2018-07-18T22:00:00.000,60,26,34
2018-07-18T23:00:00.000,24,7,17
2018-07-19T00:00:00.000,14,5,9
2018-07-19T01:00:00.000,7,4,3
2018-07-19T02:00:00.000,1,0,1
2018-07-19T03:00:00.000,6,2,4
2018-07-19T04:00:00.000,14,5,9
2018-07-19T05:00:00.000,57,37,20
2018-07-19T06:00:00.000,169,93,76
2018-07-19T07:00:00.000,443,208,235
2018-07-19T08:00:00.000,632,317,315
2018-07-19T09:00:00.000,336,158,178
2018-07-19T10:00:00.000,156,72,84
2018-07-19T11:00:00.000,114,55,59
2018-07-19T12:00:00.000,90,47,43
2018-07-19T13:00:00.000,142,60,82
2018-07-19T14:00:00.000,136,66,70
2018-07-19T15:00:00.000,181,67,114
2018-07-19T16:00:00.000,442,128,314
2018-07-19T17:00:00.000,752,193,559
2018-07-19T18:00:00.000,475,123,352
2018-07-19T19:00:00.000,256,93,163
2018-07-19T20:00:00.000,152,67,85
2018-07-19T21:00:00.000,93,37,56
2018-07-19T22:00:00.000,66,32,34
2018-07-19T23:00:00.000,25,10,15
2018-07-20T00:00:00.000,24,7,17
2018-07-20T01:00:00.000,7,4,3
2018-07-20T02:00:00.000,8,2,6
2018-07-20T03:00:00.000,4,3,1
2018-07-20T04:00:00.000,18,11,7
2018-07-20T05:00:00.000,44,24,20
2018-07-20T06:00:00.000,145,79,66
2018-07-20T07:00:00.000,377,169,208
2018-07-20T08:00:00.000,527,278,249
2018-07-20T09:00:00.000,278,140,138
2018-07-20T10:00:00.000,133,61,72
2018-07-20T11:00:00.000,111,49,62
2018-07-20T12:00:00.000,106,45,61
2018-07-20T13:00:00.000,120,58,62
2018-07-20T14:00:00.000,191,68,123
2018-07-20T15:00:00.000,271,103,168
2018-07-20T16:00:00.000,418,127,291
2018-07-20T17:00:00.000,567,135,432
2018-07-20T18:00:00.000,391,131,260
2018-07-20T19:00:00.000,204,73,131
2018-07-20T20:00:00.000,141,41,100
2018-07-20T21:00:00.000,73,38,35
2018-07-20T22:00:00.000,60,26,34
2018-07-20T23:00:00.000,31,11,20
2018-07-21T00:00:00.000,27,16,11
2018-07-21T01:00:00.000,17,7,10
2018-07-21T02:00:00.000,8,2,6
2018-07-21T03:00:00.000,7,2,5
2018-07-21T04:00:00.000,9,2,7
2018-07-21T05:00:00.000,12,7,5
2018-07-21T06:00:00.000,30,15,15
2018-07-21T07:00:00.000,53,20,33
2018-07-21T08:00:00.000,118,55,63
2018-07-21T09:00:00.000,173,109,64
2018-07-21T10:00:00.000,137,67,70
2018-07-21T11:00:00.000,239,127,112
2018-07-21T12:00:00.000,231,109,122
2018-07-21T13:00:00.000,226,110,116
2018-07-21T14:00:00.000,241,109,132
2018-07-21T15:00:00.000,246,116,130
2018-07-21T16:00:00.000,194,81,113
2018-07-21T17:00:00.000,202,81,121
2018-07-21T18:00:00.000,168,71,97
2018-07-21T19:00:00.000,104,60,44
2018-07-21T20:00:00.000,89,44,45
2018-07-21T21:00:00.000,69,33,36
2018-07-21T22:00:00.000,35,19,16
2018-07-21T23:00:00.000,34,13,21
2018-07-22T00:00:00.000,20,10,10
2018-07-22T01:00:00.000,11,6,5
2018-07-22T02:00:00.000,3,1,2
2018-07-22T03:00:00.000,4,0,4
2018-07-22T04:00:00.000,10,4,6
2018-07-22T05:00:00.000,7,4,3
2018-07-22T06:00:00.000,29,14,15
2018-07-22T07:00:00.000,48,26,22
2018-07-22T08:00:00.000,109,49,60
2018-07-22T09:00:00.000,124,54,70
2018-07-22T10:00:00.000,210,113,97
2018-07-22T11:00:00.000,188,93,95
2018-07-22T12:00:00.000,229,119,110
2018-07-22T13:00:00.000,231,112,119
2018-07-22T14:00:00.000,190,99,91
2018-07-22T15:00:00.000,164,86,78
2018-07-22T16:00:00.000,176,77,99
2018-07-22T17:00:00.000,160,79,81
2018-07-22T18:00:00.000,121,55,66
2018-07-22T19:00:00.000,122,59,63
2018-07-22T20:00:00.000,77,39,38
2018-07-22T21:00:00.000,60,35,25
2018-07-22T22:00:00.000,22,11,11
2018-07-22T23:00:00.000,21,10,11
2018-07-23T00:00:00.000,5,2,3
2018-07-23T01:00:00.000,9,1,8
2018-07-23T02:00:00.000,5,2,3
2018-07-23T03:00:00.000,4,0,4
2018-07-23T04:00:00.000,14,3,11
2018-07-23T05:00:00.000,57,33,24
2018-07-23T06:00:00.000,172,82,90
2018-07-23T07:00:00.000,493,236,257
2018-07-23T08:00:00.000,673,334,339
2018-07-23T09:00:00.000,348,169,179
2018-07-23T10:00:00.000,182,89,93
2018-07-23T11:00:00.000,94,40,54
2018-07-23T12:00:00.000,121,57,64
2018-07-23T13:00:00.000,113,48,65
2018-07-23T14:00:00.000,117,48,69
2018-07-23T15:00:00.000,190,63,127
2018-07-23T16:00:00.000,407,120,287
2018-07-23T17:00:00.000,871,198,673
2018-07-23T18:00:00.000,505,147,358
2018-07-23T19:00:00.000,234,86,148
2018-07-23T20:00:00.000,182,66,116
2018-07-23T21:00:00.000,83,31,52
2018-07-23T22:00:00.000,43,20,23
2018-07-23T23:00:00.000,29,9,20
2018-07-24T00:00:00.000,6,3,3
2018-07-24T01:00:00.000,4,3,1
2018-07-24T02:00:00.000,3,1,2
2018-07-24T03:00:00.000,4,1,3
2018-07-24T04:00:00.000,15,4,11
2018-07-24T05:00:00.000,69,43,26
2018-07-24T06:00:00.000,208,97,111
2018-07-24T07:00:00.000,583,293,290
2018-07-24T08:00:00.000,745,355,390
2018-07-24T09:00:00.000,382,178,204
2018-07-24T10:00:00.000,155,70,85
2018-07-24T11:00:00.000,125,65,60
2018-07-24T12:00:00.000,112,57,55
2018-07-24T13:00:00.000,125,67,58
2018-07-24T14:00:00.000,124,53,71
2018-07-24T15:00:00.000,219,72,147
2018-07-24T16:00:00.000,455,124,331
2018-07-24T17:00:00.000,891,200,691
2018-07-24T18:00:00.000,543,152,391
2018-07-24T19:00:00.000,276,106,170
2018-07-24T20:00:00.000,205,76,129
2018-07-24T21:00:00.000,97,40,57
2018-07-24T22:00:00.000,67,26,41
2018-07-24T23:00:00.000,37,11,26
2018-07-25T00:00:00.000,17,7,10
2018-07-25T01:00:00.000,5,2,3
2018-07-25T02:00:00.000,10,3,7
2018-07-25T03:00:00.000,5,4,1
2018-07-25T04:00:00.000,17,5,12
2018-07-25T05:00:00.000,59,28,31
2018-07-25T06:00:00.000,197,88,109
2018-07-25T07:00:00.000,514,249,265
2018-07-25T08:00:00.000,714,367,347
2018-07-25T09:00:00.000,363,182,181
2018-07-25T10:00:00.000,148,65,83
2018-07-25T11:00:00.000,121,55,66
2018-07-25T12:00:00.000,107,56,51
2018-07-25T13:00:00.000,103,43,60
2018-07-25T14:00:00.000,110,41,69
2018-07-25T15:00:00.000,212,71,141
2018-07-25T16:00:00.000,422,114,308
2018-07-25T17:00:00.000,773,167,606
2018-07-25T18:00:00.000,557,162,395
2018-07-25T19:00:00.000,317,116,201
2018-07-25T20:00:00.000,198,73,125
2018-07-25T21:00:00.000,110,43,67
2018-07-25T22:00:00.000,63,28,35
2018-07-25T23:00:00.000,29,14,15
2018-07-26T00:00:00.000,7,1,6
2018-07-26T01:00:00.000,6,5,1
2018-07-26T02:00:00.000,3,2,1
2018-07-26T03:00:00.000,3,1,2
2018-07-26T04:00:00.000,13,5,8
2018-07-26T05:00:00.000,57,33,24
2018-07-26T06:00:00.000,197,91,106
2018-07-26T07:00:00.000,510,253,257
2018-07-26T08:00:00.000,718,337,381
2018-07-26T09:00:00.000,360,173,187
2018-07-26T10:00:00.000,153,84,69
2018-07-26T11:00:00.000,119,61,58
2018-07-26T12:00:00.000,126,60,66
2018-07-26T13:00:00.000,112,53,59
2018-07-26T14:00:00.000,133,53,80
2018-07-26T15:00:00.000,196,72,124
2018-07-26T16:00:00.000,432,110,322
2018-07-26T17:00:00.000,823,184,639
2018-07-26T18:00:00.000,479,152,327
2018-07-26T19:00:00.000,308,94,214
2018-07-26T20:00:00.000,180,69,111
2018-07-26T21:00:00.000,85,35,50
2018-07-26T22:00:00.000,83,35,48
2018-07-26T23:00:00.000,37,20,17
2018-07-27T00:00:00.000,11,4,7
2018-07-27T01:00:00.000,13,5,8
2018-07-27T02:00:00.000,5,2,3
2018-07-27T03:00:00.000,6,3,3
2018-07-27T04:00:00.000,12,4,8
2018-07-27T05:00:00.000,42,23,19
2018-07-27T06:00:00.000,155,75,80
2018-07-27T07:00:00.000,413,207,206
2018-07-27T08:00:00.000,590,260,330
2018-07-27T09:00:00.000,325,163,162
2018-07-27T10:00:00.000,150,69,81
2018-07-27T11:00:00.000,104,54,50
2018-07-27T12:00:00.000,115,52,63
2018-07-27T13:00:00.000,147,66,81
2018-07-27T14:00:00.000,191,76,115
2018-07-27T15:00:00.000,257,86,171
2018-07-27T16:00:00.000,447,138,309
2018-07-27T17:00:00.000,645,145,500
2018-07-27T18:00:00.000,372,117,255
2018-07-27T19:00:00.000,178,66,112
2018-07-27T20:00:00.000,154,61,93
2018-07-27T21:00:00.000,86,34,52
2018-07-27T22:00:00.000,56,29,27
2018-07-27T23:00:00.000,35,15,20
2018-07-28T00:00:00.000,21,12,9
2018-07-28T01:00:00.000,21,4,17
2018-07-28T02:00:00.000,4,2,2
2018-07-28T03:00:00.000,8,4,4
2018-07-28T04:00:00.000,6,2,4
2018-07-28T05:00:00.000,20,10,10
2018-07-28T06:00:00.000,41,22,19
2018-07-28T07:00:00.000,67,36,31
2018-07-28T08:00:00.000,111,46,65
2018-07-28T09:00:00.000,151,72,79
2018-07-28T10:00:00.000,170,89,81
2018-07-28T11:00:00.000,232,100,132
2018-07-28T12:00:00.000,229,118,111
2018-07-28T13:00:00.000,215,106,109
2018-07-28T14:00:00.000,200,90,110
2018-07-28T15:00:00.000,170,90,80
2018-07-28T16:00:00.000,190,86,104
2018-07-28T17:00:00.000,183,96,87
2018-07-28T18:00:00.000,134,65,69
2018-07-28T19:00:00.000,125,64,61
2018-07-28T20:00:00.000,78,39,39
2018-07-28T21:00:00.000,74,33,41
2018-07-28T22:00:00.000,59,28,31
2018-07-28T23:00:00.000,26,14,12
2018-07-29T00:00:00.000,27,20,7
2018-07-29T01:00:00.000,16,11,5
2018-07-29T02:00:00.000,14,9,5
2018-07-29T03:00:00.000,8,3,5
2018-07-29T04:00:00.000,12,6,6
2018-07-29T05:00:00.000,14,8,6
2018-07-29T06:00:00.000,21,7,14
2018-07-29T07:00:00.000,70,38,32
2018-07-29T08:00:00.000,101,52,49
2018-07-29T09:00:00.000,134,64,70
2018-07-29T10:00:00.000,173,84,89
2018-07-29T11:00:00.000,204,98,106
2018-07-29T12:00:00.000,199,115,84
2018-07-29T13:00:00.000,215,103,112
2018-07-29T14:00:00.000,157,56,101
2018-07-29T15:00:00.000,165,75,90
2018-07-29T16:00:00.000,171,59,112
2018-07-29T17:00:00.000,133,66,67
2018-07-29T18:00:00.000,140,69,71
2018-07-29T19:00:00.000,108,45,63
2018-07-29T20:00:00.000,95,41,54
2018-07-29T21:00:00.000,48,25,23
2018-07-29T22:00:00.000,22,11,11
2018-07-29T23:00:00.000,19,5,14
2018-07-30T00:00:00.000,5,1,4
2018-07-30T01:00:00.000,9,5,4
2018-07-30T02:00:00.000,4,2,2
2018-07-30T03:00:00.000,3,2,1
2018-07-30T04:00:00.000,15,5,10
2018-07-30T05:00:00.000,48,33,15
2018-07-30T06:00:00.000,172,79,93
2018-07-30T07:00:00.000,511,257,254
2018-07-30T08:00:00.000,682,357,325
2018-07-30T09:00:00.000,375,164,211
2018-07-30T10:00:00.000,126,53,73
2018-07-30T11:00:00.000,119,59,60
2018-07-30T12:00:00.000,103,48,55
2018-07-30T13:00:00.000,103,49,54
2018-07-30T14:00:00.000,133,51,82
2018-07-30T15:00:00.000,191,57,134
2018-07-30T16:00:00.000,370,98,272
2018-07-30T17:00:00.000,735,156,579
2018-07-30T18:00:00.000,519,140,379
2018-07-30T19:00:00.000,232,70,162
2018-07-30T20:00:00.000,177,70,107
2018-07-30T21:00:00.000,86,45,41
2018-07-30T22:00:00.000,50,20,30
2018-07-30T23:00:00.000,33,15,18
2018-07-31T00:00:00.000,8,4,4
2018-07-31T01:00:00.000,8,3,5
2018-07-31T02:00:00.000,3,2,1
2018-07-31T03:00:00.000,6,3,3
2018-07-31T04:00:00.000,16,7,9
2018-07-31T05:00:00.000,60,35,25
2018-07-31T06:00:00.000,200,93,107
2018-07-31T07:00:00.000,507,254,253
2018-07-31T08:00:00.000,718,381,337
2018-07-31T09:00:00.000,343,142,201
2018-07-31T10:00:00.000,188,74,114
2018-07-31T11:00:00.000,89,36,53
2018-07-31T12:00:00.000,85,42,43
2018-07-31T13:00:00.000,107,50,57
2018-07-31T14:00:00.000,123,51,72
2018-07-31T15:00:00.000,192,71,121
2018-07-31T16:00:00.000,480,135,345
2018-07-31T17:00:00.000,811,213,598
2018-07-31T18:00:00.000,509,156,353
2018-07-31T19:00:00.000,277,100,177
2018-07-31T20:00:00.000,176,79,97
2018-07-31T21:00:00.000,111,47,64
2018-07-31T22:00:00.000,81,39,42
2018-07-31T23:00:00.000,29,10,19
2018-08-01T00:00:00.000,13,4,9
2018-08-01T01:00:00.000,8,2,6
2018-08-01T02:00:00.000,5,4,1
2018-08-01T03:00:00.000,7,5,2
2018-08-01T04:00:00.000,14,9,5
2018-08-01T05:00:00.000,52,29,23
2018-08-01T06:00:00.000,198,97,101
2018-08-01T07:00:00.000,490,250,240
2018-08-01T08:00:00.000,701,351,350
2018-08-01T09:00:00.000,322,158,164
2018-08-01T10:00:00.000,152,52,100
2018-08-01T11:00:00.000,97,42,55
2018-08-01T12:00:00.000,85,36,49
2018-08-01T13:00:00.000,88,44,44
2018-08-01T14:00:00.000,97,44,53
2018-08-01T15:00:00.000,202,68,134
2018-08-01T16:00:00.000,451,122,329
2018-08-01T17:00:00.000,835,187,648
2018-08-01T18:00:00.000,551,159,392
2018-08-01T19:00:00.000,351,119,232
2018-08-01T20:00:00.000,170,71,99
2018-08-01T21:00:00.000,99,35,64
2018-08-01T22:00:00.000,41,15,26
2018-08-01T23:00:00.000,29,14,15
2018-08-02T00:00:00.000,10,4,6
2018-08-02T01:00:00.000,8,3,5
2018-08-02T02:00:00.000,3,0,3
2018-08-02T03:00:00.000,3,1,2
2018-08-02T04:00:00.000,10,4,6
2018-08-02T05:00:00.000,55,30,25
2018-08-02T06:00:00.000,159,88,71
2018-08-02T07:00:00.000,389,202,187
2018-08-02T08:00:00.000,575,273,302
2018-08-02T09:00:00.000,331,141,190
2018-08-02T10:00:00.000,131,45,86
2018-08-02T11:00:00.000,107,51,56
2018-08-02T12:00:00.000,76,35,41
2018-08-02T13:00:00.000,64,31,33
2018-08-02T14:00:00.000,121,50,71
2018-08-02T15:00:00.000,154,55,99
2018-08-02T16:00:00.000,395,105,290
2018-08-02T17:00:00.000,689,160,529
2018-08-02T18:00:00.000,440,132,308
2018-08-02T19:00:00.000,234,83,151
2018-08-02T20:00:00.000,129,46,83
2018-08-02T21:00:00.000,95,44,51
2018-08-02T22:00:00.000,54,21,33
2018-08-02T23:00:00.000,21,12,9
2018-08-03T00:00:00.000,9,3,6
2018-08-03T01:00:00.000,6,3,3
2018-08-03T02:00:00.000,1,1,0
2018-08-03T03:00:00.000,9,6,3
2018-08-03T04:00:00.000,17,9,8
2018-08-03T05:00:00.000,37,21,16
2018-08-03T06:00:00.000,116,62,54
2018-08-03T07:00:00.000,287,142,145
2018-08-03T08:00:00.000,448,228,220
2018-08-03T09:00:00.000,246,114,132
2018-08-03T10:00:00.000,110,41,69
2018-08-03T11:00:00.000,110,42,68
2018-08-03T12:00:00.000,117,56,61
2018-08-03T13:00:00.000,127,68,59
2018-08-03T14:00:00.000,127,59,68
2018-08-03T15:00:00.000,193,90,103
2018-08-03T16:00:00.000,372,86,286
2018-08-03T17:00:00.000,528,155,373
2018-08-03T18:00:00.000,314,93,221
2018-08-03T19:00:00.000,206,64,142
2018-08-03T20:00:00.000,125,57,68
2018-08-03T21:00:00.000,75,26,49
2018-08-03T22:00:00.000,52,27,25
2018-08-03T23:00:00.000,43,19,24
2018-08-04T00:00:00.000,18,4,14
2018-08-04T01:00:00.000,10,6,4
2018-08-04T02:00:00.000,11,7,4
2018-08-04T03:00:00.000,3,2,1
2018-08-04T04:00:00.000,7,2,5
2018-08-04T05:00:00.000,12,6,6
2018-08-04T06:00:00.000,40,18,22
2018-08-04T07:00:00.000,40,11,29
2018-08-04T08:00:00.000,92,44,48
2018-08-04T09:00:00.000,97,53,44
2018-08-04T10:00:00.000,114,56,58
2018-08-04T11:00:00.000,194,94,100
2018-08-04T12:00:00.000,220,120,100
2018-08-04T13:00:00.000,198,98,100
2018-08-04T14:00:00.000,228,114,114
2018-08-04T15:00:00.000,263,129,134
2018-08-04T16:00:00.000,196,103,93
2018-08-04T17:00:00.000,177,97,80
2018-08-04T18:00:00.000,139,65,74
2018-08-04T19:00:00.000,94,53,41
2018-08-04T20:00:00.000,106,51,55
2018-08-04T21:00:00.000,64,21,43
2018-08-04T22:00:00.000,42,23,19
2018-08-04T23:00:00.000,32,8,24
2018-08-05T00:00:00.000,33,7,26
2018-08-05T01:00:00.000,18,6,12
2018-08-05T02:00:00.000,18,3,15
2018-08-05T03:00:00.000,8,2,6
2018-08-05T04:00:00.000,3,1,2
2018-08-05T05:00:00.000,7,1,6
2018-08-05T06:00:00.000,28,9,19
2018-08-05T07:00:00.000,57,23,34
2018-08-05T08:00:00.000,92,50,42
2018-08-05T09:00:00.000,113,55,58
2018-08-05T10:00:00.000,150,70,80
2018-08-05T11:00:00.000,204,90,114
2018-08-05T12:00:00.000,201,101,100
2018-08-05T13:00:00.000,214,106,108
2018-08-05T14:00:00.000,212,119,93
2018-08-05T15:00:00.000,182,99,83
2018-08-05T16:00:00.000,191,86,105
2018-08-05T17:00:00.000,135,62,73
2018-08-05T18:00:00.000,115,56,59
2018-08-05T19:00:00.000,122,56,66
2018-08-05T20:00:00.000,83,38,45
2018-08-05T21:00:00.000,39,22,17
2018-08-05T22:00:00.000,32,15,17
2018-08-05T23:00:00.000,17,3,14
2018-08-06T00:00:00.000,6,3,3
2018-08-06T01:00:00.000,4,2,2
2018-08-06T02:00:00.000,6,4,2
2018-08-06T03:00:00.000,2,1,1
2018-08-06T04:00:00.000,14,6,8
2018-08-06T05:00:00.000,43,21,22
2018-08-06T06:00:00.000,187,92,95
2018-08-06T07:00:00.000,520,247,273
2018-08-06T08:00:00.000,701,337,364
2018-08-06T09:00:00.000,339,168,171
2018-08-06T10:00:00.000,173,74,99
2018-08-06T11:00:00.000,118,47,71
2018-08-06T12:00:00.000,108,48,60
2018-08-06T13:00:00.000,133,65,68
2018-08-06T14:00:00.000,123,55,68
2018-08-06T15:00:00.000,187,61,126
2018-08-06T16:00:00.000,434,106,328
2018-08-06T17:00:00.000,828,176,652
2018-08-06T18:00:00.000,519,157,362
2018-08-06T19:00:00.000,259,97,162
2018-08-06T20:00:00.000,165,68,97
2018-08-06T21:00:00.000,88,38,50
2018-08-06T22:00:00.000,51,25,26
2018-08-06T23:00:00.000,22,8,14
2018-08-07T00:00:00.000,11,5,6
2018-08-07T01:00:00.000,6,0,6
2018-08-07T02:00:00.000,0,0,0
2018-08-07T03:00:00.000,6,3,3
2018-08-07T04:00:00.000,17,8,9
2018-08-07T05:00:00.000,59,31,28
2018-08-07T06:00:00.000,198,97,101
2018-08-07T07:00:00.000,594,317,277
2018-08-07T08:00:00.000,746,359,387
2018-08-07T09:00:00.000,381,156,225
2018-08-07T10:00:00.000,141,68,73
2018-08-07T11:00:00.000,116,51,65
2018-08-07T12:00:00.000,121,45,76
2018-08-07T13:00:00.000,104,46,58
2018-08-07T14:00:00.000,119,50,69
2018-08-07T15:00:00.000,200,67,133
2018-08-07T16:00:00.000,459,120,339
2018-08-07T17:00:00.000,906,203,703
2018-08-07T18:00:00.000,548,154,394
2018-08-07T19:00:00.000,260,100,160
2018-08-07T20:00:00.000,190,74,116
2018-08-07T21:00:00.000,110,48,62
2018-08-07T22:00:00.000,65,18,47
2018-08-07T23:00:00.000,26,7,19
2018-08-08T00:00:00.000,17,11,6
2018-08-08T01:00:00.000,3,1,2
2018-08-08T02:00:00.000,5,1,4
2018-08-08T03:00:00.000,5,2,3
2018-08-08T04:00:00.000,19,11,8
2018-08-08T05:00:00.000,65,31,34
2018-08-08T06:00:00.000,179,96,83
2018-08-08T07:00:00.000,502,255,247
2018-08-08T08:00:00.000,728,359,369
2018-08-08T09:00:00.000,357,161,196
2018-08-08T10:00:00.000,158,80,78
2018-08-08T11:00:00.000,131,80,51
2018-08-08T12:00:00.000,133,68,65
2018-08-08T13:00:00.000,115,48,67
2018-08-08T14:00:00.000,105,50,55
2018-08-08T15:00:00.000,180,66,114
2018-08-08T16:00:00.000,473,129,344
2018-08-08T17:00:00.000,814,192,622
2018-08-08T18:00:00.000,518,177,341
2018-08-08T19:00:00.000,311,127,184
2018-08-08T20:00:00.000,190,65,125
2018-08-08T21:00:00.000,102,49,53
2018-08-08T22:00:00.000,55,16,39
2018-08-08T23:00:00.000,47,20,27
2018-08-09T00:00:00.000,24,8,16
2018-08-09T01:00:00.000,12,3,9
2018-08-09T02:00:00.000,3,3,0
2018-08-09T03:00:00.000,4,1,3
2018-08-09T04:00:00.000,13,6,7
2018-08-09T05:00:00.000,46,23,23
2018-08-09T06:00:00.000,174,85,89
2018-08-09T07:00:00.000,444,216,228
2018-08-09T08:00:00.000,681,322,359
2018-08-09T09:00:00.000,332,162,170
2018-08-09T10:00:00.000,145,61,84
2018-08-09T11:00:00.000,120,64,56
2018-08-09T12:00:00.000,113,49,64
2018-08-09T13:00:00.000,123,53,70
2018-08-09T14:00:00.000,103,49,54
2018-08-09T15:00:00.000,173,62,111
2018-08-09T16:00:00.000,412,135,277
2018-08-09T17:00:00.000,782,195,587
2018-08-09T18:00:00.000,488,141,347
2018-08-09T19:00:00.000,267,95,172
2018-08-09T20:00:00.000,166,61,105
2018-08-09T21:00:00.000,105,41,64
2018-08-09T22:00:00.000,62,27,35
2018-08-09T23:00:00.000,58,28,30
2018-08-10T00:00:00.000,17,5,12
2018-08-10T01:00:00.000,5,1,4
2018-08-10T02:00:00.000,3,1,2
2018-08-10T03:00:00.000,4,1,3
2018-08-10T04:00:00.000,12,3,9
2018-08-10T05:00:00.000,48,22,26
2018-08-10T06:00:00.000,133,63,70
2018-08-10T07:00:00.000,406,200,206
2018-08-10T08:00:00.000,550,276,274
2018-08-10T09:00:00.000,303,134,169
2018-08-10T10:00:00.000,162,67,95
2018-08-10T11:00:00.000,122,56,66
2018-08-10T12:00:00.000,97,32,65
2018-08-10T13:00:00.000,131,56,75
2018-08-10T14:00:00.000,174,79,95
2018-08-10T15:00:00.000,232,90,142
2018-08-10T16:00:00.000,453,139,314
2018-08-10T17:00:00.000,658,162,496
2018-08-10T18:00:00.000,411,132,279
2018-08-10T19:00:00.000,232,89,143
2018-08-10T20:00:00.000,154,63,91
2018-08-10T21:00:00.000,100,28,72
2018-08-10T22:00:00.000,70,21,49
2018-08-10T23:00:00.000,79,18,61
2018-08-11T00:00:00.000,44,24,20
2018-08-11T01:00:00.000,19,4,15
2018-08-11T02:00:00.000,12,3,9
2018-08-11T03:00:00.000,10,5,5
2018-08-11T04:00:00.000,9,7,2
2018-08-11T05:00:00.000,9,5,4
2018-08-11T06:00:00.000,35,10,25
2018-08-11T07:00:00.000,80,28,52
2018-08-11T08:00:00.000,78,32,46
2018-08-11T09:00:00.000,100,47,53
2018-08-11T10:00:00.000,155,53,102
2018-08-11T11:00:00.000,474,64,410
2018-08-11T12:00:00.000,496,86,410
2018-08-11T13:00:00.000,254,71,183
2018-08-11T14:00:00.000,254,91,163
2018-08-11T15:00:00.000,237,71,166
2018-08-11T16:00:00.000,260,106,154
2018-08-11T17:00:00.000,169,80,89
2018-08-11T18:00:00.000,127,74,53
2018-08-11T19:00:00.000,75,34,41
2018-08-11T20:00:00.000,53,22,31
2018-08-11T21:00:00.000,38,15,23
2018-08-11T22:00:00.000,51,23,28
2018-08-11T23:00:00.000,41,11,30
2018-08-12T00:00:00.000,19,4,15
2018-08-12T01:00:00.000,12,6,6
2018-08-12T02:00:00.000,6,1,5
2018-08-12T03:00:00.000,7,1,6
2018-08-12T04:00:00.000,4,2,2
2018-08-12T05:00:00.000,7,3,4
2018-08-12T06:00:00.000,23,10,13
2018-08-12T07:00:00.000,34,17,17
2018-08-12T08:00:00.000,111,72,39
2018-08-12T09:00:00.000,101,41,60
2018-08-12T10:00:00.000,146,74,72
2018-08-12T11:00:00.000,174,87,87
2018-08-12T12:00:00.000,209,103,106
2018-08-12T13:00:00.000,175,84,91
2018-08-12T14:00:00.000,175,91,84
2018-08-12T15:00:00.000,179,78,101
2018-08-12T16:00:00.000,179,75,104
2018-08-12T17:00:00.000,159,89,70
2018-08-12T18:00:00.000,114,58,56
2018-08-12T19:00:00.000,113,43,70
2018-08-12T20:00:00.000,56,26,30
2018-08-12T21:00:00.000,56,29,27
2018-08-12T22:00:00.000,44,17,27
2018-08-12T23:00:00.000,17,7,10
2018-08-13T00:00:00.000,15,7,8
2018-08-13T01:00:00.000,8,8,0
2018-08-13T02:00:00.000,3,1,2
2018-08-13T03:00:00.000,2,2,0
2018-08-13T04:00:00.000,9,3,6
2018-08-13T05:00:00.000,54,28,26
2018-08-13T06:00:00.000,171,91,80
2018-08-13T07:00:00.000,478,214,264
2018-08-13T08:00:00.000,695,345,350
2018-08-13T09:00:00.000,344,149,195
2018-08-13T10:00:00.000,146,62,84
2018-08-13T11:00:00.000,88,39,49
2018-08-13T12:00:00.000,115,59,56
2018-08-13T13:00:00.000,135,52,83
2018-08-13T14:00:00.000,121,61,60
2018-08-13T15:00:00.000,209,75,134
2018-08-13T16:00:00.000,410,105,305
2018-08-13T17:00:00.000,795,174,621
2018-08-13T18:00:00.000,544,159,385
2018-08-13T19:00:00.000,258,82,176
2018-08-13T20:00:00.000,151,52,99
2018-08-13T21:00:00.000,62,28,34
2018-08-13T22:00:00.000,34,15,19
2018-08-13T23:00:00.000,22,5,17
2018-08-14T00:00:00.000,23,6,17
2018-08-14T01:00:00.000,5,3,2
2018-08-14T02:00:00.000,5,4,1
2018-08-14T03:00:00.000,6,2,4
2018-08-14T04:00:00.000,12,7,5
2018-08-14T05:00:00.000,53,26,27
2018-08-14T06:00:00.000,188,106,82
2018-08-14T07:00:00.000,480,225,255
2018-08-14T08:00:00.000,636,312,324
2018-08-14T09:00:00.000,340,151,189
2018-08-14T10:00:00.000,126,58,68
2018-08-14T11:00:00.000,88,43,45
2018-08-14T12:00:00.000,95,41,54
2018-08-14T13:00:00.000,106,42,64
2018-08-14T14:00:00.000,98,42,56
2018-08-14T15:00:00.000,161,52,109
2018-08-14T16:00:00.000,395,110,285
2018-08-14T17:00:00.000,766,165,601
2018-08-14T18:00:00.000,439,140,299
2018-08-14T19:00:00.000,232,89,143
2018-08-14T20:00:00.000,144,54,90
2018-08-14T21:00:00.000,76,26,50
2018-08-14T22:00:00.000,51,19,32
2018-08-14T23:00:00.000,27,12,15
2018-08-15T00:00:00.000,12,3,9
2018-08-15T01:00:00.000,5,2,3
2018-08-15T02:00:00.000,4,3,1
2018-08-15T03:00:00.000,1,1,0
2018-08-15T04:00:00.000,21,10,11
2018-08-15T05:00:00.000,55,30,25
2018-08-15T06:00:00.000,174,79,95
2018-08-15T07:00:00.000,443,210,233
2018-08-15T08:00:00.000,538,256,282
2018-08-15T09:00:00.000,303,121,182
2018-08-15T10:00:00.000,143,73,70
2018-08-15T11:00:00.000,99,59,40
2018-08-15T12:00:00.000,85,47,38
2018-08-15T13:00:00.000,98,45,53
2018-08-15T14:00:00.000,124,48,76
2018-08-15T15:00:00.000,173,55,118
2018-08-15T16:00:00.000,348,102,246
2018-08-15T17:00:00.000,650,175,475
2018-08-15T18:00:00.000,395,154,241
2018-08-15T19:00:00.000,248,89,159
2018-08-15T20:00:00.000,139,49,90
2018-08-15T21:00:00.000,74,28,46
2018-08-15T22:00:00.000,57,23,34
2018-08-15T23:00:00.000,35,11,24
2018-08-16T00:00:00.000,12,3,9
2018-08-16T01:00:00.000,6,6,0
2018-08-16T02:00:00.000,3,1,2
2018-08-16T03:00:00.000,5,4,1
2018-08-16T04:00:00.000,12,6,6
2018-08-16T05:00:00.000,58,29,29
2018-08-16T06:00:00.000,135,72,63
2018-08-16T07:00:00.000,376,186,190
2018-08-16T08:00:00.000,554,249,305
2018-08-16T09:00:00.000,269,120,149
2018-08-16T10:00:00.000,126,56,70
2018-08-16T11:00:00.000,98,48,50
2018-08-16T12:00:00.000,91,38,53
2018-08-16T13:00:00.000,93,41,52
2018-08-16T14:00:00.000,85,28,57
2018-08-16T15:00:00.000,186,62,124
2018-08-16T16:00:00.000,336,85,251
2018-08-16T17:00:00.000,650,160,490
2018-08-16T18:00:00.000,484,177,307
2018-08-16T19:00:00.000,233,85,148
2018-08-16T20:00:00.000,169,66,103
2018-08-16T21:00:00.000,86,35,51
2018-08-16T22:00:00.000,56,16,40
2018-08-16T23:00:00.000,22,14,8
2018-08-17T00:00:00.000,13,6,7
2018-08-17T01:00:00.000,7,4,3
2018-08-17T02:00:00.000,0,0,0
2018-08-17T03:00:00.000,6,3,3
2018-08-17T04:00:00.000,9,4,5
2018-08-17T05:00:00.000,47,25,22
2018-08-17T06:00:00.000,161,60,101
2018-08-17T07:00:00.000,338,148,190
2018-08-17T08:00:00.000,504,250,254
2018-08-17T09:00:00.000,277,119,158
2018-08-17T10:00:00.000,116,53,63
2018-08-17T11:00:00.000,106,58,48
2018-08-17T12:00:00.000,123,58,65
2018-08-17T13:00:00.000,138,68,70
2018-08-17T14:00:00.000,138,61,77
2018-08-17T15:00:00.000,192,62,130
2018-08-17T16:00:00.000,429,136,293
2018-08-17T17:00:00.000,571,154,417
2018-08-17T18:00:00.000,342,136,206
2018-08-17T19:00:00.000,211,88,123
2018-08-17T20:00:00.000,128,60,68
2018-08-17T21:00:00.000,105,34,71
2018-08-17T22:00:00.000,64,27,37
2018-08-17T23:00:00.000,36,10,26
2018-08-18T00:00:00.000,11,7,4
2018-08-18T01:00:00.000,14,4,10
2018-08-18T02:00:00.000,4,4,0
2018-08-18T03:00:00.000,4,4,0
2018-08-18T04:00:00.000,12,4,8
2018-08-18T05:00:00.000,5,3,2
2018-08-18T06:00:00.000,24,13,11
2018-08-18T07:00:00.000,29,15,14
2018-08-18T08:00:00.000,76,36,40
2018-08-18T09:00:00.000,120,55,65
2018-08-18T10:00:00.000,177,92,85
2018-08-18T11:00:00.000,187,100,87
2018-08-18T12:00:00.000,182,97,85
2018-08-18T13:00:00.000,203,94,109
2018-08-18T14:00:00.000,168,73,95
2018-08-18T15:00:00.000,156,66,90
2018-08-18T16:00:00.000,225,98,127
2018-08-18T17:00:00.000,162,83,79
2018-08-18T18:00:00.000,191,77,114
2018-08-18T19:00:00.000,101,42,59
2018-08-18T20:00:00.000,64,28,36
2018-08-18T21:00:00.000,50,19,31
2018-08-18T22:00:00.000,39,19,20
2018-08-18T23:00:00.000,39,11,28
2018-08-19T00:00:00.000,20,3,17
2018-08-19T01:00:00.000,5,2,3
2018-08-19T02:00:00.000,10,4,6
2018-08-19T03:00:00.000,4,2,2
2018-08-19T04:00:00.000,3,0,3
2018-08-19T05:00:00.000,5,3,2
2018-08-19T06:00:00.000,14,9,5
2018-08-19T07:00:00.000,33,20,13
2018-08-19T08:00:00.000,76,42,34
2018-08-19T09:00:00.000,102,50,52
2018-08-19T10:00:00.000,142,64,78
2018-08-19T11:00:00.000,185,99,86
2018-08-19T12:00:00.000,189,79,110
2018-08-19T13:00:00.000,193,83,110
2018-08-19T14:00:00.000,212,104,108
2018-08-19T15:00:00.000,184,99,85
2018-08-19T16:00:00.000,169,82,87
2018-08-19T17:00:00.000,143,67,76
2018-08-19T18:00:00.000,75,37,38
2018-08-19T19:00:00.000,79,43,36
2018-08-19T20:00:00.000,44,22,22
2018-08-19T21:00:00.000,19,12,7
2018-08-19T22:00:00.000,26,12,14
2018-08-19T23:00:00.000,13,3,10
2018-08-20T00:00:00.000,2,1,1
2018-08-20T01:00:00.000,2,0,2
2018-08-20T02:00:00.000,3,1,2
2018-08-20T03:00:00.000,5,1,4
2018-08-20T04:00:00.000,11,7,4
2018-08-20T05:00:00.000,45,25,20
2018-08-20T06:00:00.000,113,54,59
2018-08-20T07:00:00.000,330,161,169
2018-08-20T08:00:00.000,448,206,242
2018-08-20T09:00:00.000,221,94,127
2018-08-20T10:00:00.000,113,39,74
2018-08-20T11:00:00.000,74,27,47
2018-08-20T12:00:00.000,68,26,42
2018-08-20T13:00:00.000,66,37,29
2018-08-20T14:00:00.000,68,20,48
2018-08-20T15:00:00.000,119,34,85
2018-08-20T16:00:00.000,244,72,172
2018-08-20T17:00:00.000,461,97,364
2018-08-20T18:00:00.000,286,77,209
2018-08-20T19:00:00.000,132,41,91
2018-08-20T20:00:00.000,79,24,55
2018-08-20T21:00:00.000,49,13,36
2018-08-20T22:00:00.000,23,6,17
2018-08-20T23:00:00.000,18,5,13
2018-08-21T00:00:00.000,5,1,4
2018-08-21T01:00:00.000,3,0,3
2018-08-21T02:00:00.000,6,0,6
2018-08-21T03:00:00.000,4,3,1
2018-08-21T04:00:00.000,11,6,5
2018-08-21T05:00:00.000,34,19,15
2018-08-21T06:00:00.000,111,57,54
2018-08-21T07:00:00.000,238,111,127
2018-08-21T08:00:00.000,311,139,172
2018-08-21T09:00:00.000,158,70,88
2018-08-21T10:00:00.000,65,20,45
2018-08-21T11:00:00.000,70,25,45
2018-08-21T12:00:00.000,62,29,33
2018-08-21T13:00:00.000,51,29,22
2018-08-21T14:00:00.000,67,25,42
2018-08-21T15:00:00.000,94,38,56
2018-08-21T16:00:00.000,188,57,131
2018-08-21T17:00:00.000,387,86,301
2018-08-21T18:00:00.000,210,79,131
2018-08-21T19:00:00.000,116,34,82
2018-08-21T20:00:00.000,81,35,46
2018-08-21T21:00:00.000,41,20,21
2018-08-21T22:00:00.000,31,10,21
2018-08-21T23:00:00.000,17,6,11
2018-08-22T00:00:00.000,4,3,1
2018-08-22T01:00:00.000,6,3,3
2018-08-22T02:00:00.000,2,0,2
2018-08-22T03:00:00.000,8,2,6
2018-08-22T04:00:00.000,16,9,7
2018-08-22T05:00:00.000,34,13,21
2018-08-22T06:00:00.000,89,40,49
2018-08-22T07:00:00.000,220,97,123
2018-08-22T08:00:00.000,326,151,175
2018-08-22T09:00:00.000,156,71,85
2018-08-22T10:00:00.000,80,36,44
2018-08-22T11:00:00.000,70,30,40
2018-08-22T12:00:00.000,51,23,28
2018-08-22T13:00:00.000,61,21,40
2018-08-22T14:00:00.000,78,25,53
2018-08-22T15:00:00.000,79,25,54
2018-08-22T16:00:00.000,181,46,135
2018-08-22T17:00:00.000,373,78,295
2018-08-22T18:00:00.000,234,73,161
2018-08-22T19:00:00.000,125,38,87
2018-08-22T20:00:00.000,84,29,55
2018-08-22T21:00:00.000,42,18,24
2018-08-22T22:00:00.000,24,10,14
2018-08-22T23:00:00.000,18,7,11
2018-08-23T00:00:00.000,5,4,1
2018-08-23T01:00:00.000,3,0,3
2018-08-23T02:00:00.000,9,3,6
2018-08-23T03:00:00.000,7,3,4
2018-08-23T04:00:00.000,12,10,2
2018-08-23T05:00:00.000,31,11,20
2018-08-23T06:00:00.000,97,40,57
2018-08-23T07:00:00.000,247,115,132
2018-08-23T08:00:00.000,389,190,199
2018-08-23T09:00:00.000,211,93,118
2018-08-23T10:00:00.000,85,33,52
2018-08-23T11:00:00.000,79,46,33
2018-08-23T12:00:00.000,61,30,31
2018-08-23T13:00:00.000,92,41,51
2018-08-23T14:00:00.000,98,36,62
2018-08-23T15:00:00.000,124,53,71
2018-08-23T16:00:00.000,274,85,189
2018-08-23T17:00:00.000,524,129,395
2018-08-23T18:00:00.000,351,108,243
2018-08-23T19:00:00.000,229,90,139
2018-08-23T20:00:00.000,142,57,85
2018-08-23T21:00:00.000,67,35,32
2018-08-23T22:00:00.000,50,14,36
2018-08-23T23:00:00.000,14,8,6
2018-08-24T00:00:00.000,13,2,11
2018-08-24T01:00:00.000,4,1,3
2018-08-24T02:00:00.000,2,1,1
2018-08-24T03:00:00.000,8,1,7
2018-08-24T04:00:00.000,10,7,3
2018-08-24T05:00:00.000,29,13,16
2018-08-24T06:00:00.000,118,55,63
2018-08-24T07:00:00.000,334,176,158
2018-08-24T08:00:00.000,465,207,258
2018-08-24T09:00:00.000,268,117,151
2018-08-24T10:00:00.000,130,67,63
2018-08-24T11:00:00.000,95,47,48
2018-08-24T12:00:00.000,89,43,46
2018-08-24T13:00:00.000,95,52,43
2018-08-24T14:00:00.000,134,55,79
2018-08-24T15:00:00.000,209,76,133
2018-08-24T16:00:00.000,360,92,268
2018-08-24T17:00:00.000,536,147,389
2018-08-24T18:00:00.000,284,99,185
2018-08-24T19:00:00.000,150,59,91
2018-08-24T20:00:00.000,102,34,68
2018-08-24T21:00:00.000,67,27,40
2018-08-24T22:00:00.000,39,15,24
2018-08-24T23:00:00.000,19,4,15
2018-08-25T00:00:00.000,19,6,13
2018-08-25T01:00:00.000,19,7,12
2018-08-25T02:00:00.000,5,2,3
2018-08-25T03:00:00.000,3,1,2
2018-08-25T04:00:00.000,6,2,4
2018-08-25T05:00:00.000,5,2,3
2018-08-25T06:00:00.000,16,3,13
2018-08-25T07:00:00.000,35,17,18
2018-08-25T08:00:00.000,50,19,31
2018-08-25T09:00:00.000,99,50,49
2018-08-25T10:00:00.000,92,49,43
2018-08-25T11:00:00.000,78,41,37
2018-08-25T12:00:00.000,105,55,50
2018-08-25T13:00:00.000,130,49,81
2018-08-25T14:00:00.000,107,41,66
2018-08-25T15:00:00.000,104,51,53
2018-08-25T16:00:00.000,123,55,68
2018-08-25T17:00:00.000,101,47,54
2018-08-25T18:00:00.000,72,27,45
2018-08-25T19:00:00.000,55,26,29
2018-08-25T20:00:00.000,35,20,15
2018-08-25T21:00:00.000,29,13,16
2018-08-25T22:00:00.000,21,4,17
2018-08-25T23:00:00.000,23,10,13
2018-08-26T00:00:00.000,11,3,8
2018-08-26T01:00:00.000,10,4,6
2018-08-26T02:00:00.000,4,2,2
2018-08-26T03:00:00.000,7,5,2
2018-08-26T04:00:00.000,4,1,3
2018-08-26T05:00:00.000,5,1,4
2018-08-26T06:00:00.000,8,4,4
2018-08-26T07:00:00.000,28,15,13
2018-08-26T08:00:00.000,51,23,28
2018-08-26T09:00:00.000,68,42,26
2018-08-26T10:00:00.000,109,61,48
2018-08-26T11:00:00.000,168,84,84
2018-08-26T12:00:00.000,125,59,66
2018-08-26T13:00:00.000,143,74,69
2018-08-26T14:00:00.000,143,91,52
2018-08-26T15:00:00.000,147,78,69
2018-08-26T16:00:00.000,117,61,56
2018-08-26T17:00:00.000,112,57,55
2018-08-26T18:00:00.000,73,31,42
2018-08-26T19:00:00.000,39,19,20
2018-08-26T20:00:00.000,31,10,21
2018-08-26T21:00:00.000,7,2,5
2018-08-26T22:00:00.000,9,6,3
2018-08-26T23:00:00.000,9,2,7
2018-08-27T00:00:00.000,7,2,5
2018-08-27T01:00:00.000,2,1,1
2018-08-27T02:00:00.000,0,0,0
2018-08-27T03:00:00.000,3,1,2
2018-08-27T04:00:00.000,13,5,8
2018-08-27T05:00:00.000,48,21,27
2018-08-27T06:00:00.000,136,58,78
2018-08-27T07:00:00.000,409,202,207
2018-08-27T08:00:00.000,569,277,292
2018-08-27T09:00:00.000,290,131,159
2018-08-27T10:00:00.000,115,52,63
2018-08-27T11:00:00.000,82,43,39
2018-08-27T12:00:00.000,93,35,58
2018-08-27T13:00:00.000,104,47,57
2018-08-27T14:00:00.000,125,53,72
2018-08-27T15:00:00.000,196,73,123
2018-08-27T16:00:00.000,369,100,269
2018-08-27T17:00:00.000,685,180,505
2018-08-27T18:00:00.000,479,135,344
2018-08-27T19:00:00.000,257,100,157
2018-08-27T20:00:00.000,112,50,62
2018-08-27T21:00:00.000,50,16,34
2018-08-27T22:00:00.000,37,14,23
2018-08-27T23:00:00.000,22,4,18
2018-08-28T00:00:00.000,5,1,4
2018-08-28T01:00:00.000,2,1,1
2018-08-28T02:00:00.000,4,3,1
2018-08-28T03:00:00.000,6,3,3
2018-08-28T04:00:00.000,13,6,7
2018-08-28T05:00:00.000,58,30,28
2018-08-28T06:00:00.000,176,75,101
2018-08-28T07:00:00.000,526,276,250
2018-08-28T08:00:00.000,690,305,385
2018-08-28T09:00:00.000,317,139,178
2018-08-28T10:00:00.000,160,83,77
2018-08-28T11:00:00.000,96,45,51
2018-08-28T12:00:00.000,129,62,67
2018-08-28T13:00:00.000,103,47,56
2018-08-28T14:00:00.000,132,62,70
2018-08-28T15:00:00.000,191,88,103
2018-08-28T16:00:00.000,456,139,317
2018-08-28T17:00:00.000,855,225,630
2018-08-28T18:00:00.000,540,189,351
2018-08-28T19:00:00.000,272,77,195
2018-08-28T20:00:00.000,162,67,95
2018-08-28T21:00:00.000,84,33,51
2018-08-28T22:00:00.000,45,16,29
2018-08-28T23:00:00.000,22,13,9
2018-08-29T00:00:00.000,14,6,8
2018-08-29T01:00:00.000,4,3,1
2018-08-29T02:00:00.000,2,0,2
2018-08-29T03:00:00.000,3,3,0
2018-08-29T04:00:00.000,18,7,11
2018-08-29T05:00:00.000,48,25,23
2018-08-29T06:00:00.000,192,85,107
2018-08-29T07:00:00.000,489,258,231
2018-08-29T08:00:00.000,596,283,313
2018-08-29T09:00:00.000,290,137,153
2018-08-29T10:00:00.000,128,51,77
2018-08-29T11:00:00.000,100,49,51
2018-08-29T12:00:00.000,105,53,52
2018-08-29T13:00:00.000,115,57,58
2018-08-29T14:00:00.000,109,49,60
2018-08-29T15:00:00.000,190,67,123
2018-08-29T16:00:00.000,399,119,280
2018-08-29T17:00:00.000,726,185,541
2018-08-29T18:00:00.000,444,132,312
2018-08-29T19:00:00.000,284,102,182
2018-08-29T20:00:00.000,118,46,72
2018-08-29T21:00:00.000,56,24,32
2018-08-29T22:00:00.000,32,13,19
2018-08-29T23:00:00.000,23,7,16
2018-08-30T00:00:00.000,6,0,6
2018-08-30T01:00:00.000,3,1,2
2018-08-30T02:00:00.000,6,2,4
2018-08-30T03:00:00.000,3,1,2
2018-08-30T04:00:00.000,9,5,4
2018-08-30T05:00:00.000,44,21,23
2018-08-30T06:00:00.000,143,61,82
2018-08-30T07:00:00.000,366,180,186
2018-08-30T08:00:00.000,493,226,267
2018-08-30T09:00:00.000,270,128,142
2018-08-30T10:00:00.000,136,64,72
2018-08-30T11:00:00.000,88,47,41
2018-08-30T12:00:00.000,68,32,36
2018-08-30T13:00:00.000,88,45,43
2018-08-30T14:00:00.000,95,37,58
2018-08-30T15:00:00.000,147,48,99
2018-08-30T16:00:00.000,339,105,234
2018-08-30T17:00:00.000,569,139,430
2018-08-30T18:00:00.000,373,101,272
2018-08-30T19:00:00.000,192,54,138
2018-08-30T20:00:00.000,120,49,71
2018-08-30T21:00:00.000,58,20,38
2018-08-30T22:00:00.000,40,18,22
2018-08-30T23:00:00.000,20,5,15
2018-08-31T00:00:00.000,15,3,12
2018-08-31T01:00:00.000,6,2,4
2018-08-31T02:00:00.000,3,0,3
2018-08-31T03:00:00.000,2,1,1
2018-08-31T04:00:00.000,9,3,6
2018-08-31T05:00:00.000,25,11,14
2018-08-31T06:00:00.000,99,47,52
2018-08-31T07:00:00.000,237,116,121
2018-08-31T08:00:00.000,364,164,200
2018-08-31T09:00:00.000,229,108,121
2018-08-31T10:00:00.000,108,44,64
2018-08-31T11:00:00.000,123,56,67
2018-08-31T12:00:00.000,125,53,72
2018-08-31T13:00:00.000,128,51,77
2018-08-31T14:00:00.000,157,52,105
2018-08-31T15:00:00.000,238,79,159
2018-08-31T16:00:00.000,346,100,246
2018-08-31T17:00:00.000,453,123,330
2018-08-31T18:00:00.000,286,84,202
2018-08-31T19:00:00.000,128,50,78
2018-08-31T20:00:00.000,81,21,60
2018-08-31T21:00:00.000,35,11,24
2018-08-31T22:00:00.000,31,9,22
2018-08-31T23:00:00.000,23,6,17
2018-09-01T00:00:00.000,14,8,6
2018-09-01T01:00:00.000,10,1,9
2018-09-01T02:00:00.000,9,4,5
2018-09-01T03:00:00.000,4,1,3
2018-09-01T04:00:00.000,6,2,4
2018-09-01T05:00:00.000,2,0,2
2018-09-01T06:00:00.000,15,4,11
2018-09-01T07:00:00.000,53,20,33
2018-09-01T08:00:00.000,84,43,41
2018-09-01T09:00:00.000,94,35,59
2018-09-01T10:00:00.000,100,58,42
2018-09-01T11:00:00.000,161,83,78
2018-09-01T12:00:00.000,132,78,54
2018-09-01T13:00:00.000,153,79,74
2018-09-01T14:00:00.000,142,79,63
2018-09-01T15:00:00.000,140,52,88
2018-09-01T16:00:00.000,218,113,105
2018-09-01T17:00:00.000,151,97,54
2018-09-01T18:00:00.000,113,58,55
2018-09-01T19:00:00.000,64,31,33
2018-09-01T20:00:00.000,56,30,26
2018-09-01T21:00:00.000,23,9,14
2018-09-01T22:00:00.000,28,10,18
2018-09-01T23:00:00.000,23,7,16
2018-09-02T00:00:00.000,19,3,16
2018-09-02T01:00:00.000,10,6,4
2018-09-02T02:00:00.000,3,2,1
2018-09-02T03:00:00.000,3,2,1
2018-09-02T04:00:00.000,3,1,2
2018-09-02T05:00:00.000,9,3,6
2018-09-02T06:00:00.000,12,3,9
2018-09-02T07:00:00.000,37,22,15
2018-09-02T08:00:00.000,71,30,41
2018-09-02T09:00:00.000,107,49,58
2018-09-02T10:00:00.000,136,69,67
2018-09-02T11:00:00.000,212,103,109
2018-09-02T12:00:00.000,181,98,83
2018-09-02T13:00:00.000,180,82,98
2018-09-02T14:00:00.000,228,115,113
2018-09-02T15:00:00.000,225,132,93
2018-09-02T16:00:00.000,191,99,92
2018-09-02T17:00:00.000,153,71,82
2018-09-02T18:00:00.000,137,58,79
2018-09-02T19:00:00.000,74,33,41
2018-09-02T20:00:00.000,62,30,32
2018-09-02T21:00:00.000,41,20,21
2018-09-02T22:00:00.000,22,5,17
2018-09-02T23:00:00.000,22,8,14
2018-09-03T00:00:00.000,10,2,8
2018-09-03T01:00:00.000,3,1,2
2018-09-03T02:00:00.000,2,2,0
2018-09-03T03:00:00.000,2,0,2
2018-09-03T04:00:00.000,4,0,4
2018-09-03T05:00:00.000,8,5,3
2018-09-03T06:00:00.000,29,9,20
2018-09-03T07:00:00.000,28,12,16
2018-09-03T08:00:00.000,69,29,40
2018-09-03T09:00:00.000,121,61,60
2018-09-03T10:00:00.000,128,68,60
2018-09-03T11:00:00.000,178,101,77
2018-09-03T12:00:00.000,174,63,111
2018-09-03T13:00:00.000,229,108,121
2018-09-03T14:00:00.000,226,113,113
2018-09-03T15:00:00.000,209,101,108
2018-09-03T16:00:00.000,242,126,116
2018-09-03T17:00:00.000,177,90,87
2018-09-03T18:00:00.000,153,57,96
2018-09-03T19:00:00.000,118,60,58
2018-09-03T20:00:00.000,54,23,31
2018-09-03T21:00:00.000,27,12,15
2018-09-03T22:00:00.000,15,9,6
2018-09-03T23:00:00.000,19,7,12
2018-09-04T00:00:00.000,4,1,3
2018-09-04T01:00:00.000,5,1,4
2018-09-04T02:00:00.000,1,1,0
2018-09-04T03:00:00.000,1,1,0
2018-09-04T04:00:00.000,14,5,9
2018-09-04T05:00:00.000,39,22,17
2018-09-04T06:00:00.000,181,72,109
2018-09-04T07:00:00.000,466,222,244
2018-09-04T08:00:00.000,600,253,347
2018-09-04T09:00:00.000,275,94,181
2018-09-04T10:00:00.000,124,49,75
2018-09-04T11:00:00.000,106,49,57
2018-09-04T12:00:00.000,103,41,62
2018-09-04T13:00:00.000,93,39,54
2018-09-04T14:00:00.000,109,42,67
2018-09-04T15:00:00.000,155,51,104
2018-09-04T16:00:00.000,377,102,275
2018-09-04T17:00:00.000,730,145,585
2018-09-04T18:00:00.000,480,125,355
2018-09-04T19:00:00.000,243,75,168
2018-09-04T20:00:00.000,103,44,59
2018-09-04T21:00:00.000,62,25,37
2018-09-04T22:00:00.000,37,13,24
2018-09-04T23:00:00.000,14,4,10
2018-09-05T00:00:00.000,5,1,4
2018-09-05T01:00:00.000,3,2,1
2018-09-05T02:00:00.000,5,2,3
2018-09-05T03:00:00.000,2,1,1
2018-09-05T04:00:00.000,20,9,11
2018-09-05T05:00:00.000,48,27,21
2018-09-05T06:00:00.000,192,100,92
2018-09-05T07:00:00.000,498,239,259
2018-09-05T08:00:00.000,748,370,378
2018-09-05T09:00:00.000,318,142,176
2018-09-05T10:00:00.000,136,57,79
2018-09-05T11:00:00.000,110,57,53
2018-09-05T12:00:00.000,86,35,51
2018-09-05T13:00:00.000,101,39,62
2018-09-05T14:00:00.000,139,54,85
2018-09-05T15:00:00.000,181,70,111
2018-09-05T16:00:00.000,424,122,302
2018-09-05T17:00:00.000,792,179,613
2018-09-05T18:00:00.000,537,168,369
2018-09-05T19:00:00.000,269,103,166
2018-09-05T20:00:00.000,125,47,78
2018-09-05T21:00:00.000,52,21,31
2018-09-05T22:00:00.000,39,20,19
2018-09-05T23:00:00.000,20,4,16
2018-09-06T00:00:00.000,6,2,4
2018-09-06T01:00:00.000,3,1,2
2018-09-06T02:00:00.000,1,1,0
2018-09-06T03:00:00.000,2,1,1
2018-09-06T04:00:00.000,18,7,11
2018-09-06T05:00:00.000,47,26,21
2018-09-06T06:00:00.000,187,105,82
2018-09-06T07:00:00.000,512,256,256
2018-09-06T08:00:00.000,721,342,379
2018-09-06T09:00:00.000,332,134,198
2018-09-06T10:00:00.000,145,65,80
2018-09-06T11:00:00.000,119,59,60
2018-09-06T12:00:00.000,94,38,56
2018-09-06T13:00:00.000,108,52,56
2018-09-06T14:00:00.000,138,63,75
2018-09-06T15:00:00.000,193,69,124
2018-09-06T16:00:00.000,418,113,305
2018-09-06T17:00:00.000,773,220,553
2018-09-06T18:00:00.000,487,139,348
2018-09-06T19:00:00.000,266,76,190
2018-09-06T20:00:00.000,138,49,89
2018-09-06T21:00:00.000,80,23,57
2018-09-06T22:00:00.000,58,25,33
2018-09-06T23:00:00.000,36,5,31
2018-09-07T00:00:00.000,15,6,9
2018-09-07T01:00:00.000,3,3,0
2018-09-07T02:00:00.000,1,0,1
2018-09-07T03:00:00.000,4,1,3
2018-09-07T04:00:00.000,11,4,7
2018-09-07T05:00:00.000,29,15,14
2018-09-07T06:00:00.000,149,75,74
2018-09-07T07:00:00.000,392,203,189
2018-09-07T08:00:00.000,578,292,286
2018-09-07T09:00:00.000,284,124,160
2018-09-07T10:00:00.000,119,62,57
2018-09-07T11:00:00.000,115,49,66
2018-09-07T12:00:00.000,94,43,51
2018-09-07T13:00:00.000,107,48,59
2018-09-07T14:00:00.000,141,54,87
2018-09-07T15:00:00.000,219,77,142
2018-09-07T16:00:00.000,392,115,277
2018-09-07T17:00:00.000,605,145,460
2018-09-07T18:00:00.000,345,108,237
2018-09-07T19:00:00.000,123,37,86
2018-09-07T20:00:00.000,71,20,51
2018-09-07T21:00:00.000,51,29,22
2018-09-07T22:00:00.000,37,19,18
2018-09-07T23:00:00.000,27,11,16
2018-09-08T00:00:00.000,7,0,7
2018-09-08T01:00:00.000,3,2,1
2018-09-08T02:00:00.000,5,1,4
2018-09-08T03:00:00.000,1,1,0
2018-09-08T04:00:00.000,3,0,3
2018-09-08T05:00:00.000,5,2,3
2018-09-08T06:00:00.000,27,18,9
2018-09-08T07:00:00.000,31,14,17
2018-09-08T08:00:00.000,60,31,29
2018-09-08T09:00:00.000,75,32,43
2018-09-08T10:00:00.000,97,43,54
2018-09-08T11:00:00.000,157,68,89
2018-09-08T12:00:00.000,152,64,88
2018-09-08T13:00:00.000,156,66,90
2018-09-08T14:00:00.000,153,68,85
2018-09-08T15:00:00.000,159,72,87
2018-09-08T16:00:00.000,163,78,85
2018-09-08T17:00:00.000,194,107,87
2018-09-08T18:00:00.000,102,52,50
2018-09-08T19:00:00.000,57,28,29
2018-09-08T20:00:00.000,48,18,30
2018-09-08T21:00:00.000,33,11,22
2018-09-08T22:00:00.000,32,11,21
2018-09-08T23:00:00.000,30,12,18
2018-09-09T00:00:00.000,12,5,7
2018-09-09T01:00:00.000,10,8,2
2018-09-09T02:00:00.000,4,2,2
2018-09-09T03:00:00.000,3,1,2
2018-09-09T04:00:00.000,5,2,3
2018-09-09T05:00:00.000,3,1,2
2018-09-09T06:00:00.000,24,11,13
2018-09-09T07:00:00.000,39,18,21
2018-09-09T08:00:00.000,69,46,23
2018-09-09T09:00:00.000,97,46,51
2018-09-09T10:00:00.000,119,59,60
2018-09-09T11:00:00.000,172,84,88
2018-09-09T12:00:00.000,176,81,95
2018-09-09T13:00:00.000,183,79,104
2018-09-09T14:00:00.000,152,68,84
2018-09-09T15:00:00.000,177,77,100
2018-09-09T16:00:00.000,154,62,92
2018-09-09T17:00:00.000,155,62,93
2018-09-09T18:00:00.000,88,42,46
2018-09-09T19:00:00.000,52,26,26
2018-09-09T20:00:00.000,28,13,15
2018-09-09T21:00:00.000,9,2,7
2018-09-09T22:00:00.000,14,5,9
2018-09-09T23:00:00.000,6,1,5
2018-09-10T00:00:00.000,4,0,4
2018-09-10T01:00:00.000,0,0,0
2018-09-10T02:00:00.000,0,0,0
2018-09-10T03:00:00.000,1,0,1
2018-09-10T04:00:00.000,13,9,4
2018-09-10T05:00:00.000,40,21,19
2018-09-10T06:00:00.000,152,75,77
2018-09-10T07:00:00.000,379,201,178
2018-09-10T08:00:00.000,582,277,305
2018-09-10T09:00:00.000,268,113,155
2018-09-10T10:00:00.000,108,58,50
2018-09-10T11:00:00.000,66,27,39
2018-09-10T12:00:00.000,79,37,42
2018-09-10T13:00:00.000,79,37,42
2018-09-10T14:00:00.000,77,27,50
2018-09-10T15:00:00.000,134,50,84
2018-09-10T16:00:00.000,315,84,231
2018-09-10T17:00:00.000,605,137,468
2018-09-10T18:00:00.000,451,133,318
2018-09-10T19:00:00.000,171,59,112
2018-09-10T20:00:00.000,76,27,49
2018-09-10T21:00:00.000,55,20,35
2018-09-10T22:00:00.000,17,4,13
2018-09-10T23:00:00.000,18,0,18
2018-09-11T00:00:00.000,11,3,8
2018-09-11T01:00:00.000,3,1,2
2018-09-11T02:00:00.000,4,3,1
2018-09-11T03:00:00.000,3,1,2
2018-09-11T04:00:00.000,7,3,4
2018-09-11T05:00:00.000,39,22,17
2018-09-11T06:00:00.000,155,78,77
2018-09-11T07:00:00.000,400,208,192
2018-09-11T08:00:00.000,580,293,287
2018-09-11T09:00:00.000,279,134,145
2018-09-11T10:00:00.000,99,51,48
2018-09-11T11:00:00.000,65,32,33
2018-09-11T12:00:00.000,76,34,42
2018-09-11T13:00:00.000,90,44,46
2018-09-11T14:00:00.000,79,36,43
2018-09-11T15:00:00.000,141,47,94
2018-09-11T16:00:00.000,317,79,238
2018-09-11T17:00:00.000,655,171,484
2018-09-11T18:00:00.000,417,125,292
2018-09-11T19:00:00.000,228,72,156
2018-09-11T20:00:00.000,92,38,54
2018-09-11T21:00:00.000,45,13,32
2018-09-11T22:00:00.000,36,14,22
2018-09-11T23:00:00.000,20,13,7
2018-09-12T00:00:00.000,7,4,3
2018-09-12T01:00:00.000,2,0,2
2018-09-12T02:00:00.000,3,2,1
2018-09-12T03:00:00.000,2,1,1
2018-09-12T04:00:00.000,10,6,4
2018-09-12T05:00:00.000,46,27,19
2018-09-12T06:00:00.000,148,73,75
2018-09-12T07:00:00.000,391,220,171
2018-09-12T08:00:00.000,612,271,341
2018-09-12T09:00:00.000,288,127,161
2018-09-12T10:00:00.000,109,46,63
2018-09-12T11:00:00.000,72,28,44
2018-09-12T12:00:00.000,76,32,44
2018-09-12T13:00:00.000,86,36,50
2018-09-12T14:00:00.000,88,37,51
2018-09-12T15:00:00.000,149,49,100
2018-09-12T16:00:00.000,343,99,244
2018-09-12T17:00:00.000,608,149,459
2018-09-12T18:00:00.000,419,118,301
2018-09-12T19:00:00.000,188,56,132
2018-09-12T20:00:00.000,96,36,60
2018-09-12T21:00:00.000,54,26,28
2018-09-12T22:00:00.000,32,12,20
2018-09-12T23:00:00.000,27,8,19
2018-09-13T00:00:00.000,8,3,5
2018-09-13T01:00:00.000,5,3,2
2018-09-13T02:00:00.000,3,2,1
2018-09-13T03:00:00.000,6,1,5
2018-09-13T04:00:00.000,7,4,3
2018-09-13T05:00:00.000,35,20,15
2018-09-13T06:00:00.000,135,71,64
2018-09-13T07:00:00.000,368,186,182
2018-09-13T08:00:00.000,552,265,287
2018-09-13T09:00:00.000,277,108,169
2018-09-13T10:00:00.000,126,53,73
2018-09-13T11:00:00.000,102,46,56
2018-09-13T12:00:00.000,75,39,36
2018-09-13T13:00:00.000,96,44,52
2018-09-13T14:00:00.000,102,39,63
2018-09-13T15:00:00.000,156,58,98
2018-09-13T16:00:00.000,355,113,242
2018-09-13T17:00:00.000,585,147,438
2018-09-13T18:00:00.000,413,115,298
2018-09-13T19:00:00.000,173,60,113
2018-09-13T20:00:00.000,102,50,52
2018-09-13T21:00:00.000,58,23,35
2018-09-13T22:00:00.000,26,8,18
2018-09-13T23:00:00.000,21,5,16
2018-09-14T00:00:00.000,13,5,8
2018-09-14T01:00:00.000,2,1,1
2018-09-14T02:00:00.000,3,3,0
2018-09-14T03:00:00.000,8,4,4
2018-09-14T04:00:00.000,15,6,9
2018-09-14T05:00:00.000,16,6,10
2018-09-14T06:00:00.000,104,57,47
2018-09-14T07:00:00.000,205,112,93
2018-09-14T08:00:00.000,372,165,207
2018-09-14T09:00:00.000,184,90,94
2018-09-14T10:00:00.000,88,46,42
2018-09-14T11:00:00.000,65,38,27
2018-09-14T12:00:00.000,57,24,33
2018-09-14T13:00:00.000,96,43,53
2018-09-14T14:00:00.000,90,37,53
2018-09-14T15:00:00.000,137,50,87
2018-09-14T16:00:00.000,230,69,161
2018-09-14T17:00:00.000,432,110,322
2018-09-14T18:00:00.000,249,81,168
2018-09-14T19:00:00.000,123,46,77
2018-09-14T20:00:00.000,55,23,32
2018-09-14T21:00:00.000,43,19,24
2018-09-14T22:00:00.000,35,10,25
2018-09-14T23:00:00.000,34,6,28
2018-09-15T00:00:00.000,14,6,8
2018-09-15T01:00:00.000,9,3,6
2018-09-15T02:00:00.000,4,0,4
2018-09-15T03:00:00.000,5,2,3
2018-09-15T04:00:00.000,8,2,6
2018-09-15T05:00:00.000,10,5,5
2018-09-15T06:00:00.000,21,13,8
2018-09-15T07:00:00.000,42,17,25
2018-09-15T08:00:00.000,60,28,32
2018-09-15T09:00:00.000,97,46,51
2018-09-15T10:00:00.000,106,49,57
2018-09-15T11:00:00.000,117,51,66
2018-09-15T12:00:00.000,152,82,70
2018-09-15T13:00:00.000,108,56,52
2018-09-15T14:00:00.000,90,39,51
2018-09-15T15:00:00.000,133,71,62
2018-09-15T16:00:00.000,118,56,62
2018-09-15T17:00:00.000,77,30,47
2018-09-15T18:00:00.000,37,22,15
2018-09-15T19:00:00.000,34,21,13
2018-09-15T20:00:00.000,26,18,8
2018-09-15T21:00:00.000,29,10,19
2018-09-15T22:00:00.000,12,6,6
2018-09-15T23:00:00.000,19,3,16
2018-09-16T00:00:00.000,7,2,5
2018-09-16T01:00:00.000,9,6,3
2018-09-16T02:00:00.000,0,0,0
2018-09-16T03:00:00.000,0,0,0
2018-09-16T04:00:00.000,2,0,2
2018-09-16T05:00:00.000,5,1,4
2018-09-16T06:00:00.000,9,4,5
2018-09-16T07:00:00.000,19,6,13
2018-09-16T08:00:00.000,16,7,9
2018-09-16T09:00:00.000,26,18,8
2018-09-16T10:00:00.000,48,20,28
2018-09-16T11:00:00.000,74,37,37
2018-09-16T12:00:00.000,132,62,70
2018-09-16T13:00:00.000,109,59,50
2018-09-16T14:00:00.000,140,79,61
2018-09-16T15:00:00.000,121,67,54
2018-09-16T16:00:00.000,124,70,54
2018-09-16T17:00:00.000,110,55,55
2018-09-16T18:00:00.000,97,54,43
2018-09-16T19:00:00.000,67,35,32
2018-09-16T20:00:00.000,16,8,8
2018-09-16T21:00:00.000,20,12,8
2018-09-16T22:00:00.000,9,2,7
2018-09-16T23:00:00.000,10,2,8
2018-09-17T00:00:00.000,4,1,3
2018-09-17T01:00:00.000,0,0,0
2018-09-17T02:00:00.000,1,0,1
2018-09-17T03:00:00.000,2,0,2
2018-09-17T04:00:00.000,12,5,7
2018-09-17T05:00:00.000,46,29,17
2018-09-17T06:00:00.000,146,67,79
2018-09-17T07:00:00.000,465,217,248
2018-09-17T08:00:00.000,679,309,370
2018-09-17T09:00:00.000,258,113,145
2018-09-17T10:00:00.000,113,42,71
2018-09-17T11:00:00.000,90,48,42
2018-09-17T12:00:00.000,111,45,66
2018-09-17T13:00:00.000,110,54,56
2018-09-17T14:00:00.000,122,53,69
2018-09-17T15:00:00.000,161,59,102
2018-09-17T16:00:00.000,434,130,304
2018-09-17T17:00:00.000,765,212,553
2018-09-17T18:00:00.000,467,140,327
2018-09-17T19:00:00.000,178,66,112
2018-09-17T20:00:00.000,93,36,57
2018-09-17T21:00:00.000,59,26,33
2018-09-17T22:00:00.000,25,12,13
2018-09-17T23:00:00.000,10,1,9
2018-09-18T00:00:00.000,18,10,8
2018-09-18T01:00:00.000,5,5,0
2018-09-18T02:00:00.000,2,1,1
2018-09-18T03:00:00.000,5,1,4
2018-09-18T04:00:00.000,10,5,5
2018-09-18T05:00:00.000,43,24,19
2018-09-18T06:00:00.000,154,67,87
2018-09-18T07:00:00.000,490,228,262
2018-09-18T08:00:00.000,659,328,331
2018-09-18T09:00:00.000,292,147,145
2018-09-18T10:00:00.000,132,59,73
2018-09-18T11:00:00.000,89,39,50
2018-09-18T12:00:00.000,77,34,43
2018-09-18T13:00:00.000,108,46,62
2018-09-18T14:00:00.000,131,51,80
2018-09-18T15:00:00.000,187,65,122
2018-09-18T16:00:00.000,378,102,276
2018-09-18T17:00:00.000,770,178,592
2018-09-18T18:00:00.000,490,157,333
2018-09-18T19:00:00.000,226,75,151
2018-09-18T20:00:00.000,94,35,59
2018-09-18T21:00:00.000,56,21,35
2018-09-18T22:00:00.000,32,10,22
2018-09-18T23:00:00.000,19,11,8
2018-09-19T00:00:00.000,8,1,7
2018-09-19T01:00:00.000,5,0,5
2018-09-19T02:00:00.000,3,0,3
2018-09-19T03:00:00.000,7,3,4
2018-09-19T04:00:00.000,10,5,5
2018-09-19T05:00:00.000,40,22,18
2018-09-19T06:00:00.000,145,70,75
2018-09-19T07:00:00.000,418,225,193
2018-09-19T08:00:00.000,600,282,318
2018-09-19T09:00:00.000,304,135,169
2018-09-19T10:00:00.000,120,47,73
2018-09-19T11:00:00.000,89,33,56
2018-09-19T12:00:00.000,81,38,43
2018-09-19T13:00:00.000,97,40,57
2018-09-19T14:00:00.000,131,54,77
2018-09-19T15:00:00.000,185,82,103
2018-09-19T16:00:00.000,365,104,261
2018-09-19T17:00:00.000,673,173,500
2018-09-19T18:00:00.000,453,146,307
2018-09-19T19:00:00.000,190,59,131
2018-09-19T20:00:00.000,98,40,58
2018-09-19T21:00:00.000,44,18,26
2018-09-19T22:00:00.000,41,8,33
2018-09-19T23:00:00.000,20,9,11
2018-09-20T00:00:00.000,10,4,6
2018-09-20T01:00:00.000,4,1,3
2018-09-20T02:00:00.000,1,1,0
2018-09-20T03:00:00.000,7,4,3
2018-09-20T04:00:00.000,10,3,7
2018-09-20T05:00:00.000,34,18,16
2018-09-20T06:00:00.000,148,68,80
2018-09-20T07:00:00.000,318,170,148
2018-09-20T08:00:00.000,497,242,255
2018-09-20T09:00:00.000,234,105,129
2018-09-20T10:00:00.000,117,56,61
2018-09-20T11:00:00.000,74,33,41
2018-09-20T12:00:00.000,84,33,51
2018-09-20T13:00:00.000,81,43,38
2018-09-20T14:00:00.000,100,38,62
2018-09-20T15:00:00.000,153,65,88
2018-09-20T16:00:00.000,288,83,205
2018-09-20T17:00:00.000,580,150,430
2018-09-20T18:00:00.000,346,102,244
2018-09-20T19:00:00.000,152,47,105
2018-09-20T20:00:00.000,86,29,57
2018-09-20T21:00:00.000,53,25,28
2018-09-20T22:00:00.000,27,15,12
2018-09-20T23:00:00.000,31,8,23
2018-09-21T00:00:00.000,15,4,11
2018-09-21T01:00:00.000,3,0,3
2018-09-21T02:00:00.000,7,5,2
2018-09-21T03:00:00.000,4,1,3
2018-09-21T04:00:00.000,9,3,6
2018-09-21T05:00:00.000,32,18,14
2018-09-21T06:00:00.000,106,56,50
2018-09-21T07:00:00.000,322,159,163
2018-09-21T08:00:00.000,491,245,246
2018-09-21T09:00:00.000,244,119,125
2018-09-21T10:00:00.000,113,55,58
2018-09-21T11:00:00.000,100,47,53
2018-09-21T12:00:00.000,93,39,54
2018-09-21T13:00:00.000,87,43,44
2018-09-21T14:00:00.000,134,47,87
2018-09-21T15:00:00.000,160,66,94
2018-09-21T16:00:00.000,352,92,260
2018-09-21T17:00:00.000,522,119,403
2018-09-21T18:00:00.000,306,83,223
2018-09-21T19:00:00.000,138,48,90
2018-09-21T20:00:00.000,62,21,41
2018-09-21T21:00:00.000,41,17,24
2018-09-21T22:00:00.000,34,13,21
2018-09-21T23:00:00.000,30,18,12
2018-09-22T00:00:00.000,23,10,13
2018-09-22T01:00:00.000,7,3,4
2018-09-22T02:00:00.000,1,0,1
2018-09-22T03:00:00.000,5,2,3
2018-09-22T04:00:00.000,3,0,3
2018-09-22T05:00:00.000,8,4,4
2018-09-22T06:00:00.000,19,7,12
2018-09-22T07:00:00.000,22,6,16
2018-09-22T08:00:00.000,76,36,40
2018-09-22T09:00:00.000,88,38,50
2018-09-22T10:00:00.000,93,44,49
2018-09-22T11:00:00.000,98,61,37
2018-09-22T12:00:00.000,104,46,58
2018-09-22T13:00:00.000,115,40,75
2018-09-22T14:00:00.000,133,54,79
2018-09-22T15:00:00.000,125,67,58
2018-09-22T16:00:00.000,152,65,87
2018-09-22T17:00:00.000,159,76,83
2018-09-22T18:00:00.000,83,43,40
2018-09-22T19:00:00.000,68,30,38
2018-09-22T20:00:00.000,30,13,17
2018-09-22T21:00:00.000,38,25,13
2018-09-22T22:00:00.000,28,21,7
2018-09-22T23:00:00.000,47,29,18
2018-09-23T00:00:00.000,16,10,6
2018-09-23T01:00:00.000,11,6,5
2018-09-23T02:00:00.000,5,3,2
2018-09-23T03:00:00.000,3,1,2
2018-09-23T04:00:00.000,6,1,5
2018-09-23T05:00:00.000,5,4,1
2018-09-23T06:00:00.000,22,10,12
2018-09-23T07:00:00.000,21,9,12
2018-09-23T08:00:00.000,70,29,41
2018-09-23T09:00:00.000,74,36,38
2018-09-23T10:00:00.000,100,45,55
2018-09-23T11:00:00.000,137,71,66
2018-09-23T12:00:00.000,159,70,89
2018-09-23T13:00:00.000,179,82,97
2018-09-23T14:00:00.000,178,88,90
2018-09-23T15:00:00.000,178,99,79
2018-09-23T16:00:00.000,162,91,71
2018-09-23T17:00:00.000,142,89,53
2018-09-23T18:00:00.000,119,68,51
2018-09-23T19:00:00.000,67,34,33
2018-09-23T20:00:00.000,33,19,14
2018-09-23T21:00:00.000,25,10,15
2018-09-23T22:00:00.000,12,9,3
2018-09-23T23:00:00.000,11,0,11
2018-09-24T00:00:00.000,9,2,7
2018-09-24T01:00:00.000,3,3,0
2018-09-24T02:00:00.000,1,0,1
2018-09-24T03:00:00.000,2,1,1
2018-09-24T04:00:00.000,18,8,10
2018-09-24T05:00:00.000,38,21,17
2018-09-24T06:00:00.000,145,72,73
2018-09-24T07:00:00.000,441,212,229
2018-09-24T08:00:00.000,722,360,362
2018-09-24T09:00:00.000,324,165,159
2018-09-24T10:00:00.000,140,66,74
2018-09-24T11:00:00.000,94,49,45
2018-09-24T12:00:00.000,102,53,49
2018-09-24T13:00:00.000,104,45,59
2018-09-24T14:00:00.000,123,49,74
2018-09-24T15:00:00.000,180,74,106
2018-09-24T16:00:00.000,408,121,287
2018-09-24T17:00:00.000,776,199,577
2018-09-24T18:00:00.000,494,144,350
2018-09-24T19:00:00.000,182,57,125
2018-09-24T20:00:00.000,78,23,55
2018-09-24T21:00:00.000,58,23,35
2018-09-24T22:00:00.000,22,6,16
2018-09-24T23:00:00.000,14,1,13
2018-09-25T00:00:00.000,7,3,4
2018-09-25T01:00:00.000,2,0,2
2018-09-25T02:00:00.000,2,0,2
2018-09-25T03:00:00.000,3,1,2
2018-09-25T04:00:00.000,14,6,8
2018-09-25T05:00:00.000,47,21,26
2018-09-25T06:00:00.000,174,89,85
2018-09-25T07:00:00.000,482,223,259
2018-09-25T08:00:00.000,678,316,362
2018-09-25T09:00:00.000,342,161,181
2018-09-25T10:00:00.000,124,56,68
2018-09-25T11:00:00.000,93,38,55
2018-09-25T12:00:00.000,108,49,59
2018-09-25T13:00:00.000,96,46,50
2018-09-25T14:00:00.000,136,54,82
2018-09-25T15:00:00.000,177,71,106
2018-09-25T16:00:00.000,422,118,304
2018-09-25T17:00:00.000,778,189,589
2018-09-25T18:00:00.000,468,127,341
2018-09-25T19:00:00.000,208,74,134
2018-09-25T20:00:00.000,105,32,73
2018-09-25T21:00:00.000,63,29,34
2018-09-25T22:00:00.000,32,7,25
2018-09-25T23:00:00.000,17,7,10
2018-09-26T00:00:00.000,14,5,9
2018-09-26T01:00:00.000,2,0,2
2018-09-26T02:00:00.000,1,0,1
2018-09-26T03:00:00.000,4,2,2
2018-09-26T04:00:00.000,12,7,5
2018-09-26T05:00:00.000,46,23,23
2018-09-26T06:00:00.000,152,72,80
2018-09-26T07:00:00.000,496,257,239
2018-09-26T08:00:00.000,623,296,327
2018-09-26T09:00:00.000,328,149,179
2018-09-26T10:00:00.000,144,70,74
2018-09-26T11:00:00.000,86,38,48
2018-09-26T12:00:00.000,79,33,46
2018-09-26T13:00:00.000,86,39,47
2018-09-26T14:00:00.000,105,51,54
2018-09-26T15:00:00.000,188,67,121
2018-09-26T16:00:00.000,428,113,315
2018-09-26T17:00:00.000,760,201,559
2018-09-26T18:00:00.000,529,158,371
2018-09-26T19:00:00.000,222,74,148
2018-09-26T20:00:00.000,89,33,56
2018-09-26T21:00:00.000,70,31,39
2018-09-26T22:00:00.000,39,12,27
2018-09-26T23:00:00.000,16,7,9
2018-09-27T00:00:00.000,11,4,7
2018-09-27T01:00:00.000,6,4,2
2018-09-27T02:00:00.000,5,4,1
2018-09-27T03:00:00.000,9,3,6
2018-09-27T04:00:00.000,15,11,4
2018-09-27T05:00:00.000,41,19,22
2018-09-27T06:00:00.000,149,73,76
2018-09-27T07:00:00.000,404,192,212
2018-09-27T08:00:00.000,621,302,319
2018-09-27T09:00:00.000,312,140,172
2018-09-27T10:00:00.000,136,58,78
2018-09-27T11:00:00.000,124,59,65
2018-09-27T12:00:00.000,120,50,70
2018-09-27T13:00:00.000,115,50,65
2018-09-27T14:00:00.000,129,58,71
2018-09-27T15:00:00.000,171,67,104
2018-09-27T16:00:00.000,384,110,274
2018-09-27T17:00:00.000,713,199,514
2018-09-27T18:00:00.000,414,145,269
2018-09-27T19:00:00.000,176,52,124
2018-09-27T20:00:00.000,95,31,64
2018-09-27T21:00:00.000,80,31,49
2018-09-27T22:00:00.000,44,17,27
2018-09-27T23:00:00.000,24,12,12
2018-09-28T00:00:00.000,15,1,14
2018-09-28T01:00:00.000,6,3,3
2018-09-28T02:00:00.000,0,0,0
2018-09-28T03:00:00.000,5,1,4
2018-09-28T04:00:00.000,15,5,10
2018-09-28T05:00:00.000,35,18,17
2018-09-28T06:00:00.000,137,65,72
2018-09-28T07:00:00.000,362,182,180
2018-09-28T08:00:00.000,538,247,291
2018-09-28T09:00:00.000,288,145,143
2018-09-28T10:00:00.000,146,62,84
2018-09-28T11:00:00.000,111,47,64
2018-09-28T12:00:00.000,114,58,56
2018-09-28T13:00:00.000,125,53,72
2018-09-28T14:00:00.000,175,63,112
2018-09-28T15:00:00.000,228,84,144
2018-09-28T16:00:00.000,413,110,303
2018-09-28T17:00:00.000,675,199,476
2018-09-28T18:00:00.000,353,146,207
2018-09-28T19:00:00.000,171,75,96
2018-09-28T20:00:00.000,81,18,63
2018-09-28T21:00:00.000,43,20,23
2018-09-28T22:00:00.000,38,22,16
2018-09-28T23:00:00.000,41,8,33
2018-09-29T00:00:00.000,18,8,10
2018-09-29T01:00:00.000,12,6,6
2018-09-29T02:00:00.000,7,5,2
2018-09-29T03:00:00.000,2,2,0
2018-09-29T04:00:00.000,9,1,8
2018-09-29T05:00:00.000,10,2,8
2018-09-29T06:00:00.000,18,7,11
2018-09-29T07:00:00.000,32,14,18
2018-09-29T08:00:00.000,83,40,43
2018-09-29T09:00:00.000,126,59,67
2018-09-29T10:00:00.000,130,74,56
2018-09-29T11:00:00.000,162,62,100
2018-09-29T12:00:00.000,192,106,86
2018-09-29T13:00:00.000,151,61,90
2018-09-29T14:00:00.000,175,89,86
2018-09-29T15:00:00.000,209,83,126
2018-09-29T16:00:00.000,172,73,99
2018-09-29T17:00:00.000,124,49,75
2018-09-29T18:00:00.000,115,63,52
2018-09-29T19:00:00.000,63,32,31
2018-09-29T20:00:00.000,60,45,15
2018-09-29T21:00:00.000,35,15,20
2018-09-29T22:00:00.000,19,6,13
2018-09-29T23:00:00.000,14,6,8
2018-09-30T00:00:00.000,9,2,7
2018-09-30T01:00:00.000,6,4,2
2018-09-30T02:00:00.000,9,5,4
2018-09-30T03:00:00.000,1,1,0
2018-09-30T04:00:00.000,5,0,5
2018-09-30T05:00:00.000,6,1,5
2018-09-30T06:00:00.000,9,3,6
2018-09-30T07:00:00.000,28,13,15
2018-09-30T08:00:00.000,45,32,13
2018-09-30T09:00:00.000,81,45,36
2018-09-30T10:00:00.000,108,51,57
2018-09-30T11:00:00.000,136,55,81
2018-09-30T12:00:00.000,129,64,65
2018-09-30T13:00:00.000,148,67,81
2018-09-30T14:00:00.000,111,53,58
2018-09-30T15:00:00.000,120,55,65
2018-09-30T16:00:00.000,106,46,60
2018-09-30T17:00:00.000,119,61,58
2018-09-30T18:00:00.000,58,25,33
2018-09-30T19:00:00.000,35,18,17
2018-09-30T20:00:00.000,24,8,16
2018-09-30T21:00:00.000,7,3,4
2018-09-30T22:00:00.000,9,2,7
2018-09-30T23:00:00.000,10,6,4
2018-10-01T00:00:00.000,11,4,7
2018-10-01T01:00:00.000,4,3,1
2018-10-01T02:00:00.000,2,2,0
2018-10-01T03:00:00.000,0,0,0
2018-10-01T04:00:00.000,12,5,7
2018-10-01T05:00:00.000,48,28,20
2018-10-01T06:00:00.000,137,71,66
2018-10-01T07:00:00.000,352,170,182
2018-10-01T08:00:00.000,578,276,302
2018-10-01T09:00:00.000,247,119,128
2018-10-01T10:00:00.000,74,43,31
2018-10-01T11:00:00.000,56,26,30
2018-10-01T12:00:00.000,39,16,23
2018-10-01T13:00:00.000,76,36,40
2018-10-01T14:00:00.000,63,20,43
2018-10-01T15:00:00.000,121,43,78
2018-10-01T16:00:00.000,265,67,198
2018-10-01T17:00:00.000,561,124,437
2018-10-01T18:00:00.000,315,101,214
2018-10-01T19:00:00.000,120,29,91
2018-10-01T20:00:00.000,65,20,45
2018-10-01T21:00:00.000,34,10,24
2018-10-01T22:00:00.000,28,9,19
2018-10-01T23:00:00.000,11,3,8
2018-10-02T00:00:00.000,6,4,2
2018-10-02T01:00:00.000,7,4,3
2018-10-02T02:00:00.000,4,3,1
2018-10-02T03:00:00.000,3,2,1
2018-10-02T04:00:00.000,15,4,11
2018-10-02T05:00:00.000,39,18,21
2018-10-02T06:00:00.000,161,78,83
2018-10-02T07:00:00.000,385,189,196
2018-10-02T08:00:00.000,588,267,321
2018-10-02T09:00:00.000,289,146,143
2018-10-02T10:00:00.000,113,52,61
2018-10-02T11:00:00.000,93,37,56
2018-10-02T12:00:00.000,106,56,50
2018-10-02T13:00:00.000,101,47,54
2018-10-02T14:00:00.000,112,48,64
2018-10-02T15:00:00.000,168,67,101
2018-10-02T16:00:00.000,304,75,229
2018-10-02T17:00:00.000,627,147,480
2018-10-02T18:00:00.000,404,107,297
2018-10-02T19:00:00.000,154,46,108
2018-10-02T20:00:00.000,76,18,58
2018-10-02T21:00:00.000,38,16,22
2018-10-02T22:00:00.000,23,12,11
2018-10-02T23:00:00.000,23,9,14
2018-10-03T00:00:00.000,6,4,2
2018-10-03T01:00:00.000,0,0,0
2018-10-03T02:00:00.000,3,2,1
2018-10-03T03:00:00.000,3,3,0
2018-10-03T04:00:00.000,16,7,9
2018-10-03T05:00:00.000,48,28,20
2018-10-03T06:00:00.000,138,76,62
2018-10-03T07:00:00.000,418,207,211
2018-10-03T08:00:00.000,581,274,307
2018-10-03T09:00:00.000,294,134,160
2018-10-03T10:00:00.000,105,47,58
2018-10-03T11:00:00.000,112,53,59
2018-10-03T12:00:00.000,85,37,48
2018-10-03T13:00:00.000,84,47,37
2018-10-03T14:00:00.000,96,39,57
2018-10-03T15:00:00.000,150,54,96
2018-10-03T16:00:00.000,329,96,233
2018-10-03T17:00:00.000,625,152,473
2018-10-03T18:00:00.000,432,125,307
2018-10-03T19:00:00.000,168,49,119
2018-10-03T20:00:00.000,83,22,61
2018-10-03T21:00:00.000,56,22,34
2018-10-03T22:00:00.000,33,14,19
2018-10-03T23:00:00.000,16,4,12
2018-10-04T00:00:00.000,4,1,3
2018-10-04T01:00:00.000,5,3,2
2018-10-04T02:00:00.000,7,6,1
2018-10-04T03:00:00.000,3,1,2
2018-10-04T04:00:00.000,14,5,9
2018-10-04T05:00:00.000,45,23,22
2018-10-04T06:00:00.000,147,73,74
2018-10-04T07:00:00.000,347,169,178
2018-10-04T08:00:00.000,552,262,290
2018-10-04T09:00:00.000,267,115,152
2018-10-04T10:00:00.000,140,63,77
2018-10-04T11:00:00.000,86,47,39
2018-10-04T12:00:00.000,94,53,41
2018-10-04T13:00:00.000,108,39,69
2018-10-04T14:00:00.000,125,49,76
2018-10-04T15:00:00.000,181,68,113
2018-10-04T16:00:00.000,347,104,243
2018-10-04T17:00:00.000,643,157,486
2018-10-04T18:00:00.000,415,127,288
2018-10-04T19:00:00.000,148,50,98
2018-10-04T20:00:00.000,99,33,66
2018-10-04T21:00:00.000,69,20,49
2018-10-04T22:00:00.000,41,15,26
2018-10-04T23:00:00.000,19,6,13
2018-10-05T00:00:00.000,16,6,10
2018-10-05T01:00:00.000,9,1,8
2018-10-05T02:00:00.000,3,1,2
2018-10-05T03:00:00.000,6,4,2
2018-10-05T04:00:00.000,17,5,12
2018-10-05T05:00:00.000,30,16,14
2018-10-05T06:00:00.000,101,45,56
2018-10-05T07:00:00.000,233,115,118
2018-10-05T08:00:00.000,371,181,190
2018-10-05T09:00:00.000,195,92,103
2018-10-05T10:00:00.000,72,28,44
2018-10-05T11:00:00.000,30,13,17
2018-10-05T12:00:00.000,31,15,16
2018-10-05T13:00:00.000,46,26,20
2018-10-05T14:00:00.000,60,18,42
2018-10-05T15:00:00.000,92,30,62
2018-10-05T16:00:00.000,212,54,158
2018-10-05T17:00:00.000,352,83,269
2018-10-05T18:00:00.000,187,54,133
2018-10-05T19:00:00.000,80,27,53
2018-10-05T20:00:00.000,44,17,27
2018-10-05T21:00:00.000,26,6,20
2018-10-05T22:00:00.000,19,6,13
2018-10-05T23:00:00.000,15,7,8
2018-10-06T00:00:00.000,11,8,3
2018-10-06T01:00:00.000,9,5,4
2018-10-06T02:00:00.000,1,0,1
2018-10-06T03:00:00.000,2,1,1
2018-10-06T04:00:00.000,3,1,2
2018-10-06T05:00:00.000,3,1,2
2018-10-06T06:00:00.000,19,7,12
2018-10-06T07:00:00.000,33,11,22
2018-10-06T08:00:00.000,86,40,46
2018-10-06T09:00:00.000,63,31,32
2018-10-06T10:00:00.000,66,30,36
2018-10-06T11:00:00.000,97,51,46
2018-10-06T12:00:00.000,105,46,59
2018-10-06T13:00:00.000,139,67,72
2018-10-06T14:00:00.000,165,65,100
2018-10-06T15:00:00.000,131,66,65
2018-10-06T16:00:00.000,173,63,110
2018-10-06T17:00:00.000,139,63,76
2018-10-06T18:00:00.000,96,39,57
2018-10-06T19:00:00.000,43,22,21
2018-10-06T20:00:00.000,41,21,20
2018-10-06T21:00:00.000,25,9,16
2018-10-06T22:00:00.000,20,8,12
2018-10-06T23:00:00.000,14,4,10
2018-10-07T00:00:00.000,17,5,12
2018-10-07T01:00:00.000,8,4,4
2018-10-07T02:00:00.000,6,6,0
2018-10-07T03:00:00.000,5,1,4
2018-10-07T04:00:00.000,6,4,2
2018-10-07T05:00:00.000,4,1,3
2018-10-07T06:00:00.000,20,9,11
2018-10-07T07:00:00.000,31,18,13
2018-10-07T08:00:00.000,50,21,29
2018-10-07T09:00:00.000,54,29,25
2018-10-07T10:00:00.000,78,41,37
2018-10-07T11:00:00.000,63,29,34
2018-10-07T12:00:00.000,71,35,36
2018-10-07T13:00:00.000,67,46,21
2018-10-07T14:00:00.000,54,34,20
2018-10-07T15:00:00.000,71,43,28
2018-10-07T16:00:00.000,57,27,30
2018-10-07T17:00:00.000,59,23,36
2018-10-07T18:00:00.000,66,32,34
2018-10-07T19:00:00.000,26,12,14
2018-10-07T20:00:00.000,24,10,14
2018-10-07T21:00:00.000,8,3,5
2018-10-07T22:00:00.000,9,5,4
2018-10-07T23:00:00.000,9,4,5
2018-10-08T00:00:00.000,6,1,5
2018-10-08T01:00:00.000,2,2,0
2018-10-08T02:00:00.000,1,0,1
2018-10-08T03:00:00.000,6,4,2
2018-10-08T04:00:00.000,10,5,5
2018-10-08T05:00:00.000,31,16,15
2018-10-08T06:00:00.000,97,47,50
2018-10-08T07:00:00.000,264,134,130
2018-10-08T08:00:00.000,432,202,230
2018-10-08T09:00:00.000,254,131,123
2018-10-08T10:00:00.000,74,29,45
2018-10-08T11:00:00.000,34,18,16
2018-10-08T12:00:00.000,35,17,18
2018-10-08T13:00:00.000,51,30,21
2018-10-08T14:00:00.000,65,26,39
2018-10-08T15:00:00.000,96,43,53
2018-10-08T16:00:00.000,225,70,155
2018-10-08T17:00:00.000,433,112,321
2018-10-08T18:00:00.000,304,80,224
2018-10-08T19:00:00.000,106,28,78
2018-10-08T20:00:00.000,53,16,37
2018-10-08T21:00:00.000,27,7,20
2018-10-08T22:00:00.000,22,5,17
2018-10-08T23:00:00.000,9,3,6
2018-10-09T00:00:00.000,2,1,1
2018-10-09T01:00:00.000,2,2,0
2018-10-09T02:00:00.000,0,0,0
2018-10-09T03:00:00.000,4,2,2
2018-10-09T04:00:00.000,9,5,4
2018-10-09T05:00:00.000,40,19,21
2018-10-09T06:00:00.000,138,72,66
2018-10-09T07:00:00.000,306,158,148
2018-10-09T08:00:00.000,487,229,258
2018-10-09T09:00:00.000,288,119,169
2018-10-09T10:00:00.000,103,48,55
2018-10-09T11:00:00.000,73,34,39
2018-10-09T12:00:00.000,85,49,36
2018-10-09T13:00:00.000,81,46,35
2018-10-09T14:00:00.000,94,35,59
2018-10-09T15:00:00.000,121,43,78
2018-10-09T16:00:00.000,308,68,240
2018-10-09T17:00:00.000,584,163,421
2018-10-09T18:00:00.000,378,122,256
2018-10-09T19:00:00.000,160,60,100
2018-10-09T20:00:00.000,91,28,63
2018-10-09T21:00:00.000,46,18,28
2018-10-09T22:00:00.000,24,8,16
2018-10-09T23:00:00.000,21,8,13
2018-10-10T00:00:00.000,9,4,5
2018-10-10T01:00:00.000,2,2,0
2018-10-10T02:00:00.000,1,0,1
2018-10-10T03:00:00.000,5,3,2
2018-10-10T04:00:00.000,17,8,9
2018-10-10T05:00:00.000,37,21,16
2018-10-10T06:00:00.000,147,80,67
2018-10-10T07:00:00.000,436,224,212
2018-10-10T08:00:00.000,567,294,273
2018-10-10T09:00:00.000,282,128,154
2018-10-10T10:00:00.000,119,54,65
2018-10-10T11:00:00.000,84,36,48
2018-10-10T12:00:00.000,92,52,40
2018-10-10T13:00:00.000,92,50,42
2018-10-10T14:00:00.000,112,43,69
2018-10-10T15:00:00.000,168,57,111
2018-10-10T16:00:00.000,346,106,240
2018-10-10T17:00:00.000,725,167,558
2018-10-10T18:00:00.000,402,130,272
2018-10-10T19:00:00.000,166,48,118
2018-10-10T20:00:00.000,104,35,69
2018-10-10T21:00:00.000,73,30,43
2018-10-10T22:00:00.000,32,18,14
2018-10-10T23:00:00.000,20,6,14
2018-10-11T00:00:00.000,15,2,13
2018-10-11T01:00:00.000,1,0,1
2018-10-11T02:00:00.000,1,1,0
2018-10-11T03:00:00.000,4,2,2
2018-10-11T04:00:00.000,14,9,5
2018-10-11T05:00:00.000,30,20,10
2018-10-11T06:00:00.000,134,81,53
2018-10-11T07:00:00.000,373,182,191
2018-10-11T08:00:00.000,593,299,294
2018-10-11T09:00:00.000,289,126,163
2018-10-11T10:00:00.000,88,40,48
2018-10-11T11:00:00.000,81,38,43
2018-10-11T12:00:00.000,76,37,39
2018-10-11T13:00:00.000,96,50,46
2018-10-11T14:00:00.000,119,63,56
2018-10-11T15:00:00.000,159,69,90
2018-10-11T16:00:00.000,401,120,281
2018-10-11T17:00:00.000,633,163,470
2018-10-11T18:00:00.000,442,127,315
2018-10-11T19:00:00.000,178,62,116
2018-10-11T20:00:00.000,98,35,63
2018-10-11T21:00:00.000,67,16,51
2018-10-11T22:00:00.000,54,21,33
2018-10-11T23:00:00.000,27,12,15
2018-10-12T00:00:00.000,11,3,8
2018-10-12T01:00:00.000,4,2,2
2018-10-12T02:00:00.000,3,1,2
2018-10-12T03:00:00.000,3,1,2
2018-10-12T04:00:00.000,6,3,3
2018-10-12T05:00:00.000,32,13,19
2018-10-12T06:00:00.000,94,43,51
2018-10-12T07:00:00.000,299,146,153
2018-10-12T08:00:00.000,437,205,232
2018-10-12T09:00:00.000,293,128,165
2018-10-12T10:00:00.000,115,50,65
2018-10-12T11:00:00.000,122,56,66
2018-10-12T12:00:00.000,129,47,82
2018-10-12T13:00:00.000,106,55,51
2018-10-12T14:00:00.000,128,53,75
2018-10-12T15:00:00.000,200,70,130
2018-10-12T16:00:00.000,410,99,311
2018-10-12T17:00:00.000,547,145,402
2018-10-12T18:00:00.000,296,106,190
2018-10-12T19:00:00.000,121,33,88
2018-10-12T20:00:00.000,70,24,46
2018-10-12T21:00:00.000,48,15,33
2018-10-12T22:00:00.000,42,14,28
2018-10-12T23:00:00.000,37,11,26
2018-10-13T00:00:00.000,16,4,12
2018-10-13T01:00:00.000,15,4,11
2018-10-13T02:00:00.000,3,2,1
2018-10-13T03:00:00.000,4,1,3
2018-10-13T04:00:00.000,6,0,6
2018-10-13T05:00:00.000,4,1,3
2018-10-13T06:00:00.000,18,8,10
2018-10-13T07:00:00.000,24,6,18
2018-10-13T08:00:00.000,61,26,35
2018-10-13T09:00:00.000,108,64,44
2018-10-13T10:00:00.000,131,58,73
2018-10-13T11:00:00.000,146,75,71
2018-10-13T12:00:00.000,140,66,74
2018-10-13T13:00:00.000,171,99,72
2018-10-13T14:00:00.000,164,96,68
2018-10-13T15:00:00.000,170,77,93
2018-10-13T16:00:00.000,160,85,75
2018-10-13T17:00:00.000,138,75,63
2018-10-13T18:00:00.000,115,60,55
2018-10-13T19:00:00.000,50,26,24
2018-10-13T20:00:00.000,40,14,26
2018-10-13T21:00:00.000,27,11,16
2018-10-13T22:00:00.000,15,4,11
2018-10-13T23:00:00.000,18,6,12
2018-10-14T00:00:00.000,13,6,7
2018-10-14T01:00:00.000,6,1,5
2018-10-14T02:00:00.000,10,4,6
2018-10-14T03:00:00.000,1,0,1
2018-10-14T04:00:00.000,5,1,4
2018-10-14T05:00:00.000,4,3,1
2018-10-14T06:00:00.000,12,4,8
2018-10-14T07:00:00.000,33,20,13
2018-10-14T08:00:00.000,59,27,32
2018-10-14T09:00:00.000,68,38,30
2018-10-14T10:00:00.000,99,49,50
2018-10-14T11:00:00.000,131,60,71
2018-10-14T12:00:00.000,164,83,81
2018-10-14T13:00:00.000,178,65,113
2018-10-14T14:00:00.000,206,86,120
2018-10-14T15:00:00.000,200,103,97
2018-10-14T16:00:00.000,178,97,81
2018-10-14T17:00:00.000,129,70,59
2018-10-14T18:00:00.000,122,71,51
2018-10-14T19:00:00.000,56,23,33
2018-10-14T20:00:00.000,51,13,38
2018-10-14T21:00:00.000,26,10,16
2018-10-14T22:00:00.000,15,3,12
2018-10-14T23:00:00.000,13,3,10
2018-10-15T00:00:00.000,9,1,8
2018-10-15T01:00:00.000,1,0,1
2018-10-15T02:00:00.000,2,1,1
2018-10-15T03:00:00.000,4,2,2
2018-10-15T04:00:00.000,18,9,9
2018-10-15T05:00:00.000,41,22,19
2018-10-15T06:00:00.000,153,75,78
2018-10-15T07:00:00.000,382,193,189
2018-10-15T08:00:00.000,660,315,345
2018-10-15T09:00:00.000,310,142,168
2018-10-15T10:00:00.000,98,43,55
2018-10-15T11:00:00.000,67,27,40
2018-10-15T12:00:00.000,80,40,40
2018-10-15T13:00:00.000,79,37,42
2018-10-15T14:00:00.000,111,46,65
2018-10-15T15:00:00.000,174,66,108
2018-10-15T16:00:00.000,370,96,274
2018-10-15T17:00:00.000,731,187,544
2018-10-15T18:00:00.000,394,114,280
2018-10-15T19:00:00.000,172,46,126
2018-10-15T20:00:00.000,86,36,50
2018-10-15T21:00:00.000,55,18,37
2018-10-15T22:00:00.000,17,4,13
2018-10-15T23:00:00.000,16,5,11
2018-10-16T00:00:00.000,11,5,6
2018-10-16T01:00:00.000,0,0,0
2018-10-16T02:00:00.000,2,1,1
2018-10-16T03:00:00.000,0,0,0
2018-10-16T04:00:00.000,18,10,8
2018-10-16T05:00:00.000,44,24,20
2018-10-16T06:00:00.000,174,99,75
2018-10-16T07:00:00.000,408,189,219
2018-10-16T08:00:00.000,659,334,325
2018-10-16T09:00:00.000,330,144,186
2018-10-16T10:00:00.000,118,54,64
2018-10-16T11:00:00.000,113,57,56
2018-10-16T12:00:00.000,87,45,42
2018-10-16T13:00:00.000,113,50,63
2018-10-16T14:00:00.000,146,68,78
2018-10-16T15:00:00.000,189,65,124
2018-10-16T16:00:00.000,410,120,290
2018-10-16T17:00:00.000,764,190,574
2018-10-16T18:00:00.000,448,149,299
2018-10-16T19:00:00.000,162,47,115
2018-10-16T20:00:00.000,91,31,60
2018-10-16T21:00:00.000,74,36,38
2018-10-16T22:00:00.000,38,17,21
2018-10-16T23:00:00.000,16,4,12
2018-10-17T00:00:00.000,10,3,7
2018-10-17T01:00:00.000,11,2,9
2018-10-17T02:00:00.000,4,1,3
2018-10-17T03:00:00.000,5,3,2
2018-10-17T04:00:00.000,14,6,8
2018-10-17T05:00:00.000,44,24,20
2018-10-17T06:00:00.000,156,81,75
2018-10-17T07:00:00.000,425,197,228
2018-10-17T08:00:00.000,576,281,295
2018-10-17T09:00:00.000,302,131,171
2018-10-17T10:00:00.000,130,57,73
2018-10-17T11:00:00.000,104,47,57
2018-10-17T12:00:00.000,85,37,48
2018-10-17T13:00:00.000,108,44,64
2018-10-17T14:00:00.000,111,59,52
2018-10-17T15:00:00.000,209,91,118
2018-10-17T16:00:00.000,398,115,283
2018-10-17T17:00:00.000,761,200,561
2018-10-17T18:00:00.000,419,140,279
2018-10-17T19:00:00.000,203,73,130
2018-10-17T20:00:00.000,97,38,59
2018-10-17T21:00:00.000,68,23,45
2018-10-17T22:00:00.000,32,9,23
2018-10-17T23:00:00.000,22,6,16
2018-10-18T00:00:00.000,6,1,5
2018-10-18T01:00:00.000,3,0,3
2018-10-18T02:00:00.000,2,0,2
2018-10-18T03:00:00.000,3,1,2
2018-10-18T04:00:00.000,11,4,7
2018-10-18T05:00:00.000,40,21,19
2018-10-18T06:00:00.000,129,77,52
2018-10-18T07:00:00.000,391,187,204
2018-10-18T08:00:00.000,592,278,314
2018-10-18T09:00:00.000,292,132,160
2018-10-18T10:00:00.000,120,53,67
2018-10-18T11:00:00.000,101,45,56
2018-10-18T12:00:00.000,106,43,63
2018-10-18T13:00:00.000,112,58,54
2018-10-18T14:00:00.000,125,64,61
2018-10-18T15:00:00.000,194,76,118
2018-10-18T16:00:00.000,396,136,260
2018-10-18T17:00:00.000,692,158,534
2018-10-18T18:00:00.000,431,121,310
2018-10-18T19:00:00.000,144,42,102
2018-10-18T20:00:00.000,69,19,50
2018-10-18T21:00:00.000,61,20,41
2018-10-18T22:00:00.000,40,13,27
2018-10-18T23:00:00.000,30,9,21
2018-10-19T00:00:00.000,15,6,9
2018-10-19T01:00:00.000,3,2,1
2018-10-19T02:00:00.000,4,3,1
2018-10-19T03:00:00.000,4,3,1
2018-10-19T04:00:00.000,7,3,4
2018-10-19T05:00:00.000,39,20,19
2018-10-19T06:00:00.000,125,66,59
2018-10-19T07:00:00.000,305,150,155
2018-10-19T08:00:00.000,487,239,248
2018-10-19T09:00:00.000,290,133,157
2018-10-19T10:00:00.000,124,58,66
2018-10-19T11:00:00.000,80,37,43
2018-10-19T12:00:00.000,89,37,52
2018-10-19T13:00:00.000,110,47,63
2018-10-19T14:00:00.000,110,50,60
2018-10-19T15:00:00.000,205,67,138
2018-10-19T16:00:00.000,386,116,270
2018-10-19T17:00:00.000,580,128,452
2018-10-19T18:00:00.000,314,86,228
2018-10-19T19:00:00.000,122,36,86
2018-10-19T20:00:00.000,58,27,31
2018-10-19T21:00:00.000,28,13,15
2018-10-19T22:00:00.000,23,9,14
2018-10-19T23:00:00.000,19,7,12
2018-10-20T00:00:00.000,18,7,11
2018-10-20T01:00:00.000,10,5,5
2018-10-20T02:00:00.000,3,1,2
2018-10-20T03:00:00.000,6,3,3
2018-10-20T04:00:00.000,5,0,5
2018-10-20T05:00:00.000,2,2,0
2018-10-20T06:00:00.000,20,6,14
2018-10-20T07:00:00.000,33,11,22
2018-10-20T08:00:00.000,72,30,42
2018-10-20T09:00:00.000,86,40,46
2018-10-20T10:00:00.000,104,49,55
2018-10-20T11:00:00.000,132,64,68
2018-10-20T12:00:00.000,105,58,47
2018-10-20T13:00:00.000,84,46,38
2018-10-20T14:00:00.000,124,53,71
2018-10-20T15:00:00.000,169,81,88
2018-10-20T16:00:00.000,206,102,104
2018-10-20T17:00:00.000,142,74,68
2018-10-20T18:00:00.000,85,46,39
2018-10-20T19:00:00.000,53,31,22
2018-10-20T20:00:00.000,40,18,22
2018-10-20T21:00:00.000,32,13,19
2018-10-20T22:00:00.000,23,9,14
2018-10-20T23:00:00.000,24,7,17
2018-10-21T00:00:00.000,16,7,9
2018-10-21T01:00:00.000,7,5,2
2018-10-21T02:00:00.000,7,1,6
2018-10-21T03:00:00.000,1,1,0
2018-10-21T04:00:00.000,4,1,3
2018-10-21T05:00:00.000,6,2,4
2018-10-21T06:00:00.000,12,5,7
2018-10-21T07:00:00.000,18,10,8
2018-10-21T08:00:00.000,49,25,24
2018-10-21T09:00:00.000,70,40,30
2018-10-21T10:00:00.000,74,36,38
2018-10-21T11:00:00.000,77,48,29
2018-10-21T12:00:00.000,85,36,49
2018-10-21T13:00:00.000,104,45,59
2018-10-21T14:00:00.000,135,67,68
2018-10-21T15:00:00.000,135,61,74
2018-10-21T16:00:00.000,152,83,69
2018-10-21T17:00:00.000,125,62,63
2018-10-21T18:00:00.000,76,37,39
2018-10-21T19:00:00.000,28,13,15
2018-10-21T20:00:00.000,14,7,7
2018-10-21T21:00:00.000,13,5,8
2018-10-21T22:00:00.000,18,4,14
2018-10-21T23:00:00.000,6,4,2
2018-10-22T00:00:00.000,5,2,3
2018-10-22T01:00:00.000,4,0,4
2018-10-22T02:00:00.000,0,0,0
2018-10-22T03:00:00.000,4,2,2
2018-10-22T04:00:00.000,7,3,4
2018-10-22T05:00:00.000,32,26,6
2018-10-22T06:00:00.000,130,58,72
2018-10-22T07:00:00.000,336,170,166
2018-10-22T08:00:00.000,554,253,301
2018-10-22T09:00:00.000,267,124,143
2018-10-22T10:00:00.000,102,45,57
2018-10-22T11:00:00.000,72,32,40
2018-10-22T12:00:00.000,69,29,40
2018-10-22T13:00:00.000,76,33,43
2018-10-22T14:00:00.000,66,24,42
2018-10-22T15:00:00.000,153,51,102
2018-10-22T16:00:00.000,317,89,228
2018-10-22T17:00:00.000,601,155,446
2018-10-22T18:00:00.000,372,94,278
2018-10-22T19:00:00.000,148,51,97
2018-10-22T20:00:00.000,66,27,39
2018-10-22T21:00:00.000,30,12,18
2018-10-22T22:00:00.000,20,5,15
2018-10-22T23:00:00.000,14,6,8
2018-10-23T00:00:00.000,4,0,4
2018-10-23T01:00:00.000,1,0,1
2018-10-23T02:00:00.000,4,2,2
2018-10-23T03:00:00.000,3,2,1
2018-10-23T04:00:00.000,9,4,5
2018-10-23T05:00:00.000,29,13,16
2018-10-23T06:00:00.000,161,77,84
2018-10-23T07:00:00.000,350,181,169
2018-10-23T08:00:00.000,567,259,308
2018-10-23T09:00:00.000,271,115,156
2018-10-23T10:00:00.000,92,43,49
2018-10-23T11:00:00.000,79,43,36
2018-10-23T12:00:00.000,95,52,43
2018-10-23T13:00:00.000,79,35,44
2018-10-23T14:00:00.000,79,29,50
2018-10-23T15:00:00.000,142,53,89
2018-10-23T16:00:00.000,297,88,209
2018-10-23T17:00:00.000,636,150,486
2018-10-23T18:00:00.000,318,75,243
2018-10-23T19:00:00.000,122,30,92
2018-10-23T20:00:00.000,66,21,45
2018-10-23T21:00:00.000,41,18,23
2018-10-23T22:00:00.000,25,6,19
2018-10-23T23:00:00.000,9,2,7
2018-10-24T00:00:00.000,5,1,4
2018-10-24T01:00:00.000,6,2,4
2018-10-24T02:00:00.000,1,0,1
2018-10-24T03:00:00.000,3,1,2
2018-10-24T04:00:00.000,10,5,5
2018-10-24T05:00:00.000,39,23,16
2018-10-24T06:00:00.000,136,66,70
2018-10-24T07:00:00.000,360,186,174
2018-10-24T08:00:00.000,526,252,274
2018-10-24T09:00:00.000,246,112,134
2018-10-24T10:00:00.000,103,43,60
2018-10-24T11:00:00.000,82,36,46
2018-10-24T12:00:00.000,83,30,53
2018-10-24T13:00:00.000,88,46,42
2018-10-24T14:00:00.000,93,47,46
2018-10-24T15:00:00.000,159,67,92
2018-10-24T16:00:00.000,350,124,226
2018-10-24T17:00:00.000,631,168,463
2018-10-24T18:00:00.000,346,100,246
2018-10-24T19:00:00.000,154,49,105
2018-10-24T20:00:00.000,100,37,63
2018-10-24T21:00:00.000,77,33,44
2018-10-24T22:00:00.000,25,12,13
2018-10-24T23:00:00.000,19,9,10
2018-10-25T00:00:00.000,7,5,2
2018-10-25T01:00:00.000,4,0,4
2018-10-25T02:00:00.000,5,2,3
2018-10-25T03:00:00.000,5,2,3
2018-10-25T04:00:00.000,9,8,1
2018-10-25T05:00:00.000,31,18,13
2018-10-25T06:00:00.000,124,68,56
2018-10-25T07:00:00.000,295,149,146
2018-10-25T08:00:00.000,377,178,199
2018-10-25T09:00:00.000,189,80,109
2018-10-25T10:00:00.000,75,32,43
2018-10-25T11:00:00.000,38,22,16
2018-10-25T12:00:00.000,38,18,20
2018-10-25T13:00:00.000,37,18,19
2018-10-25T14:00:00.000,59,25,34
2018-10-25T15:00:00.000,98,34,64
2018-10-25T16:00:00.000,221,64,157
2018-10-25T17:00:00.000,439,110,329
2018-10-25T18:00:00.000,239,62,177
2018-10-25T19:00:00.000,117,35,82
2018-10-25T20:00:00.000,48,11,37
2018-10-25T21:00:00.000,49,8,41
2018-10-25T22:00:00.000,17,8,9
2018-10-25T23:00:00.000,12,4,8
2018-10-26T00:00:00.000,4,4,0
2018-10-26T01:00:00.000,5,1,4
2018-10-26T02:00:00.000,0,0,0
2018-10-26T03:00:00.000,1,1,0
2018-10-26T04:00:00.000,11,5,6
2018-10-26T05:00:00.000,21,11,10
2018-10-26T06:00:00.000,101,57,44
2018-10-26T07:00:00.000,252,121,131
2018-10-26T08:00:00.000,391,168,223
2018-10-26T09:00:00.000,205,104,101
2018-10-26T10:00:00.000,77,39,38
2018-10-26T11:00:00.000,50,23,27
2018-10-26T12:00:00.000,59,27,32
2018-10-26T13:00:00.000,97,32,65
2018-10-26T14:00:00.000,104,45,59
2018-10-26T15:00:00.000,143,65,78
2018-10-26T16:00:00.000,283,80,203
2018-10-26T17:00:00.000,442,121,321
2018-10-26T18:00:00.000,216,67,149
2018-10-26T19:00:00.000,91,27,64
2018-10-26T20:00:00.000,39,15,24
2018-10-26T21:00:00.000,36,19,17
2018-10-26T22:00:00.000,29,12,17
2018-10-26T23:00:00.000,16,6,10
2018-10-27T00:00:00.000,19,7,12
2018-10-27T01:00:00.000,8,3,5
2018-10-27T02:00:00.000,7,3,4
2018-10-27T03:00:00.000,4,1,3
2018-10-27T04:00:00.000,7,2,5
2018-10-27T05:00:00.000,16,4,12
2018-10-27T06:00:00.000,15,5,10
2018-10-27T07:00:00.000,24,9,15
2018-10-27T08:00:00.000,69,35,34
2018-10-27T09:00:00.000,61,26,35
2018-10-27T10:00:00.000,89,55,34
2018-10-27T11:00:00.000,87,50,37
2018-10-27T12:00:00.000,131,66,65
2018-10-27T13:00:00.000,146,84,62
2018-10-27T14:00:00.000,138,82,56
2018-10-27T15:00:00.000,93,46,47
2018-10-27T16:00:00.000,69,26,43
2018-10-27T17:00:00.000,44,25,19
2018-10-27T18:00:00.000,26,11,15
2018-10-27T19:00:00.000,16,7,9
2018-10-27T20:00:00.000,6,6,0
2018-10-27T21:00:00.000,8,3,5
2018-10-27T22:00:00.000,7,4,3
2018-10-27T23:00:00.000,7,1,6
2018-10-28T00:00:00.000,8,4,4
2018-10-28T01:00:00.000,8,2,6
2018-10-28T02:00:00.000,2,1,1
2018-10-28T03:00:00.000,4,2,2
2018-10-28T04:00:00.000,2,0,2
2018-10-28T05:00:00.000,3,1,2
2018-10-28T06:00:00.000,6,4,2
2018-10-28T07:00:00.000,8,4,4
2018-10-28T08:00:00.000,29,11,18
2018-10-28T09:00:00.000,37,14,23
2018-10-28T10:00:00.000,42,20,22
2018-10-28T11:00:00.000,42,19,23
2018-10-28T12:00:00.000,66,36,30
2018-10-28T13:00:00.000,88,37,51
2018-10-28T14:00:00.000,73,38,35
2018-10-28T15:00:00.000,58,27,31
2018-10-28T16:00:00.000,58,26,32
2018-10-28T17:00:00.000,33,20,13
2018-10-28T18:00:00.000,17,10,7
2018-10-28T19:00:00.000,9,3,6
2018-10-28T20:00:00.000,13,9,4
2018-10-28T21:00:00.000,10,1,9
2018-10-28T22:00:00.000,9,5,4
2018-10-28T23:00:00.000,8,3,5
2018-10-29T00:00:00.000,0,0,0
2018-10-29T01:00:00.000,1,0,1
2018-10-29T02:00:00.000,3,3,0
2018-10-29T03:00:00.000,1,0,1
2018-10-29T04:00:00.000,18,9,9
2018-10-29T05:00:00.000,32,20,12
2018-10-29T06:00:00.000,140,70,70
2018-10-29T07:00:00.000,304,149,155
2018-10-29T08:00:00.000,510,248,262
2018-10-29T09:00:00.000,274,140,134
2018-10-29T10:00:00.000,115,59,56
2018-10-29T11:00:00.000,60,26,34
2018-10-29T12:00:00.000,66,31,35
2018-10-29T13:00:00.000,73,39,34
2018-10-29T14:00:00.000,55,24,31
2018-10-29T15:00:00.000,110,38,72
2018-10-29T16:00:00.000,273,70,203
2018-10-29T17:00:00.000,551,138,413
2018-10-29T18:00:00.000,302,80,222
2018-10-29T19:00:00.000,145,40,105
2018-10-29T20:00:00.000,69,27,42
2018-10-29T21:00:00.000,33,12,21
2018-10-29T22:00:00.000,21,11,10
2018-10-29T23:00:00.000,17,8,9
2018-10-30T00:00:00.000,10,8,2
2018-10-30T01:00:00.000,4,1,3
2018-10-30T02:00:00.000,4,3,1
2018-10-30T03:00:00.000,1,1,0
2018-10-30T04:00:00.000,16,9,7
2018-10-30T05:00:00.000,30,16,14
2018-10-30T06:00:00.000,147,73,74
2018-10-30T07:00:00.000,345,164,181
2018-10-30T08:00:00.000,546,256,290
2018-10-30T09:00:00.000,264,121,143
2018-10-30T10:00:00.000,104,47,57
2018-10-30T11:00:00.000,71,41,30
2018-10-30T12:00:00.000,72,35,37
2018-10-30T13:00:00.000,86,32,54
2018-10-30T14:00:00.000,75,36,39
2018-10-30T15:00:00.000,137,44,93
2018-10-30T16:00:00.000,298,85,213
2018-10-30T17:00:00.000,606,163,443
2018-10-30T18:00:00.000,390,86,304
2018-10-30T19:00:00.000,150,46,104
2018-10-30T20:00:00.000,77,26,51
2018-10-30T21:00:00.000,35,13,22
2018-10-30T22:00:00.000,31,15,16
2018-10-30T23:00:00.000,16,7,9
2018-10-31T00:00:00.000,8,2,6
2018-10-31T01:00:00.000,4,2,2
2018-10-31T02:00:00.000,2,0,2
2018-10-31T03:00:00.000,2,2,0
2018-10-31T04:00:00.000,10,4,6
2018-10-31T05:00:00.000,33,18,15
2018-10-31T06:00:00.000,117,62,55
2018-10-31T07:00:00.000,326,163,163
2018-10-31T08:00:00.000,465,210,255
2018-10-31T09:00:00.000,228,101,127
2018-10-31T10:00:00.000,97,40,57
2018-10-31T11:00:00.000,62,30,32
2018-10-31T12:00:00.000,55,25,30
2018-10-31T13:00:00.000,76,28,48
2018-10-31T14:00:00.000,87,32,55
2018-10-31T15:00:00.000,156,56,100
2018-10-31T16:00:00.000,347,79,268
2018-10-31T17:00:00.000,481,116,365
2018-10-31T18:00:00.000,253,77,176
2018-10-31T19:00:00.000,81,23,58
2018-10-31T20:00:00.000,47,16,31
2018-10-31T21:00:00.000,34,15,19
2018-10-31T22:00:00.000,27,12,15
2018-10-31T23:00:00.000,20,9,11
2018-11-01T00:00:00.000,7,1,6
2018-11-01T01:00:00.000,2,0,2
2018-11-01T02:00:00.000,3,2,1
2018-11-01T03:00:00.000,4,3,1
2018-11-01T04:00:00.000,11,5,6
2018-11-01T05:00:00.000,28,11,17
2018-11-01T06:00:00.000,119,57,62
2018-11-01T07:00:00.000,306,146,160
2018-11-01T08:00:00.000,503,240,263
2018-11-01T09:00:00.000,251,122,129
2018-11-01T10:00:00.000,85,39,46
2018-11-01T11:00:00.000,64,35,29
2018-11-01T12:00:00.000,69,37,32
2018-11-01T13:00:00.000,47,24,23
2018-11-01T14:00:00.000,72,19,53
2018-11-01T15:00:00.000,116,46,70
2018-11-01T16:00:00.000,261,70,191
2018-11-01T17:00:00.000,500,130,370
2018-11-01T18:00:00.000,325,84,241
2018-11-01T19:00:00.000,165,44,121
2018-11-01T20:00:00.000,68,23,45
2018-11-01T21:00:00.000,40,17,23
2018-11-01T22:00:00.000,29,8,21
2018-11-01T23:00:00.000,13,4,9
2018-11-02T00:00:00.000,3,2,1
2018-11-02T01:00:00.000,4,1,3
2018-11-02T02:00:00.000,1,0,1
2018-11-02T03:00:00.000,1,1,0
2018-11-02T04:00:00.000,10,4,6
2018-11-02T05:00:00.000,25,15,10
2018-11-02T06:00:00.000,86,40,46
2018-11-02T07:00:00.000,270,127,143
2018-11-02T08:00:00.000,458,211,247
2018-11-02T09:00:00.000,211,100,111
2018-11-02T10:00:00.000,83,36,47
2018-11-02T11:00:00.000,52,24,28
2018-11-02T12:00:00.000,73,38,35
2018-11-02T13:00:00.000,54,19,35
2018-11-02T14:00:00.000,97,37,60
2018-11-02T15:00:00.000,137,44,93
2018-11-02T16:00:00.000,287,71,216
2018-11-02T17:00:00.000,492,120,372
2018-11-02T18:00:00.000,264,77,187
2018-11-02T19:00:00.000,89,25,64
2018-11-02T20:00:00.000,46,14,32
2018-11-02T21:00:00.000,28,9,19
2018-11-02T22:00:00.000,23,6,17
2018-11-02T23:00:00.000,23,8,15
2018-11-03T00:00:00.000,20,9,11
2018-11-03T01:00:00.000,7,1,6
2018-11-03T02:00:00.000,6,4,2
2018-11-03T03:00:00.000,4,2,2
2018-11-03T04:00:00.000,8,1,7
2018-11-03T05:00:00.000,3,1,2
2018-11-03T06:00:00.000,14,5,9
2018-11-03T07:00:00.000,25,10,15
2018-11-03T08:00:00.000,39,22,17
2018-11-03T09:00:00.000,49,24,25
2018-11-03T10:00:00.000,48,30,18
2018-11-03T11:00:00.000,57,33,24
2018-11-03T12:00:00.000,58,33,25
2018-11-03T13:00:00.000,40,22,18
2018-11-03T14:00:00.000,36,19,17
2018-11-03T15:00:00.000,48,18,30
2018-11-03T16:00:00.000,49,22,27
2018-11-03T17:00:00.000,59,31,28
2018-11-03T18:00:00.000,21,9,12
2018-11-03T19:00:00.000,20,11,9
2018-11-03T20:00:00.000,17,8,9
2018-11-03T21:00:00.000,16,6,10
2018-11-03T22:00:00.000,24,14,10
2018-11-03T23:00:00.000,13,7,6
2018-11-04T00:00:00.000,3,1,2
2018-11-04T01:00:00.000,9,5,4
2018-11-04T02:00:00.000,0,0,0
2018-11-04T03:00:00.000,1,0,1
2018-11-04T04:00:00.000,5,1,4
2018-11-04T05:00:00.000,7,3,4
2018-11-04T06:00:00.000,11,8,3
2018-11-04T07:00:00.000,22,15,7
2018-11-04T08:00:00.000,55,28,27
2018-11-04T09:00:00.000,83,44,39
2018-11-04T10:00:00.000,106,53,53
2018-11-04T11:00:00.000,124,70,54
2018-11-04T12:00:00.000,110,54,56
2018-11-04T13:00:00.000,150,77,73
2018-11-04T14:00:00.000,136,61,75
2018-11-04T15:00:00.000,115,62,53
2018-11-04T16:00:00.000,115,53,62
2018-11-04T17:00:00.000,60,25,35
2018-11-04T18:00:00.000,40,18,22
2018-11-04T19:00:00.000,23,12,11
2018-11-04T20:00:00.000,9,5,4
2018-11-04T21:00:00.000,13,2,11
2018-11-04T22:00:00.000,11,3,8
2018-11-04T23:00:00.000,12,9,3
2018-11-05T00:00:00.000,7,4,3
2018-11-05T01:00:00.000,1,0,1
2018-11-05T02:00:00.000,1,1,0
2018-11-05T03:00:00.000,3,1,2
2018-11-05T04:00:00.000,0,0,0
2018-11-05T05:00:00.000,45,26,19
2018-11-05T06:00:00.000,142,81,61
2018-11-05T07:00:00.000,366,179,187
2018-11-05T08:00:00.000,536,262,274
2018-11-05T09:00:00.000,242,108,134
2018-11-05T10:00:00.000,95,43,52
2018-11-05T11:00:00.000,53,24,29
2018-11-05T12:00:00.000,75,32,43
2018-11-05T13:00:00.000,66,30,36
2018-11-05T14:00:00.000,88,31,57
2018-11-05T15:00:00.000,133,54,79
2018-11-05T16:00:00.000,297,79,218
2018-11-05T17:00:00.000,571,141,430
2018-11-05T18:00:00.000,315,67,248
2018-11-05T19:00:00.000,117,34,83
2018-11-05T20:00:00.000,68,26,42
2018-11-05T21:00:00.000,50,26,24
2018-11-05T22:00:00.000,24,11,13
2018-11-05T23:00:00.000,12,4,8
2018-11-06T00:00:00.000,3,0,3
2018-11-06T01:00:00.000,1,0,1
2018-11-06T02:00:00.000,1,1,0
2018-11-06T03:00:00.000,3,1,2
2018-11-06T04:00:00.000,9,6,3
2018-11-06T05:00:00.000,38,19,19
2018-11-06T06:00:00.000,150,77,73
2018-11-06T07:00:00.000,449,222,227
2018-11-06T08:00:00.000,539,256,283
2018-11-06T09:00:00.000,213,107,106
2018-11-06T10:00:00.000,91,42,49
2018-11-06T11:00:00.000,64,28,36
2018-11-06T12:00:00.000,87,42,45
2018-11-06T13:00:00.000,73,29,44
2018-11-06T14:00:00.000,92,45,47
2018-11-06T15:00:00.000,143,65,78
2018-11-06T16:00:00.000,347,93,254
2018-11-06T17:00:00.000,596,134,462
2018-11-06T18:00:00.000,351,84,267
2018-11-06T19:00:00.000,115,35,80
2018-11-06T20:00:00.000,79,35,44
2018-11-06T21:00:00.000,47,13,34
2018-11-06T22:00:00.000,36,13,23
2018-11-06T23:00:00.000,12,1,11
2018-11-07T00:00:00.000,6,3,3
2018-11-07T01:00:00.000,2,0,2
2018-11-07T02:00:00.000,1,0,1
2018-11-07T03:00:00.000,2,1,1
2018-11-07T04:00:00.000,10,7,3
2018-11-07T05:00:00.000,41,23,18
2018-11-07T06:00:00.000,149,82,67
2018-11-07T07:00:00.000,383,191,192
2018-11-07T08:00:00.000,532,251,281
2018-11-07T09:00:00.000,277,132,145
2018-11-07T10:00:00.000,111,53,58
2018-11-07T11:00:00.000,79,29,50
2018-11-07T12:00:00.000,75,34,41
2018-11-07T13:00:00.000,91,38,53
2018-11-07T14:00:00.000,86,42,44
2018-11-07T15:00:00.000,139,59,80
2018-11-07T16:00:00.000,346,98,248
2018-11-07T17:00:00.000,556,133,423
2018-11-07T18:00:00.000,366,90,276
2018-11-07T19:00:00.000,136,49,87
2018-11-07T20:00:00.000,62,12,50
2018-11-07T21:00:00.000,41,8,33
2018-11-07T22:00:00.000,32,9,23
2018-11-07T23:00:00.000,15,3,12
2018-11-08T00:00:00.000,3,2,1
2018-11-08T01:00:00.000,8,2,6
2018-11-08T02:00:00.000,1,1,0
2018-11-08T03:00:00.000,4,2,2
2018-11-08T04:00:00.000,10,5,5
2018-11-08T05:00:00.000,41,21,20
2018-11-08T06:00:00.000,131,70,61
2018-11-08T07:00:00.000,332,166,166
2018-11-08T08:00:00.000,471,241,230
2018-11-08T09:00:00.000,241,102,139
2018-11-08T10:00:00.000,82,29,53
2018-11-08T11:00:00.000,91,39,52
2018-11-08T12:00:00.000,71,37,34
2018-11-08T13:00:00.000,95,38,57
2018-11-08T14:00:00.000,111,36,75
2018-11-08T15:00:00.000,177,83,94
2018-11-08T16:00:00.000,317,93,224
2018-11-08T17:00:00.000,525,130,395
2018-11-08T18:00:00.000,292,72,220
2018-11-08T19:00:00.000,134,34,100
2018-11-08T20:00:00.000,68,14,54
2018-11-08T21:00:00.000,64,26,38
2018-11-08T22:00:00.000,26,12,14
2018-11-08T23:00:00.000,32,8,24
2018-11-09T00:00:00.000,12,2,10
2018-11-09T01:00:00.000,3,1,2
2018-11-09T02:00:00.000,1,0,1
2018-11-09T03:00:00.000,3,1,2
2018-11-09T04:00:00.000,13,5,8
2018-11-09T05:00:00.000,25,16,9
2018-11-09T06:00:00.000,98,52,46
2018-11-09T07:00:00.000,268,133,135
2018-11-09T08:00:00.000,406,197,209
2018-11-09T09:00:00.000,178,79,99
2018-11-09T10:00:00.000,69,28,41
2018-11-09T11:00:00.000,35,11,24
2018-11-09T12:00:00.000,37,20,17
2018-11-09T13:00:00.000,65,24,41
2018-11-09T14:00:00.000,77,17,60
2018-11-09T15:00:00.000,133,51,82
2018-11-09T16:00:00.000,262,58,204
2018-11-09T17:00:00.000,389,100,289
2018-11-09T18:00:00.000,228,44,184
2018-11-09T19:00:00.000,94,32,62
2018-11-09T20:00:00.000,35,12,23
2018-11-09T21:00:00.000,26,6,20
2018-11-09T22:00:00.000,27,11,16
2018-11-09T23:00:00.000,15,4,11
2018-11-10T00:00:00.000,10,5,5
2018-11-10T01:00:00.000,7,3,4
2018-11-10T02:00:00.000,4,3,1
2018-11-10T03:00:00.000,2,1,1
2018-11-10T04:00:00.000,4,1,3
2018-11-10T05:00:00.000,9,2,7
2018-11-10T06:00:00.000,17,7,10
2018-11-10T07:00:00.000,29,14,15
2018-11-10T08:00:00.000,57,33,24
2018-11-10T09:00:00.000,69,37,32
2018-11-10T10:00:00.000,71,42,29
2018-11-10T11:00:00.000,98,50,48
2018-11-10T12:00:00.000,100,46,54
2018-11-10T13:00:00.000,124,64,60
2018-11-10T14:00:00.000,123,62,61
2018-11-10T15:00:00.000,121,60,61
2018-11-10T16:00:00.000,120,55,65
2018-11-10T17:00:00.000,55,20,35
2018-11-10T18:00:00.000,46,20,26
2018-11-10T19:00:00.000,18,4,14
2018-11-10T20:00:00.000,19,7,12
2018-11-10T21:00:00.000,27,4,23
2018-11-10T22:00:00.000,11,7,4
2018-11-10T23:00:00.000,23,6,17
2018-11-11T00:00:00.000,7,2,5
2018-11-11T01:00:00.000,6,3,3
2018-11-11T02:00:00.000,4,0,4
2018-11-11T03:00:00.000,0,0,0
2018-11-11T04:00:00.000,4,1,3
2018-11-11T05:00:00.000,5,2,3
2018-11-11T06:00:00.000,9,4,5
2018-11-11T07:00:00.000,24,13,11
2018-11-11T08:00:00.000,55,22,33
2018-11-11T09:00:00.000,42,26,16
2018-11-11T10:00:00.000,88,48,40
2018-11-11T11:00:00.000,120,62,58
2018-11-11T12:00:00.000,135,63,72
2018-11-11T13:00:00.000,141,73,68
2018-11-11T14:00:00.000,121,62,59
2018-11-11T15:00:00.000,115,63,52
2018-11-11T16:00:00.000,82,44,38
2018-11-11T17:00:00.000,48,16,32
2018-11-11T18:00:00.000,40,15,25
2018-11-11T19:00:00.000,19,10,9
2018-11-11T20:00:00.000,20,9,11
2018-11-11T21:00:00.000,15,9,6
2018-11-11T22:00:00.000,10,6,4
2018-11-11T23:00:00.000,10,2,8
2018-11-12T00:00:00.000,7,3,4
2018-11-12T01:00:00.000,5,2,3
2018-11-12T02:00:00.000,0,0,0
2018-11-12T03:00:00.000,1,1,0
2018-11-12T04:00:00.000,10,5,5
2018-11-12T05:00:00.000,31,14,17
2018-11-12T06:00:00.000,92,51,41
2018-11-12T07:00:00.000,248,113,135
2018-11-12T08:00:00.000,410,204,206
2018-11-12T09:00:00.000,235,97,138
2018-11-12T10:00:00.000,106,41,65
2018-11-12T11:00:00.000,90,44,46
2018-11-12T12:00:00.000,69,34,35
2018-11-12T13:00:00.000,100,52,48
2018-11-12T14:00:00.000,113,55,58
2018-11-12T15:00:00.000,171,74,97
2018-11-12T16:00:00.000,283,71,212
2018-11-12T17:00:00.000,425,96,329
2018-11-12T18:00:00.000,285,69,216
2018-11-12T19:00:00.000,85,21,64
2018-11-12T20:00:00.000,49,20,29
2018-11-12T21:00:00.000,28,6,22
2018-11-12T22:00:00.000,19,8,11
2018-11-12T23:00:00.000,10,2,8
2018-11-13T00:00:00.000,2,0,2
2018-11-13T01:00:00.000,0,0,0
2018-11-13T02:00:00.000,3,2,1
2018-11-13T03:00:00.000,2,1,1
2018-11-13T04:00:00.000,10,5,5
2018-11-13T05:00:00.000,35,19,16
2018-11-13T06:00:00.000,151,77,74
2018-11-13T07:00:00.000,331,159,172
2018-11-13T08:00:00.000,550,269,281
2018-11-13T09:00:00.000,282,137,145
2018-11-13T10:00:00.000,108,37,71
2018-11-13T11:00:00.000,75,33,42
2018-11-13T12:00:00.000,68,35,33
2018-11-13T13:00:00.000,75,24,51
2018-11-13T14:00:00.000,102,38,64
2018-11-13T15:00:00.000,168,66,102
2018-11-13T16:00:00.000,331,93,238
2018-11-13T17:00:00.000,525,117,408
2018-11-13T18:00:00.000,338,86,252
2018-11-13T19:00:00.000,153,43,110
2018-11-13T20:00:00.000,81,27,54
2018-11-13T21:00:00.000,36,12,24
2018-11-13T22:00:00.000,21,7,14
2018-11-13T23:00:00.000,10,3,7
2018-11-14T00:00:00.000,5,1,4
2018-11-14T01:00:00.000,1,0,1
2018-11-14T02:00:00.000,3,0,3
2018-11-14T03:00:00.000,3,1,2
2018-11-14T04:00:00.000,5,4,1
2018-11-14T05:00:00.000,27,14,13
2018-11-14T06:00:00.000,129,72,57
2018-11-14T07:00:00.000,284,141,143
2018-11-14T08:00:00.000,395,170,225
2018-11-14T09:00:00.000,228,104,124
2018-11-14T10:00:00.000,81,40,41
2018-11-14T11:00:00.000,54,27,27
2018-11-14T12:00:00.000,48,25,23
2018-11-14T13:00:00.000,65,22,43
2018-11-14T14:00:00.000,60,28,32
2018-11-14T15:00:00.000,113,42,71
2018-11-14T16:00:00.000,248,65,183
2018-11-14T17:00:00.000,428,95,333
2018-11-14T18:00:00.000,305,87,218
2018-11-14T19:00:00.000,104,23,81
2018-11-14T20:00:00.000,63,32,31
2018-11-14T21:00:00.000,50,19,31
2018-11-14T22:00:00.000,25,8,17
2018-11-14T23:00:00.000,14,7,7
2018-11-15T00:00:00.000,4,3,1
2018-11-15T01:00:00.000,1,0,1
2018-11-15T02:00:00.000,5,1,4
2018-11-15T03:00:00.000,1,1,0
2018-11-15T04:00:00.000,10,7,3
2018-11-15T05:00:00.000,33,14,19
2018-11-15T06:00:00.000,119,65,54
2018-11-15T07:00:00.000,304,148,156
2018-11-15T08:00:00.000,483,243,240
2018-11-15T09:00:00.000,245,127,118
2018-11-15T10:00:00.000,101,43,58
2018-11-15T11:00:00.000,71,27,44
2018-11-15T12:00:00.000,82,42,40
2018-11-15T13:00:00.000,83,34,49
2018-11-15T14:00:00.000,87,30,57
2018-11-15T15:00:00.000,147,56,91
2018-11-15T16:00:00.000,305,79,226
2018-11-15T17:00:00.000,508,115,393
2018-11-15T18:00:00.000,307,81,226
2018-11-15T19:00:00.000,149,41,108
2018-11-15T20:00:00.000,85,19,66
2018-11-15T21:00:00.000,56,15,41
2018-11-15T22:00:00.000,31,8,23
2018-11-15T23:00:00.000,18,4,14
2018-11-16T00:00:00.000,6,1,5
2018-11-16T01:00:00.000,5,2,3
2018-11-16T02:00:00.000,3,2,1
2018-11-16T03:00:00.000,1,1,0
2018-11-16T04:00:00.000,9,3,6
2018-11-16T05:00:00.000,28,14,14
2018-11-16T06:00:00.000,122,65,57
2018-11-16T07:00:00.000,258,128,130
2018-11-16T08:00:00.000,452,227,225
2018-11-16T09:00:00.000,224,101,123
2018-11-16T10:00:00.000,86,32,54
2018-11-16T11:00:00.000,70,33,37
2018-11-16T12:00:00.000,71,23,48
2018-11-16T13:00:00.000,73,31,42
2018-11-16T14:00:00.000,85,34,51
2018-11-16T15:00:00.000,162,51,111
2018-11-16T16:00:00.000,325,79,246
2018-11-16T17:00:00.000,434,110,324
2018-11-16T18:00:00.000,255,74,181
2018-11-16T19:00:00.000,86,22,64
2018-11-16T20:00:00.000,69,22,47
2018-11-16T21:00:00.000,40,17,23
2018-11-16T22:00:00.000,27,11,16
2018-11-16T23:00:00.000,27,12,15
2018-11-17T00:00:00.000,28,12,16
2018-11-17T01:00:00.000,14,8,6
2018-11-17T02:00:00.000,3,1,2
2018-11-17T03:00:00.000,7,2,5
2018-11-17T04:00:00.000,3,0,3
2018-11-17T05:00:00.000,5,2,3
2018-11-17T06:00:00.000,21,9,12
2018-11-17T07:00:00.000,37,16,21
2018-11-17T08:00:00.000,77,34,43
2018-11-17T09:00:00.000,73,39,34
2018-11-17T10:00:00.000,125,66,59
2018-11-17T11:00:00.000,175,83,92
2018-11-17T12:00:00.000,144,71,73
2018-11-17T13:00:00.000,178,84,94
2018-11-17T14:00:00.000,200,107,93
2018-11-17T15:00:00.000,186,111,75
2018-11-17T16:00:00.000,154,75,79
2018-11-17T17:00:00.000,80,35,45
2018-11-17T18:00:00.000,48,24,24
2018-11-17T19:00:00.000,29,19,10
2018-11-17T20:00:00.000,31,12,19
2018-11-17T21:00:00.000,17,8,9
2018-11-17T22:00:00.000,23,11,12
2018-11-17T23:00:00.000,15,8,7
2018-11-18T00:00:00.000,11,4,7
2018-11-18T01:00:00.000,9,5,4
2018-11-18T02:00:00.000,0,0,0
2018-11-18T03:00:00.000,2,1,1
2018-11-18T04:00:00.000,3,0,3
2018-11-18T05:00:00.000,6,2,4
2018-11-18T06:00:00.000,17,8,9
2018-11-18T07:00:00.000,21,14,7
2018-11-18T08:00:00.000,76,35,41
2018-11-18T09:00:00.000,76,32,44
2018-11-18T10:00:00.000,112,51,61
2018-11-18T11:00:00.000,128,67,61
2018-11-18T12:00:00.000,160,77,83
2018-11-18T13:00:00.000,186,85,101
2018-11-18T14:00:00.000,168,85,83
2018-11-18T15:00:00.000,140,81,59
2018-11-18T16:00:00.000,104,55,49
2018-11-18T17:00:00.000,69,45,24
2018-11-18T18:00:00.000,43,21,22
2018-11-18T19:00:00.000,19,8,11
2018-11-18T20:00:00.000,28,9,19
2018-11-18T21:00:00.000,11,6,5
2018-11-18T22:00:00.000,5,5,0
2018-11-18T23:00:00.000,7,6,1
2018-11-19T00:00:00.000,6,1,5
2018-11-19T01:00:00.000,0,0,0
2018-11-19T02:00:00.000,0,0,0
2018-11-19T03:00:00.000,0,0,0
2018-11-19T04:00:00.000,13,8,5
2018-11-19T05:00:00.000,35,23,12
2018-11-19T06:00:00.000,114,54,60
2018-11-19T07:00:00.000,338,163,175
2018-11-19T08:00:00.000,480,216,264
2018-11-19T09:00:00.000,281,118,163
2018-11-19T10:00:00.000,115,50,65
2018-11-19T11:00:00.000,85,37,48
2018-11-19T12:00:00.000,90,43,47
2018-11-19T13:00:00.000,89,35,54
2018-11-19T14:00:00.000,98,48,50
2018-11-19T15:00:00.000,163,66,97
2018-11-19T16:00:00.000,339,74,265
2018-11-19T17:00:00.000,505,109,396
2018-11-19T18:00:00.000,291,75,216
2018-11-19T19:00:00.000,120,42,78
2018-11-19T20:00:00.000,76,21,55
2018-11-19T21:00:00.000,50,13,37
2018-11-19T22:00:00.000,19,8,11
2018-11-19T23:00:00.000,12,5,7
2018-11-20T00:00:00.000,6,1,5
2018-11-20T01:00:00.000,0,0,0
2018-11-20T02:00:00.000,2,1,1
2018-11-20T03:00:00.000,5,2,3
2018-11-20T04:00:00.000,9,4,5
2018-11-20T05:00:00.000,31,16,15
2018-11-20T06:00:00.000,126,61,65
2018-11-20T07:00:00.000,298,147,151
2018-11-20T08:00:00.000,431,205,226
2018-11-20T09:00:00.000,245,110,135
2018-11-20T10:00:00.000,105,44,61
2018-11-20T11:00:00.000,81,33,48
2018-11-20T12:00:00.000,78,35,43
2018-11-20T13:00:00.000,81,38,43
2018-11-20T14:00:00.000,98,44,54
2018-11-20T15:00:00.000,138,55,83
2018-11-20T16:00:00.000,319,83,236
2018-11-20T17:00:00.000,480,87,393
2018-11-20T18:00:00.000,291,64,227
2018-11-20T19:00:00.000,100,27,73
2018-11-20T20:00:00.000,53,15,38
2018-11-20T21:00:00.000,38,14,24
2018-11-20T22:00:00.000,13,10,3
2018-11-20T23:00:00.000,22,7,15
2018-11-21T00:00:00.000,7,1,6
2018-11-21T01:00:00.000,0,0,0
2018-11-21T02:00:00.000,1,0,1
2018-11-21T03:00:00.000,4,2,2
2018-11-21T04:00:00.000,6,2,4
2018-11-21T05:00:00.000,33,19,14
2018-11-21T06:00:00.000,76,32,44
2018-11-21T07:00:00.000,197,87,110
2018-11-21T08:00:00.000,289,126,163
2018-11-21T09:00:00.000,125,57,68
2018-11-21T10:00:00.000,47,17,30
2018-11-21T11:00:00.000,34,15,19
2018-11-21T12:00:00.000,37,14,23
2018-11-21T13:00:00.000,67,22,45
2018-11-21T14:00:00.000,113,30,83
2018-11-21T15:00:00.000,157,55,102
2018-11-21T16:00:00.000,225,53,172
2018-11-21T17:00:00.000,226,50,176
2018-11-21T18:00:00.000,124,43,81
2018-11-21T19:00:00.000,43,13,30
2018-11-21T20:00:00.000,27,13,14
2018-11-21T21:00:00.000,23,15,8
2018-11-21T22:00:00.000,11,3,8
2018-11-21T23:00:00.000,7,4,3
2018-11-22T00:00:00.000,3,1,2
2018-11-22T01:00:00.000,2,1,1
2018-11-22T02:00:00.000,1,1,0
2018-11-22T03:00:00.000,2,2,0
2018-11-22T04:00:00.000,3,0,3
2018-11-22T05:00:00.000,3,1,2
2018-11-22T06:00:00.000,6,4,2
2018-11-22T07:00:00.000,13,4,9
2018-11-22T08:00:00.000,26,15,11
2018-11-22T09:00:00.000,51,27,24
2018-11-22T10:00:00.000,49,24,25
2018-11-22T11:00:00.000,43,18,25
2018-11-22T12:00:00.000,47,23,24
2018-11-22T13:00:00.000,20,4,16
2018-11-22T14:00:00.000,15,7,8
2018-11-22T15:00:00.000,8,3,5
2018-11-22T16:00:00.000,2,1,1
2018-11-22T17:00:00.000,4,0,4
2018-11-22T18:00:00.000,4,3,1
2018-11-22T19:00:00.000,7,4,3
2018-11-22T20:00:00.000,1,1,0
2018-11-22T21:00:00.000,3,1,2
2018-11-22T22:00:00.000,9,2,7
2018-11-22T23:00:00.000,3,2,1
2018-11-23T00:00:00.000,1,0,1
2018-11-23T01:00:00.000,0,0,0
2018-11-23T02:00:00.000,0,0,0
2018-11-23T03:00:00.000,0,0,0
2018-11-23T04:00:00.000,3,0,3
2018-11-23T05:00:00.000,4,1,3
2018-11-23T06:00:00.000,10,4,6
2018-11-23T07:00:00.000,23,10,13
2018-11-23T08:00:00.000,43,22,21
2018-11-23T09:00:00.000,37,22,15
2018-11-23T10:00:00.000,37,18,19
2018-11-23T11:00:00.000,41,17,24
2018-11-23T12:00:00.000,62,22,40
2018-11-23T13:00:00.000,76,40,36
2018-11-23T14:00:00.000,53,31,22
2018-11-23T15:00:00.000,35,18,17
2018-11-23T16:00:00.000,42,15,27
2018-11-23T17:00:00.000,39,16,23
2018-11-23T18:00:00.000,33,14,19
2018-11-23T19:00:00.000,20,6,14
2018-11-23T20:00:00.000,13,5,8
2018-11-23T21:00:00.000,7,2,5
2018-11-23T22:00:00.000,12,4,8
2018-11-23T23:00:00.000,8,1,7
2018-11-24T00:00:00.000,3,2,1
2018-11-24T01:00:00.000,5,2,3
2018-11-24T02:00:00.000,1,1,0
2018-11-24T03:00:00.000,4,2,2
2018-11-24T04:00:00.000,3,1,2
2018-11-24T05:00:00.000,3,1,2
2018-11-24T06:00:00.000,15,5,10
2018-11-24T07:00:00.000,24,12,12
2018-11-24T08:00:00.000,32,12,20
2018-11-24T09:00:00.000,51,27,24
2018-11-24T10:00:00.000,77,47,30
2018-11-24T11:00:00.000,110,40,70
2018-11-24T12:00:00.000,99,42,57
2018-11-24T13:00:00.000,118,55,63
2018-11-24T14:00:00.000,113,58,55
2018-11-24T15:00:00.000,121,61,60
2018-11-24T16:00:00.000,87,36,51
2018-11-24T17:00:00.000,41,11,30
2018-11-24T18:00:00.000,26,13,13
2018-11-24T19:00:00.000,25,10,15
2018-11-24T20:00:00.000,12,5,7
2018-11-24T21:00:00.000,15,6,9
2018-11-24T22:00:00.000,15,8,7
2018-11-24T23:00:00.000,13,2,11
2018-11-25T00:00:00.000,5,1,4
2018-11-25T01:00:00.000,5,1,4
2018-11-25T02:00:00.000,1,0,1
2018-11-25T03:00:00.000,0,0,0
2018-11-25T04:00:00.000,6,1,5
2018-11-25T05:00:00.000,1,0,1
2018-11-25T06:00:00.000,17,10,7
2018-11-25T07:00:00.000,18,10,8
2018-11-25T08:00:00.000,56,10,46
2018-11-25T09:00:00.000,80,42,38
2018-11-25T10:00:00.000,94,43,51
2018-11-25T11:00:00.000,110,66,44
2018-11-25T12:00:00.000,89,43,46
2018-11-25T13:00:00.000,87,42,45
2018-11-25T14:00:00.000,87,49,38
2018-11-25T15:00:00.000,83,47,36
2018-11-25T16:00:00.000,77,38,39
2018-11-25T17:00:00.000,34,17,17
2018-11-25T18:00:00.000,26,16,10
2018-11-25T19:00:00.000,18,8,10
2018-11-25T20:00:00.000,10,3,7
2018-11-25T21:00:00.000,8,6,2
2018-11-25T22:00:00.000,9,4,5
2018-11-25T23:00:00.000,10,6,4
2018-11-26T00:00:00.000,3,0,3
2018-11-26T01:00:00.000,3,1,2
2018-11-26T02:00:00.000,2,0,2
2018-11-26T03:00:00.000,0,0,0
2018-11-26T04:00:00.000,5,2,3
2018-11-26T05:00:00.000,34,21,13
2018-11-26T06:00:00.000,102,58,44
2018-11-26T07:00:00.000,221,101,120
2018-11-26T08:00:00.000,359,166,193
2018-11-26T09:00:00.000,146,62,84
2018-11-26T10:00:00.000,54,22,32
2018-11-26T11:00:00.000,24,10,14
2018-11-26T12:00:00.000,21,9,12
2018-11-26T13:00:00.000,29,15,14
2018-11-26T14:00:00.000,31,10,21
2018-11-26T15:00:00.000,68,23,45
2018-11-26T16:00:00.000,169,35,134
2018-11-26T17:00:00.000,340,68,272
2018-11-26T18:00:00.000,194,34,160
2018-11-26T19:00:00.000,87,24,63
2018-11-26T20:00:00.000,25,6,19
2018-11-26T21:00:00.000,20,2,18
2018-11-26T22:00:00.000,7,4,3
2018-11-26T23:00:00.000,5,1,4
2018-11-27T00:00:00.000,4,0,4
2018-11-27T01:00:00.000,1,0,1
2018-11-27T02:00:00.000,0,0,0
2018-11-27T03:00:00.000,2,1,1
2018-11-27T04:00:00.000,3,1,2
2018-11-27T05:00:00.000,24,11,13
2018-11-27T06:00:00.000,90,54,36
2018-11-27T07:00:00.000,251,129,122
2018-11-27T08:00:00.000,432,214,218
2018-11-27T09:00:00.000,240,113,127
2018-11-27T10:00:00.000,78,36,42
2018-11-27T11:00:00.000,60,31,29
2018-11-27T12:00:00.000,55,25,30
2018-11-27T13:00:00.000,73,31,42
2018-11-27T14:00:00.000,61,30,31
2018-11-27T15:00:00.000,96,44,52
2018-11-27T16:00:00.000,223,62,161
2018-11-27T17:00:00.000,427,93,334
2018-11-27T18:00:00.000,259,60,199
2018-11-27T19:00:00.000,96,30,66
2018-11-27T20:00:00.000,47,16,31
2018-11-27T21:00:00.000,26,10,16
2018-11-27T22:00:00.000,17,4,13
2018-11-27T23:00:00.000,9,0,9
2018-11-28T00:00:00.000,1,1,0
2018-11-28T01:00:00.000,4,1,3
2018-11-28T02:00:00.000,2,0,2
2018-11-28T03:00:00.000,2,1,1
2018-11-28T04:00:00.000,4,2,2
2018-11-28T05:00:00.000,28,15,13
2018-11-28T06:00:00.000,89,47,42
2018-11-28T07:00:00.000,266,139,127
2018-11-28T08:00:00.000,369,174,195
2018-11-28T09:00:00.000,187,82,105
2018-11-28T10:00:00.000,63,30,33
2018-11-28T11:00:00.000,35,14,21
2018-11-28T12:00:00.000,30,11,19
2018-11-28T13:00:00.000,41,19,22
2018-11-28T14:00:00.000,55,20,35
2018-11-28T15:00:00.000,71,28,43
2018-11-28T16:00:00.000,206,55,151
2018-11-28T17:00:00.000,398,99,299
2018-11-28T18:00:00.000,263,72,191
2018-11-28T19:00:00.000,121,29,92
2018-11-28T20:00:00.000,52,22,30
2018-11-28T21:00:00.000,31,10,21
2018-11-28T22:00:00.000,20,9,11
2018-11-28T23:00:00.000,13,5,8
2018-11-29T00:00:00.000,2,0,2
2018-11-29T01:00:00.000,3,1,2
2018-11-29T02:00:00.000,4,0,4
2018-11-29T03:00:00.000,4,1,3
2018-11-29T04:00:00.000,5,0,5
2018-11-29T05:00:00.000,36,21,15
2018-11-29T06:00:00.000,135,77,58
2018-11-29T07:00:00.000,310,155,155
2018-11-29T08:00:00.000,487,229,258
2018-11-29T09:00:00.000,241,104,137
2018-11-29T10:00:00.000,103,47,56
2018-11-29T11:00:00.000,83,40,43
2018-11-29T12:00:00.000,82,44,38
2018-11-29T13:00:00.000,74,35,39
2018-11-29T14:00:00.000,86,34,52
2018-11-29T15:00:00.000,151,64,87
2018-11-29T16:00:00.000,293,88,205
2018-11-29T17:00:00.000,523,122,401
2018-11-29T18:00:00.000,318,81,237
2018-11-29T19:00:00.000,141,41,100
2018-11-29T20:00:00.000,68,25,43
2018-11-29T21:00:00.000,51,15,36
2018-11-29T22:00:00.000,17,8,9
2018-11-29T23:00:00.000,19,3,16
2018-11-30T00:00:00.000,9,4,5
2018-11-30T01:00:00.000,3,0,3
2018-11-30T02:00:00.000,0,0,0
2018-11-30T03:00:00.000,3,1,2
2018-11-30T04:00:00.000,7,1,6
2018-11-30T05:00:00.000,20,9,11
2018-11-30T06:00:00.000,102,55,47
2018-11-30T07:00:00.000,235,110,125
2018-11-30T08:00:00.000,435,201,234
2018-11-30T09:00:00.000,210,91,119
2018-11-30T10:00:00.000,92,48,44
2018-11-30T11:00:00.000,71,33,38
2018-11-30T12:00:00.000,56,23,33
2018-11-30T13:00:00.000,76,34,42
2018-11-30T14:00:00.000,71,23,48
2018-11-30T15:00:00.000,138,51,87
2018-11-30T16:00:00.000,280,79,201
2018-11-30T17:00:00.000,433,86,347
2018-11-30T18:00:00.000,199,53,146
2018-11-30T19:00:00.000,75,22,53
2018-11-30T20:00:00.000,35,12,23
2018-11-30T21:00:00.000,28,11,17
2018-11-30T22:00:00.000,19,10,9
2018-11-30T23:00:00.000,14,5,9
2018-12-01T00:00:00.000,12,3,9
2018-12-01T01:00:00.000,9,8,1
2018-12-01T02:00:00.000,2,1,1
2018-12-01T03:00:00.000,4,0,4
2018-12-01T04:00:00.000,4,2,2
2018-12-01T05:00:00.000,3,1,2
2018-12-01T06:00:00.000,18,7,11
2018-12-01T07:00:00.000,26,12,14
2018-12-01T08:00:00.000,46,26,20
2018-12-01T09:00:00.000,57,34,23
2018-12-01T10:00:00.000,58,31,27
2018-12-01T11:00:00.000,66,33,33
2018-12-01T12:00:00.000,65,20,45
2018-12-01T13:00:00.000,74,43,31
2018-12-01T14:00:00.000,54,22,32
2018-12-01T15:00:00.000,67,34,33
2018-12-01T16:00:00.000,52,18,34
2018-12-01T17:00:00.000,48,23,25
2018-12-01T18:00:00.000,31,16,15
2018-12-01T19:00:00.000,14,9,5
2018-12-01T20:00:00.000,18,8,10
2018-12-01T21:00:00.000,17,8,9
2018-12-01T22:00:00.000,19,11,8
2018-12-01T23:00:00.000,10,4,6
2018-12-02T00:00:00.000,5,0,5
2018-12-02T01:00:00.000,6,1,5
2018-12-02T02:00:00.000,4,0,4
2018-12-02T03:00:00.000,1,0,1
2018-12-02T04:00:00.000,4,2,2
2018-12-02T05:00:00.000,4,1,3
2018-12-02T06:00:00.000,9,2,7
2018-12-02T07:00:00.000,26,12,14
2018-12-02T08:00:00.000,47,25,22
2018-12-02T09:00:00.000,47,23,24
2018-12-02T10:00:00.000,56,25,31
2018-12-02T11:00:00.000,52,37,15
2018-12-02T12:00:00.000,61,36,25
2018-12-02T13:00:00.000,57,33,24
2018-12-02T14:00:00.000,74,31,43
2018-12-02T15:00:00.000,68,31,37
2018-12-02T16:00:00.000,61,30,31
2018-12-02T17:00:00.000,40,17,23
2018-12-02T18:00:00.000,27,12,15
2018-12-02T19:00:00.000,20,8,12
2018-12-02T20:00:00.000,16,8,8
2018-12-02T21:00:00.000,9,3,6
2018-12-02T22:00:00.000,7,3,4
2018-12-02T23:00:00.000,4,0,4
2018-12-03T00:00:00.000,2,0,2
2018-12-03T01:00:00.000,1,1,0
2018-12-03T02:00:00.000,1,1,0
2018-12-03T03:00:00.000,0,0,0
2018-12-03T04:00:00.000,8,4,4
2018-12-03T05:00:00.000,32,19,13
2018-12-03T06:00:00.000,130,69,61
2018-12-03T07:00:00.000,281,149,132
2018-12-03T08:00:00.000,524,251,273
2018-12-03T09:00:00.000,246,95,151
2018-12-03T10:00:00.000,80,28,52
2018-12-03T11:00:00.000,54,32,22
2018-12-03T12:00:00.000,71,33,38
2018-12-03T13:00:00.000,71,37,34
2018-12-03T14:00:00.000,85,38,47
2018-12-03T15:00:00.000,141,54,87
2018-12-03T16:00:00.000,261,61,200
2018-12-03T17:00:00.000,508,115,393
2018-12-03T18:00:00.000,340,79,261
2018-12-03T19:00:00.000,131,41,90
2018-12-03T20:00:00.000,63,27,36
2018-12-03T21:00:00.000,37,12,25
2018-12-03T22:00:00.000,14,4,10
2018-12-03T23:00:00.000,10,6,4
2018-12-04T00:00:00.000,6,2,4
2018-12-04T01:00:00.000,0,0,0
2018-12-04T02:00:00.000,2,1,1
2018-12-04T03:00:00.000,3,2,1
2018-12-04T04:00:00.000,9,3,6
2018-12-04T05:00:00.000,26,12,14
2018-12-04T06:00:00.000,116,59,57
2018-12-04T07:00:00.000,286,156,130
2018-12-04T08:00:00.000,428,202,226
2018-12-04T09:00:00.000,258,106,152
2018-12-04T10:00:00.000,101,54,47
2018-12-04T11:00:00.000,73,29,44
2018-12-04T12:00:00.000,68,37,31
2018-12-04T13:00:00.000,64,27,37
2018-12-04T14:00:00.000,80,41,39
2018-12-04T15:00:00.000,105,42,63
2018-12-04T16:00:00.000,278,81,197
2018-12-04T17:00:00.000,460,96,364
2018-12-04T18:00:00.000,282,73,209
2018-12-04T19:00:00.000,126,30,96
2018-12-04T20:00:00.000,58,18,40
2018-12-04T21:00:00.000,33,8,25
2018-12-04T22:00:00.000,21,8,13
2018-12-04T23:00:00.000,10,2,8
2018-12-05T00:00:00.000,2,1,1
2018-12-05T01:00:00.000,2,1,1
2018-12-05T02:00:00.000,1,0,1
2018-12-05T03:00:00.000,3,1,2
2018-12-05T04:00:00.000,4,2,2
2018-12-05T05:00:00.000,23,15,8
2018-12-05T06:00:00.000,110,56,54
2018-12-05T07:00:00.000,283,135,148
2018-12-05T08:00:00.000,378,173,205
2018-12-05T09:00:00.000,203,81,122
2018-12-05T10:00:00.000,84,35,49
2018-12-05T11:00:00.000,66,43,23
2018-12-05T12:00:00.000,79,37,42
2018-12-05T13:00:00.000,62,26,36
2018-12-05T14:00:00.000,95,39,56
2018-12-05T15:00:00.000,118,45,73
2018-12-05T16:00:00.000,235,59,176
2018-12-05T17:00:00.000,436,113,323
2018-12-05T18:00:00.000,258,80,178
2018-12-05T19:00:00.000,108,27,81
2018-12-05T20:00:00.000,77,24,53
2018-12-05T21:00:00.000,38,13,25
2018-12-05T22:00:00.000,38,11,27
2018-12-05T23:00:00.000,14,4,10
2018-12-06T00:00:00.000,2,0,2
2018-12-06T01:00:00.000,1,1,0
2018-12-06T02:00:00.000,2,0,2
2018-12-06T03:00:00.000,1,1,0
2018-12-06T04:00:00.000,7,4,3
2018-12-06T05:00:00.000,30,20,10
2018-12-06T06:00:00.000,100,55,45
2018-12-06T07:00:00.000,233,108,125
2018-12-06T08:00:00.000,392,172,220
2018-12-06T09:00:00.000,232,102,130
2018-12-06T10:00:00.000,89,37,52
2018-12-06T11:00:00.000,62,26,36
2018-12-06T12:00:00.000,48,23,25
2018-12-06T13:00:00.000,67,32,35
2018-12-06T14:00:00.000,73,30,43
2018-12-06T15:00:00.000,135,55,80
2018-12-06T16:00:00.000,229,67,162
2018-12-06T17:00:00.000,381,84,297
2018-12-06T18:00:00.000,252,72,180
2018-12-06T19:00:00.000,126,33,93
2018-12-06T20:00:00.000,66,22,44
2018-12-06T21:00:00.000,35,8,27
2018-12-06T22:00:00.000,21,4,17
2018-12-06T23:00:00.000,8,3,5
2018-12-07T00:00:00.000,6,2,4
2018-12-07T01:00:00.000,3,1,2
2018-12-07T02:00:00.000,4,1,3
2018-12-07T03:00:00.000,3,2,1
2018-12-07T04:00:00.000,8,3,5
2018-12-07T05:00:00.000,18,10,8
2018-12-07T06:00:00.000,86,35,51
2018-12-07T07:00:00.000,207,101,106
2018-12-07T08:00:00.000,366,159,207
2018-12-07T09:00:00.000,223,92,131
2018-12-07T10:00:00.000,87,43,44
2018-12-07T11:00:00.000,78,39,39
2018-12-07T12:00:00.000,60,33,27
2018-12-07T13:00:00.000,64,25,39
2018-12-07T14:00:00.000,103,46,57
2018-12-07T15:00:00.000,120,37,83
2018-12-07T16:00:00.000,262,64,198
2018-12-07T17:00:00.000,381,90,291
2018-12-07T18:00:00.000,169,49,120
2018-12-07T19:00:00.000,80,28,52
2018-12-07T20:00:00.000,38,19,19
2018-12-07T21:00:00.000,15,2,13
2018-12-07T22:00:00.000,27,13,14
2018-12-07T23:00:00.000,22,8,14
2018-12-08T00:00:00.000,5,2,3
2018-12-08T01:00:00.000,5,1,4
2018-12-08T02:00:00.000,6,3,3
2018-12-08T03:00:00.000,2,0,2
2018-12-08T04:00:00.000,6,0,6
2018-12-08T05:00:00.000,3,0,3
2018-12-08T06:00:00.000,10,5,5
2018-12-08T07:00:00.000,19,6,13
2018-12-08T08:00:00.000,48,17,31
2018-12-08T09:00:00.000,40,25,15
2018-12-08T10:00:00.000,37,20,17
2018-12-08T11:00:00.000,85,41,44
2018-12-08T12:00:00.000,86,38,48
2018-12-08T13:00:00.000,83,43,40
2018-12-08T14:00:00.000,99,55,44
2018-12-08T15:00:00.000,84,38,46
2018-12-08T16:00:00.000,78,36,42
2018-12-08T17:00:00.000,34,19,15
2018-12-08T18:00:00.000,28,13,15
2018-12-08T19:00:00.000,20,8,12
2018-12-08T20:00:00.000,17,11,6
2018-12-08T21:00:00.000,12,3,9
2018-12-08T22:00:00.000,8,4,4
2018-12-08T23:00:00.000,11,5,6
2018-12-09T00:00:00.000,7,2,5
2018-12-09T01:00:00.000,3,0,3
2018-12-09T02:00:00.000,6,1,5
2018-12-09T03:00:00.000,0,0,0
2018-12-09T04:00:00.000,4,1,3
2018-12-09T05:00:00.000,4,0,4
2018-12-09T06:00:00.000,12,6,6
2018-12-09T07:00:00.000,14,7,7
2018-12-09T08:00:00.000,19,6,13
2018-12-09T09:00:00.000,21,12,9
2018-12-09T10:00:00.000,25,14,11
2018-12-09T11:00:00.000,22,17,5
2018-12-09T12:00:00.000,18,4,14
2018-12-09T13:00:00.000,21,12,9
2018-12-09T14:00:00.000,21,11,10
2018-12-09T15:00:00.000,14,11,3
2018-12-09T16:00:00.000,24,14,10
2018-12-09T17:00:00.000,11,5,6
2018-12-09T18:00:00.000,9,4,5
2018-12-09T19:00:00.000,12,9,3
2018-12-09T20:00:00.000,13,3,10
2018-12-09T21:00:00.000,6,5,1
2018-12-09T22:00:00.000,3,1,2
2018-12-09T23:00:00.000,3,2,1
2018-12-10T00:00:00.000,3,1,2
2018-12-10T01:00:00.000,1,1,0
2018-12-10T02:00:00.000,0,0,0
2018-12-10T03:00:00.000,2,2,0
2018-12-10T04:00:00.000,7,3,4
2018-12-10T05:00:00.000,38,22,16
2018-12-10T06:00:00.000,115,67,48
2018-12-10T07:00:00.000,262,131,131
2018-12-10T08:00:00.000,465,236,229
2018-12-10T09:00:00.000,230,98,132
2018-12-10T10:00:00.000,79,38,41
2018-12-10T11:00:00.000,44,21,23
2018-12-10T12:00:00.000,55,30,25
2018-12-10T13:00:00.000,70,36,34
2018-12-10T14:00:00.000,83,34,49
2018-12-10T15:00:00.000,120,43,77
2018-12-10T16:00:00.000,275,71,204
2018-12-10T17:00:00.000,481,113,368
2018-12-10T18:00:00.000,290,53,237
2018-12-10T19:00:00.000,102,32,70
2018-12-10T20:00:00.000,58,22,36
2018-12-10T21:00:00.000,34,12,22
2018-12-10T22:00:00.000,15,3,12
2018-12-10T23:00:00.000,4,1,3
2018-12-11T00:00:00.000,6,1,5
2018-12-11T01:00:00.000,3,1,2
2018-12-11T02:00:00.000,2,0,2
2018-12-11T03:00:00.000,2,2,0
2018-12-11T04:00:00.000,12,5,7
2018-12-11T05:00:00.000,26,13,13
2018-12-11T06:00:00.000,105,58,47
2018-12-11T07:00:00.000,220,111,109
2018-12-11T08:00:00.000,349,165,184
2018-12-11T09:00:00.000,180,76,104
2018-12-11T10:00:00.000,76,36,40
2018-12-11T11:00:00.000,32,18,14
2018-12-11T12:00:00.000,20,14,6
2018-12-11T13:00:00.000,31,18,13
2018-12-11T14:00:00.000,29,13,16
2018-12-11T15:00:00.000,76,25,51
2018-12-11T16:00:00.000,202,44,158
2018-12-11T17:00:00.000,350,75,275
2018-12-11T18:00:00.000,235,69,166
2018-12-11T19:00:00.000,82,20,62
2018-12-11T20:00:00.000,55,21,34
2018-12-11T21:00:00.000,28,12,16
2018-12-11T22:00:00.000,11,0,11
2018-12-11T23:00:00.000,14,3,11
2018-12-12T00:00:00.000,4,2,2
2018-12-12T01:00:00.000,6,4,2
2018-12-12T02:00:00.000,1,0,1
2018-12-12T03:00:00.000,3,1,2
2018-12-12T04:00:00.000,14,7,7
2018-12-12T05:00:00.000,31,19,12
2018-12-12T06:00:00.000,108,66,42
2018-12-12T07:00:00.000,307,145,162
2018-12-12T08:00:00.000,400,204,196
2018-12-12T09:00:00.000,188,83,105
2018-12-12T10:00:00.000,88,36,52
2018-12-12T11:00:00.000,57,28,29
2018-12-12T12:00:00.000,54,25,29
2018-12-12T13:00:00.000,62,29,33
2018-12-12T14:00:00.000,86,26,60
2018-12-12T15:00:00.000,105,28,77
2018-12-12T16:00:00.000,229,69,160
2018-12-12T17:00:00.000,400,98,302
2018-12-12T18:00:00.000,241,64,177
2018-12-12T19:00:00.000,109,35,74
2018-12-12T20:00:00.000,56,21,35
2018-12-12T21:00:00.000,29,10,19
2018-12-12T22:00:00.000,21,6,15
2018-12-12T23:00:00.000,5,1,4
2018-12-13T00:00:00.000,4,0,4
2018-12-13T01:00:00.000,0,0,0
2018-12-13T02:00:00.000,2,1,1
2018-12-13T03:00:00.000,4,1,3
2018-12-13T04:00:00.000,10,5,5
2018-12-13T05:00:00.000,28,15,13
2018-12-13T06:00:00.000,86,49,37
2018-12-13T07:00:00.000,221,113,108
2018-12-13T08:00:00.000,388,193,195
2018-12-13T09:00:00.000,172,71,101
2018-12-13T10:00:00.000,70,32,38
2018-12-13T11:00:00.000,44,19,25
2018-12-13T12:00:00.000,32,15,17
2018-12-13T13:00:00.000,41,17,24
2018-12-13T14:00:00.000,33,14,19
2018-12-13T15:00:00.000,92,31,61
2018-12-13T16:00:00.000,149,34,115
2018-12-13T17:00:00.000,350,71,279
2018-12-13T18:00:00.000,218,53,165
2018-12-13T19:00:00.000,107,31,76
2018-12-13T20:00:00.000,61,17,44
2018-12-13T21:00:00.000,34,9,25
2018-12-13T22:00:00.000,25,10,15
2018-12-13T23:00:00.000,11,3,8
2018-12-14T00:00:00.000,4,2,2
2018-12-14T01:00:00.000,3,2,1
2018-12-14T02:00:00.000,3,0,3
2018-12-14T03:00:00.000,7,3,4
2018-12-14T04:00:00.000,8,3,5
2018-12-14T05:00:00.000,25,12,13
2018-12-14T06:00:00.000,94,53,41
2018-12-14T07:00:00.000,221,109,112
2018-12-14T08:00:00.000,330,154,176
2018-12-14T09:00:00.000,196,84,112
2018-12-14T10:00:00.000,71,27,44
2018-12-14T11:00:00.000,60,22,38
2018-12-14T12:00:00.000,62,38,24
2018-12-14T13:00:00.000,70,34,36
2018-12-14T14:00:00.000,84,42,42
2018-12-14T15:00:00.000,116,47,69
2018-12-14T16:00:00.000,254,68,186
2018-12-14T17:00:00.000,328,62,266
2018-12-14T18:00:00.000,165,54,111
2018-12-14T19:00:00.000,62,14,48
2018-12-14T20:00:00.000,37,21,16
2018-12-14T21:00:00.000,25,7,18
2018-12-14T22:00:00.000,14,6,8
2018-12-14T23:00:00.000,15,6,9
2018-12-15T00:00:00.000,12,5,7
2018-12-15T01:00:00.000,3,2,1
2018-12-15T02:00:00.000,4,1,3
2018-12-15T03:00:00.000,3,1,2
2018-12-15T04:00:00.000,8,2,6
2018-12-15T05:00:00.000,4,3,1
2018-12-15T06:00:00.000,7,2,5
2018-12-15T07:00:00.000,20,8,12
2018-12-15T08:00:00.000,55,22,33
2018-12-15T09:00:00.000,62,26,36
2018-12-15T10:00:00.000,73,48,25
2018-12-15T11:00:00.000,105,52,53
2018-12-15T12:00:00.000,129,59,70
2018-12-15T13:00:00.000,113,59,54
2018-12-15T14:00:00.000,133,68,65
2018-12-15T15:00:00.000,86,43,43
2018-12-15T16:00:00.000,94,46,48
2018-12-15T17:00:00.000,46,25,21
2018-12-15T18:00:00.000,50,20,30
2018-12-15T19:00:00.000,21,6,15
2018-12-15T20:00:00.000,22,8,14
2018-12-15T21:00:00.000,23,10,13
2018-12-15T22:00:00.000,10,7,3
2018-12-15T23:00:00.000,10,3,7
2018-12-16T00:00:00.000,6,1,5
2018-12-16T01:00:00.000,4,0,4
2018-12-16T02:00:00.000,0,0,0
2018-12-16T03:00:00.000,5,2,3
2018-12-16T04:00:00.000,2,0,2
2018-12-16T05:00:00.000,3,1,2
2018-12-16T06:00:00.000,7,4,3
2018-12-16T07:00:00.000,6,4,2
2018-12-16T08:00:00.000,23,13,10
2018-12-16T09:00:00.000,21,10,11
2018-12-16T10:00:00.000,32,19,13
2018-12-16T11:00:00.000,43,26,17
2018-12-16T12:00:00.000,37,15,22
2018-12-16T13:00:00.000,42,19,23
2018-12-16T14:00:00.000,31,14,17
2018-12-16T15:00:00.000,17,9,8
2018-12-16T16:00:00.000,20,10,10
2018-12-16T17:00:00.000,15,6,9
2018-12-16T18:00:00.000,10,3,7
2018-12-16T19:00:00.000,4,1,3
2018-12-16T20:00:00.000,9,3,6
2018-12-16T21:00:00.000,5,5,0
2018-12-16T22:00:00.000,4,2,2
2018-12-16T23:00:00.000,6,1,5
2018-12-17T00:00:00.000,3,0,3
2018-12-17T01:00:00.000,2,0,2
2018-12-17T02:00:00.000,1,1,0
2018-12-17T03:00:00.000,2,1,1
2018-12-17T04:00:00.000,7,3,4
2018-12-17T05:00:00.000,25,15,10
2018-12-17T06:00:00.000,98,51,47
2018-12-17T07:00:00.000,250,134,116
2018-12-17T08:00:00.000,383,186,197
2018-12-17T09:00:00.000,208,90,118
2018-12-17T10:00:00.000,80,38,42
2018-12-17T11:00:00.000,68,32,36
2018-12-17T12:00:00.000,39,23,16
2018-12-17T13:00:00.000,65,30,35
2018-12-17T14:00:00.000,66,27,39
2018-12-17T15:00:00.000,100,30,70
2018-12-17T16:00:00.000,191,41,150
2018-12-17T17:00:00.000,387,82,305
2018-12-17T18:00:00.000,240,43,197
2018-12-17T19:00:00.000,90,17,73
2018-12-17T20:00:00.000,40,14,26
2018-12-17T21:00:00.000,13,4,9
2018-12-17T22:00:00.000,16,12,4
2018-12-17T23:00:00.000,1,0,1
2018-12-18T00:00:00.000,3,0,3
2018-12-18T01:00:00.000,3,1,2
2018-12-18T02:00:00.000,1,1,0
2018-12-18T03:00:00.000,0,0,0
2018-12-18T04:00:00.000,8,4,4
2018-12-18T05:00:00.000,21,9,12
2018-12-18T06:00:00.000,80,45,35
2018-12-18T07:00:00.000,187,90,97
2018-12-18T08:00:00.000,347,162,185
2018-12-18T09:00:00.000,181,71,110
2018-12-18T10:00:00.000,65,36,29
2018-12-18T11:00:00.000,49,26,23
2018-12-18T12:00:00.000,43,21,22
2018-12-18T13:00:00.000,30,13,17
2018-12-18T14:00:00.000,25,9,16
2018-12-18T15:00:00.000,72,23,49
2018-12-18T16:00:00.000,182,47,135
2018-12-18T17:00:00.000,287,57,230
2018-12-18T18:00:00.000,215,36,179
2018-12-18T19:00:00.000,79,20,59
2018-12-18T20:00:00.000,44,16,28
2018-12-18T21:00:00.000,23,5,18
2018-12-18T22:00:00.000,15,8,7
2018-12-18T23:00:00.000,6,1,5
2018-12-19T00:00:00.000,2,0,2
2018-12-19T01:00:00.000,5,3,2
2018-12-19T02:00:00.000,2,2,0
2018-12-19T03:00:00.000,4,2,2
2018-12-19T04:00:00.000,8,2,6
2018-12-19T05:00:00.000,27,14,13
2018-12-19T06:00:00.000,100,60,40
2018-12-19T07:00:00.000,247,122,125
2018-12-19T08:00:00.000,384,172,212
2018-12-19T09:00:00.000,169,90,79
2018-12-19T10:00:00.000,67,26,41
2018-12-19T11:00:00.000,39,13,26
2018-12-19T12:00:00.000,48,25,23
2018-12-19T13:00:00.000,56,31,25
2018-12-19T14:00:00.000,52,21,31
2018-12-19T15:00:00.000,100,40,60
2018-12-19T16:00:00.000,197,52,145
2018-12-19T17:00:00.000,384,90,294
2018-12-19T18:00:00.000,241,58,183
2018-12-19T19:00:00.000,85,27,58
2018-12-19T20:00:00.000,50,15,35
2018-12-19T21:00:00.000,40,15,25
2018-12-19T22:00:00.000,14,4,10
2018-12-19T23:00:00.000,4,1,3
2018-12-20T00:00:00.000,5,1,4
2018-12-20T01:00:00.000,6,0,6
2018-12-20T02:00:00.000,1,0,1
2018-12-20T03:00:00.000,1,1,0
2018-12-20T04:00:00.000,7,5,2
2018-12-20T05:00:00.000,23,12,11
2018-12-20T06:00:00.000,60,36,24
2018-12-20T07:00:00.000,148,70,78
2018-12-20T08:00:00.000,212,101,111
2018-12-20T09:00:00.000,109,53,56
2018-12-20T10:00:00.000,45,13,32
2018-12-20T11:00:00.000,30,11,19
2018-12-20T12:00:00.000,28,11,17
2018-12-20T13:00:00.000,30,20,10
2018-12-20T14:00:00.000,37,10,27
2018-12-20T15:00:00.000,62,18,44
2018-12-20T16:00:00.000,125,36,89
2018-12-20T17:00:00.000,250,64,186
2018-12-20T18:00:00.000,165,40,125
2018-12-20T19:00:00.000,69,19,50
2018-12-20T20:00:00.000,30,11,19
2018-12-20T21:00:00.000,26,10,16
2018-12-20T22:00:00.000,16,11,5
2018-12-20T23:00:00.000,10,4,6
2018-12-21T00:00:00.000,4,3,1
2018-12-21T01:00:00.000,3,2,1
2018-12-21T02:00:00.000,1,0,1
2018-12-21T03:00:00.000,2,1,1
2018-12-21T04:00:00.000,10,4,6
2018-12-21T05:00:00.000,23,14,9
2018-12-21T06:00:00.000,74,47,27
2018-12-21T07:00:00.000,152,82,70
2018-12-21T08:00:00.000,266,141,125
2018-12-21T09:00:00.000,139,53,86
2018-12-21T10:00:00.000,80,41,39
2018-12-21T11:00:00.000,55,19,36
2018-12-21T12:00:00.000,56,27,29
2018-12-21T13:00:00.000,94,37,57
2018-12-21T14:00:00.000,93,27,66
2018-12-21T15:00:00.000,159,64,95
2018-12-21T16:00:00.000,234,70,164
2018-12-21T17:00:00.000,234,57,177
2018-12-21T18:00:00.000,123,33,90
2018-12-21T19:00:00.000,39,8,31
2018-12-21T20:00:00.000,34,14,20
2018-12-21T21:00:00.000,16,10,6
2018-12-21T22:00:00.000,11,6,5
2018-12-21T23:00:00.000,10,3,7
2018-12-22T00:00:00.000,10,1,9
2018-12-22T01:00:00.000,4,2,2
2018-12-22T02:00:00.000,1,0,1
2018-12-22T03:00:00.000,2,0,2
2018-12-22T04:00:00.000,4,1,3
2018-12-22T05:00:00.000,7,2,5
2018-12-22T06:00:00.000,17,3,14
2018-12-22T07:00:00.000,17,4,13
2018-12-22T08:00:00.000,28,8,20
2018-12-22T09:00:00.000,43,24,19
2018-12-22T10:00:00.000,38,22,16
2018-12-22T11:00:00.000,52,31,21
2018-12-22T12:00:00.000,57,30,27
2018-12-22T13:00:00.000,53,29,24
2018-12-22T14:00:00.000,60,31,29
2018-12-22T15:00:00.000,54,28,26
2018-12-22T16:00:00.000,47,24,23
2018-12-22T17:00:00.000,46,20,26
2018-12-22T18:00:00.000,16,9,7
2018-12-22T19:00:00.000,10,7,3
2018-12-22T20:00:00.000,9,4,5
2018-12-22T21:00:00.000,4,2,2
2018-12-22T22:00:00.000,10,5,5
2018-12-22T23:00:00.000,2,0,2
2018-12-23T00:00:00.000,7,2,5
2018-12-23T01:00:00.000,2,0,2
2018-12-23T02:00:00.000,1,0,1
2018-12-23T03:00:00.000,0,0,0
2018-12-23T04:00:00.000,2,0,2
2018-12-23T05:00:00.000,5,1,4
2018-12-23T06:00:00.000,2,0,2
2018-12-23T07:00:00.000,6,3,3
2018-12-23T08:00:00.000,5,2,3
2018-12-23T09:00:00.000,15,9,6
2018-12-23T10:00:00.000,19,9,10
2018-12-23T11:00:00.000,34,18,16
2018-12-23T12:00:00.000,49,26,23
2018-12-23T13:00:00.000,33,19,14
2018-12-23T14:00:00.000,44,21,23
2018-12-23T15:00:00.000,19,8,11
2018-12-23T16:00:00.000,32,16,16
2018-12-23T17:00:00.000,16,2,14
2018-12-23T18:00:00.000,11,6,5
2018-12-23T19:00:00.000,7,4,3
2018-12-23T20:00:00.000,12,7,5
2018-12-23T21:00:00.000,4,3,1
2018-12-23T22:00:00.000,5,1,4
2018-12-23T23:00:00.000,8,4,4
2018-12-24T00:00:00.000,2,0,2
2018-12-24T01:00:00.000,2,1,1
2018-12-24T02:00:00.000,0,0,0
2018-12-24T03:00:00.000,1,1,0
2018-12-24T04:00:00.000,8,3,5
2018-12-24T05:00:00.000,15,9,6
2018-12-24T06:00:00.000,25,16,9
2018-12-24T07:00:00.000,38,20,18
2018-12-24T08:00:00.000,72,35,37
2018-12-24T09:00:00.000,32,13,19
2018-12-24T10:00:00.000,43,25,18
2018-12-24T11:00:00.000,58,25,33
2018-12-24T12:00:00.000,68,31,37
2018-12-24T13:00:00.000,106,59,47
2018-12-24T14:00:00.000,97,38,59
2018-12-24T15:00:00.000,78,27,51
2018-12-24T16:00:00.000,55,20,35
2018-12-24T17:00:00.000,33,16,17
2018-12-24T18:00:00.000,19,15,4
2018-12-24T19:00:00.000,4,3,1
2018-12-24T20:00:00.000,9,6,3
2018-12-24T21:00:00.000,6,5,1
2018-12-24T22:00:00.000,2,1,1
2018-12-24T23:00:00.000,2,1,1
2018-12-25T00:00:00.000,4,1,3
2018-12-25T01:00:00.000,0,0,0
2018-12-25T02:00:00.000,2,2,0
2018-12-25T03:00:00.000,0,0,0
2018-12-25T04:00:00.000,3,3,0
2018-12-25T05:00:00.000,2,1,1
2018-12-25T06:00:00.000,2,2,0
2018-12-25T07:00:00.000,4,2,2
2018-12-25T08:00:00.000,7,6,1
2018-12-25T09:00:00.000,13,6,7
2018-12-25T10:00:00.000,31,27,4
2018-12-25T11:00:00.000,23,14,9
2018-12-25T12:00:00.000,29,16,13
2018-12-25T13:00:00.000,33,17,16
2018-12-25T14:00:00.000,45,15,30
2018-12-25T15:00:00.000,37,12,25
2018-12-25T16:00:00.000,19,13,6
2018-12-25T17:00:00.000,14,7,7
2018-12-25T18:00:00.000,5,2,3
2018-12-25T19:00:00.000,5,1,4
2018-12-25T20:00:00.000,6,1,5
2018-12-25T21:00:00.000,5,2,3
2018-12-25T22:00:00.000,5,3,2
2018-12-25T23:00:00.000,4,4,0
2018-12-26T00:00:00.000,1,1,0
2018-12-26T01:00:00.000,0,0,0
2018-12-26T02:00:00.000,2,0,2
2018-12-26T03:00:00.000,3,0,3
2018-12-26T04:00:00.000,3,0,3
2018-12-26T05:00:00.000,21,10,11
2018-12-26T06:00:00.000,35,21,14
2018-12-26T07:00:00.000,71,35,36
2018-12-26T08:00:00.000,107,53,54
2018-12-26T09:00:00.000,42,21,21
2018-12-26T10:00:00.000,28,16,12
2018-12-26T11:00:00.000,21,11,10
2018-12-26T12:00:00.000,34,17,17
2018-12-26T13:00:00.000,34,17,17
2018-12-26T14:00:00.000,41,17,24
2018-12-26T15:00:00.000,43,21,22
2018-12-26T16:00:00.000,101,33,68
2018-12-26T17:00:00.000,105,25,80
2018-12-26T18:00:00.000,50,17,33
2018-12-26T19:00:00.000,20,4,16
2018-12-26T20:00:00.000,14,7,7
2018-12-26T21:00:00.000,10,8,2
2018-12-26T22:00:00.000,7,4,3
2018-12-26T23:00:00.000,2,0,2
2018-12-27T00:00:00.000,5,2,3
2018-12-27T01:00:00.000,1,0,1
2018-12-27T02:00:00.000,0,0,0
2018-12-27T03:00:00.000,4,1,3
2018-12-27T04:00:00.000,1,1,0
2018-12-27T05:00:00.000,19,11,8
2018-12-27T06:00:00.000,43,21,22
2018-12-27T07:00:00.000,102,51,51
2018-12-27T08:00:00.000,158,72,86
2018-12-27T09:00:00.000,110,47,63
2018-12-27T10:00:00.000,52,20,32
2018-12-27T11:00:00.000,46,19,27
2018-12-27T12:00:00.000,53,24,29
2018-12-27T13:00:00.000,67,39,28
2018-12-27T14:00:00.000,65,23,42
2018-12-27T15:00:00.000,101,22,79
2018-12-27T16:00:00.000,132,36,96
2018-12-27T17:00:00.000,186,49,137
2018-12-27T18:00:00.000,89,31,58
2018-12-27T19:00:00.000,44,15,29
2018-12-27T20:00:00.000,24,10,14
2018-12-27T21:00:00.000,22,6,16
2018-12-27T22:00:00.000,12,5,7
2018-12-27T23:00:00.000,3,2,1
2018-12-28T00:00:00.000,2,1,1
2018-12-28T01:00:00.000,0,0,0
2018-12-28T02:00:00.000,5,5,0
2018-12-28T03:00:00.000,2,1,1
2018-12-28T04:00:00.000,4,1,3
2018-12-28T05:00:00.000,19,10,9
2018-12-28T06:00:00.000,35,16,19
2018-12-28T07:00:00.000,69,38,31
2018-12-28T08:00:00.000,118,55,63
2018-12-28T09:00:00.000,53,23,30
2018-12-28T10:00:00.000,40,19,21
2018-12-28T11:00:00.000,24,10,14
2018-12-28T12:00:00.000,26,14,12
2018-12-28T13:00:00.000,20,8,12
2018-12-28T14:00:00.000,28,8,20
2018-12-28T15:00:00.000,53,19,34
2018-12-28T16:00:00.000,94,34,60
2018-12-28T17:00:00.000,117,25,92
2018-12-28T18:00:00.000,50,25,25
2018-12-28T19:00:00.000,24,4,20
2018-12-28T20:00:00.000,9,5,4
2018-12-28T21:00:00.000,14,4,10
2018-12-28T22:00:00.000,9,3,6
2018-12-28T23:00:00.000,7,3,4
2018-12-29T00:00:00.000,6,0,6
2018-12-29T01:00:00.000,2,0,2
2018-12-29T02:00:00.000,7,4,3
2018-12-29T03:00:00.000,2,0,2
2018-12-29T04:00:00.000,6,3,3
2018-12-29T05:00:00.000,7,4,3
2018-12-29T06:00:00.000,12,8,4
2018-12-29T07:00:00.000,15,8,7
2018-12-29T08:00:00.000,16,7,9
2018-12-29T09:00:00.000,28,15,13
2018-12-29T10:00:00.000,24,13,11
2018-12-29T11:00:00.000,34,21,13
2018-12-29T12:00:00.000,22,11,11
2018-12-29T13:00:00.000,26,12,14
2018-12-29T14:00:00.000,21,11,10
2018-12-29T15:00:00.000,18,6,12
2018-12-29T16:00:00.000,8,3,5
2018-12-29T17:00:00.000,14,8,6
2018-12-29T18:00:00.000,17,10,7
2018-12-29T19:00:00.000,5,2,3
2018-12-29T20:00:00.000,10,4,6
2018-12-29T21:00:00.000,7,3,4
2018-12-29T22:00:00.000,4,3,1
2018-12-29T23:00:00.000,8,2,6
2018-12-30T00:00:00.000,5,1,4
2018-12-30T01:00:00.000,4,3,1
2018-12-30T02:00:00.000,3,0,3
2018-12-30T03:00:00.000,0,0,0
2018-12-30T04:00:00.000,5,0,5
2018-12-30T05:00:00.000,4,1,3
2018-12-30T06:00:00.000,8,4,4
2018-12-30T07:00:00.000,13,4,9
2018-12-30T08:00:00.000,31,16,15
2018-12-30T09:00:00.000,24,14,10
2018-12-30T10:00:00.000,36,19,17
2018-12-30T11:00:00.000,78,41,37
2018-12-30T12:00:00.000,86,51,35
2018-12-30T13:00:00.000,114,53,61
2018-12-30T14:00:00.000,84,36,48
2018-12-30T15:00:00.000,87,39,48
2018-12-30T16:00:00.000,60,28,32
2018-12-30T17:00:00.000,40,11,29
2018-12-30T18:00:00.000,14,5,9
2018-12-30T19:00:00.000,15,8,7
2018-12-30T20:00:00.000,16,9,7
2018-12-30T21:00:00.000,9,5,4
2018-12-30T22:00:00.000,5,4,1
2018-12-30T23:00:00.000,7,2,5
2018-12-31T00:00:00.000,8,3,5
2018-12-31T01:00:00.000,3,0,3
2018-12-31T02:00:00.000,2,2,0
2018-12-31T03:00:00.000,0,0,0
2018-12-31T04:00:00.000,5,0,5
2018-12-31T05:00:00.000,26,13,13
2018-12-31T06:00:00.000,34,22,12
2018-12-31T07:00:00.000,60,30,30
2018-12-31T08:00:00.000,91,43,48
2018-12-31T09:00:00.000,57,31,26
2018-12-31T10:00:00.000,42,24,18
2018-12-31T11:00:00.000,38,27,11
2018-12-31T12:00:00.000,69,34,35
2018-12-31T13:00:00.000,91,38,53
2018-12-31T14:00:00.000,107,54,53
2018-12-31T15:00:00.000,113,35,78
2018-12-31T16:00:00.000,112,35,77
2018-12-31T17:00:00.000,81,29,52
2018-12-31T18:00:00.000,46,17,29
2018-12-31T19:00:00.000,14,9,5
2018-12-31T20:00:00.000,26,12,14
2018-12-31T21:00:00.000,14,7,7
2018-12-31T22:00:00.000,7,3,4
2018-12-31T23:00:00.000,13,7,6
2019-01-01T00:00:00.000,9,0,9
2019-01-01T01:00:00.000,24,2,22
2019-01-01T02:00:00.000,12,1,11
2019-01-01T03:00:00.000,3,1,2
2019-01-01T04:00:00.000,3,2,1
2019-01-01T05:00:00.000,4,3,1
2019-01-01T06:00:00.000,11,4,7
2019-01-01T07:00:00.000,3,1,2
2019-01-01T08:00:00.000,17,8,9
2019-01-01T09:00:00.000,19,5,14
2019-01-01T10:00:00.000,61,37,24
2019-01-01T11:00:00.000,42,31,11
2019-01-01T12:00:00.000,60,31,29
2019-01-01T13:00:00.000,103,55,48
2019-01-01T14:00:00.000,113,61,52
2019-01-01T15:00:00.000,68,31,37
2019-01-01T16:00:00.000,58,30,28
2019-01-01T17:00:00.000,26,9,17
2019-01-01T18:00:00.000,20,9,11
2019-01-01T19:00:00.000,15,8,7
2019-01-01T20:00:00.000,7,4,3
2019-01-01T21:00:00.000,4,1,3
2019-01-01T22:00:00.000,3,1,2
2019-01-01T23:00:00.000,2,0,2
2019-01-02T00:00:00.000,1,1,0
2019-01-02T01:00:00.000,0,0,0
2019-01-02T02:00:00.000,1,0,1
2019-01-02T03:00:00.000,4,2,2
2019-01-02T04:00:00.000,7,5,2
2019-01-02T05:00:00.000,28,14,14
2019-01-02T06:00:00.000,94,52,42
2019-01-02T07:00:00.000,250,140,110
2019-01-02T08:00:00.000,368,168,200
2019-01-02T09:00:00.000,174,72,102
2019-01-02T10:00:00.000,77,43,34
2019-01-02T11:00:00.000,51,22,29
2019-01-02T12:00:00.000,52,24,28
2019-01-02T13:00:00.000,45,22,23
2019-01-02T14:00:00.000,63,20,43
2019-01-02T15:00:00.000,103,42,61
2019-01-02T16:00:00.000,232,60,172
2019-01-02T17:00:00.000,443,97,346
2019-01-02T18:00:00.000,241,54,187
2019-01-02T19:00:00.000,85,32,53
2019-01-02T20:00:00.000,31,11,20
2019-01-02T21:00:00.000,23,5,18
2019-01-02T22:00:00.000,14,5,9
2019-01-02T23:00:00.000,6,4,2
2019-01-03T00:00:00.000,1,1,0
2019-01-03T01:00:00.000,0,0,0
2019-01-03T02:00:00.000,1,0,1
2019-01-03T03:00:00.000,3,2,1
2019-01-03T04:00:00.000,6,5,1
2019-01-03T05:00:00.000,32,13,19
2019-01-03T06:00:00.000,65,40,25
2019-01-03T07:00:00.000,152,70,82
2019-01-03T08:00:00.000,297,138,159
2019-01-03T09:00:00.000,148,63,85
2019-01-03T10:00:00.000,68,29,39
2019-01-03T11:00:00.000,33,17,16
2019-01-03T12:00:00.000,46,19,27
2019-01-03T13:00:00.000,33,15,18
2019-01-03T14:00:00.000,40,19,21
2019-01-03T15:00:00.000,63,20,43
2019-01-03T16:00:00.000,132,32,100
2019-01-03T17:00:00.000,324,75,249
2019-01-03T18:00:00.000,159,40,119
2019-01-03T19:00:00.000,72,21,51
2019-01-03T20:00:00.000,41,14,27
2019-01-03T21:00:00.000,13,5,8
2019-01-03T22:00:00.000,7,6,1
2019-01-03T23:00:00.000,7,5,2
2019-01-04T00:00:00.000,3,1,2
2019-01-04T01:00:00.000,3,2,1
2019-01-04T02:00:00.000,1,0,1
2019-01-04T03:00:00.000,4,2,2
2019-01-04T04:00:00.000,2,1,1
2019-01-04T05:00:00.000,23,10,13
2019-01-04T06:00:00.000,67,31,36
2019-01-04T07:00:00.000,183,88,95
2019-01-04T08:00:00.000,322,140,182
2019-01-04T09:00:00.000,196,84,112
2019-01-04T10:00:00.000,86,42,44
2019-01-04T11:00:00.000,69,33,36
2019-01-04T12:00:00.000,51,23,28
2019-01-04T13:00:00.000,58,28,30
2019-01-04T14:00:00.000,67,20,47
2019-01-04T15:00:00.000,118,52,66
2019-01-04T16:00:00.000,221,63,158
2019-01-04T17:00:00.000,359,86,273
2019-01-04T18:00:00.000,192,50,142
2019-01-04T19:00:00.000,69,26,43
2019-01-04T20:00:00.000,31,11,20
2019-01-04T21:00:00.000,24,5,19
2019-01-04T22:00:00.000,11,7,4
2019-01-04T23:00:00.000,19,4,15
2019-01-05T00:00:00.000,15,8,7
2019-01-05T01:00:00.000,3,1,2
2019-01-05T02:00:00.000,3,0,3
2019-01-05T03:00:00.000,2,0,2
2019-01-05T04:00:00.000,6,3,3
2019-01-05T05:00:00.000,11,3,8
2019-01-05T06:00:00.000,11,3,8
2019-01-05T07:00:00.000,22,8,14
2019-01-05T08:00:00.000,55,18,37
2019-01-05T09:00:00.000,38,21,17
2019-01-05T10:00:00.000,91,50,41
2019-01-05T11:00:00.000,104,62,42
2019-01-05T12:00:00.000,110,64,46
2019-01-05T13:00:00.000,120,70,50
2019-01-05T14:00:00.000,95,39,56
2019-01-05T15:00:00.000,99,50,49
2019-01-05T16:00:00.000,62,25,37
2019-01-05T17:00:00.000,32,16,16
2019-01-05T18:00:00.000,30,12,18
2019-01-05T19:00:00.000,12,5,7
2019-01-05T20:00:00.000,18,9,9
2019-01-05T21:00:00.000,15,6,9
2019-01-05T22:00:00.000,11,6,5
2019-01-05T23:00:00.000,10,3,7
2019-01-06T00:00:00.000,10,2,8
2019-01-06T01:00:00.000,2,1,1
2019-01-06T02:00:00.000,0,0,0
2019-01-06T03:00:00.000,0,0,0
2019-01-06T04:00:00.000,1,0,1
2019-01-06T05:00:00.000,4,2,2
2019-01-06T06:00:00.000,5,2,3
2019-01-06T07:00:00.000,6,4,2
2019-01-06T08:00:00.000,20,11,9
2019-01-06T09:00:00.000,36,19,17
2019-01-06T10:00:00.000,60,34,26
2019-01-06T11:00:00.000,73,48,25
2019-01-06T12:00:00.000,82,42,40
2019-01-06T13:00:00.000,73,38,35
2019-01-06T14:00:00.000,60,28,32
2019-01-06T15:00:00.000,59,27,32
2019-01-06T16:00:00.000,33,15,18
2019-01-06T17:00:00.000,40,19,21
2019-01-06T18:00:00.000,21,5,16
2019-01-06T19:00:00.000,7,2,5
2019-01-06T20:00:00.000,7,2,5
2019-01-06T21:00:00.000,8,5,3
2019-01-06T22:00:00.000,4,1,3
2019-01-06T23:00:00.000,2,1,1
2019-01-07T00:00:00.000,0,0,0
2019-01-07T01:00:00.000,1,1,0
2019-01-07T02:00:00.000,1,1,0
2019-01-07T03:00:00.000,3,2,1
2019-01-07T04:00:00.000,6,4,2
2019-01-07T05:00:00.000,34,19,15
2019-01-07T06:00:00.000,122,69,53
2019-01-07T07:00:00.000,343,178,165
2019-01-07T08:00:00.000,476,235,241
2019-01-07T09:00:00.000,224,91,133
2019-01-07T10:00:00.000,92,45,47
2019-01-07T11:00:00.000,56,31,25
2019-01-07T12:00:00.000,60,34,26
2019-01-07T13:00:00.000,56,35,21
2019-01-07T14:00:00.000,66,28,38
2019-01-07T15:00:00.000,135,49,86
2019-01-07T16:00:00.000,293,70,223
2019-01-07T17:00:00.000,542,128,414
2019-01-07T18:00:00.000,323,89,234
2019-01-07T19:00:00.000,122,33,89
2019-01-07T20:00:00.000,41,9,32
2019-01-07T21:00:00.000,40,16,24
2019-01-07T22:00:00.000,16,6,10
2019-01-07T23:00:00.000,9,4,5
2019-01-08T00:00:00.000,1,1,0
2019-01-08T01:00:00.000,0,0,0
2019-01-08T02:00:00.000,0,0,0
2019-01-08T03:00:00.000,2,2,0
2019-01-08T04:00:00.000,8,3,5
2019-01-08T05:00:00.000,31,18,13
2019-01-08T06:00:00.000,116,71,45
2019-01-08T07:00:00.000,286,152,134
2019-01-08T08:00:00.000,421,214,207
2019-01-08T09:00:00.000,172,76,96
2019-01-08T10:00:00.000,66,28,38
2019-01-08T11:00:00.000,39,18,21
2019-01-08T12:00:00.000,39,16,23
2019-01-08T13:00:00.000,24,12,12
2019-01-08T14:00:00.000,40,14,26
2019-01-08T15:00:00.000,76,30,46
2019-01-08T16:00:00.000,205,55,150
2019-01-08T17:00:00.000,448,90,358
2019-01-08T18:00:00.000,255,62,193
2019-01-08T19:00:00.000,90,21,69
2019-01-08T20:00:00.000,34,11,23
2019-01-08T21:00:00.000,31,12,19
2019-01-08T22:00:00.000,13,6,7
2019-01-08T23:00:00.000,7,3,4
2019-01-09T00:00:00.000,4,2,2
2019-01-09T01:00:00.000,1,0,1
2019-01-09T02:00:00.000,1,1,0
2019-01-09T03:00:00.000,2,1,1
2019-01-09T04:00:00.000,10,8,2
2019-01-09T05:00:00.000,28,14,14
2019-01-09T06:00:00.000,91,50,41
2019-01-09T07:00:00.000,255,136,119
2019-01-09T08:00:00.000,372,180,192
2019-01-09T09:00:00.000,212,100,112
2019-01-09T10:00:00.000,83,36,47
2019-01-09T11:00:00.000,46,17,29
2019-01-09T12:00:00.000,41,18,23
2019-01-09T13:00:00.000,35,17,18
2019-01-09T14:00:00.000,41,17,24
2019-01-09T15:00:00.000,97,37,60
2019-01-09T16:00:00.000,195,48,147
2019-01-09T17:00:00.000,396,106,290
2019-01-09T18:00:00.000,275,65,210
2019-01-09T19:00:00.000,93,32,61
2019-01-09T20:00:00.000,54,18,36
2019-01-09T21:00:00.000,25,8,17
2019-01-09T22:00:00.000,12,1,11
2019-01-09T23:00:00.000,6,3,3
2019-01-10T00:00:00.000,3,1,2
2019-01-10T01:00:00.000,0,0,0
2019-01-10T02:00:00.000,5,2,3
2019-01-10T03:00:00.000,1,0,1
2019-01-10T04:00:00.000,12,6,6
2019-01-10T05:00:00.000,33,16,17
2019-01-10T06:00:00.000,103,61,42
2019-01-10T07:00:00.000,270,139,131
2019-01-10T08:00:00.000,458,210,248
2019-01-10T09:00:00.000,224,112,112
2019-01-10T10:00:00.000,89,39,50
2019-01-10T11:00:00.000,63,25,38
2019-01-10T12:00:00.000,47,29,18
2019-01-10T13:00:00.000,57,33,24
2019-01-10T14:00:00.000,63,31,32
2019-01-10T15:00:00.000,114,46,68
2019-01-10T16:00:00.000,243,71,172
2019-01-10T17:00:00.000,489,118,371
2019-01-10T18:00:00.000,310,78,232
2019-01-10T19:00:00.000,144,42,102
2019-01-10T20:00:00.000,70,19,51
2019-01-10T21:00:00.000,47,15,32
2019-01-10T22:00:00.000,30,12,18
2019-01-10T23:00:00.000,23,12,11
2019-01-11T00:00:00.000,19,15,4
2019-01-11T01:00:00.000,5,4,1
2019-01-11T02:00:00.000,2,0,2
2019-01-11T03:00:00.000,2,1,1
2019-01-11T04:00:00.000,10,5,5
2019-01-11T05:00:00.000,21,9,12
2019-01-11T06:00:00.000,106,62,44
2019-01-11T07:00:00.000,255,123,132
2019-01-11T08:00:00.000,472,213,259
2019-01-11T09:00:00.000,247,111,136
2019-01-11T10:00:00.000,101,56,45
2019-01-11T11:00:00.000,66,31,35
2019-01-11T12:00:00.000,80,36,44
2019-01-11T13:00:00.000,89,48,41
2019-01-11T14:00:00.000,93,36,57
2019-01-11T15:00:00.000,157,55,102
2019-01-11T16:00:00.000,324,83,241
2019-01-11T17:00:00.000,468,90,378
2019-01-11T18:00:00.000,247,69,178
2019-01-11T19:00:00.000,100,26,74
2019-01-11T20:00:00.000,71,23,48
2019-01-11T21:00:00.000,41,14,27
2019-01-11T22:00:00.000,29,13,16
2019-01-11T23:00:00.000,13,6,7
2019-01-12T00:00:00.000,12,5,7
2019-01-12T01:00:00.000,11,2,9
2019-01-12T02:00:00.000,7,2,5
2019-01-12T03:00:00.000,3,0,3
2019-01-12T04:00:00.000,4,1,3
2019-01-12T05:00:00.000,5,1,4
2019-01-12T06:00:00.000,17,7,10
2019-01-12T07:00:00.000,29,12,17
2019-01-12T08:00:00.000,70,31,39
2019-01-12T09:00:00.000,93,52,41
2019-01-12T10:00:00.000,103,56,47
2019-01-12T11:00:00.000,116,50,66
2019-01-12T12:00:00.000,197,90,107
2019-01-12T13:00:00.000,176,98,78
2019-01-12T14:00:00.000,225,122,103
2019-01-12T15:00:00.000,204,101,103
2019-01-12T16:00:00.000,157,80,77
2019-01-12T17:00:00.000,96,48,48
2019-01-12T18:00:00.000,45,15,30
2019-01-12T19:00:00.000,28,14,14
2019-01-12T20:00:00.000,14,11,3
2019-01-12T21:00:00.000,21,7,14
2019-01-12T22:00:00.000,17,8,9
2019-01-12T23:00:00.000,21,15,6
2019-01-13T00:00:00.000,10,8,2
2019-01-13T01:00:00.000,4,1,3
2019-01-13T02:00:00.000,4,1,3
2019-01-13T03:00:00.000,1,0,1
2019-01-13T04:00:00.000,2,0,2
2019-01-13T05:00:00.000,5,3,2
2019-01-13T06:00:00.000,8,1,7
2019-01-13T07:00:00.000,18,8,10
2019-01-13T08:00:00.000,45,22,23
2019-01-13T09:00:00.000,59,32,27
2019-01-13T10:00:00.000,77,36,41
2019-01-13T11:00:00.000,129,71,58
2019-01-13T12:00:00.000,194,101,93
2019-01-13T13:00:00.000,196,102,94
2019-01-13T14:00:00.000,237,148,89
2019-01-13T15:00:00.000,241,123,118
2019-01-13T16:00:00.000,154,64,90
2019-01-13T17:00:00.000,79,45,34
2019-01-13T18:00:00.000,41,16,25
2019-01-13T19:00:00.000,24,13,11
2019-01-13T20:00:00.000,17,13,4
2019-01-13T21:00:00.000,13,7,6
2019-01-13T22:00:00.000,6,2,4
2019-01-13T23:00:00.000,9,5,4
2019-01-14T00:00:00.000,5,0,5
2019-01-14T01:00:00.000,3,0,3
2019-01-14T02:00:00.000,0,0,0
2019-01-14T03:00:00.000,0,0,0
2019-01-14T04:00:00.000,7,4,3
2019-01-14T05:00:00.000,43,24,19
2019-01-14T06:00:00.000,150,83,67
2019-01-14T07:00:00.000,408,217,191
2019-01-14T08:00:00.000,644,312,332
2019-01-14T09:00:00.000,326,155,171
2019-01-14T10:00:00.000,123,57,66
2019-01-14T11:00:00.000,68,32,36
2019-01-14T12:00:00.000,86,43,43
2019-01-14T13:00:00.000,93,51,42
2019-01-14T14:00:00.000,124,58,66
2019-01-14T15:00:00.000,196,77,119
2019-01-14T16:00:00.000,432,110,322
2019-01-14T17:00:00.000,637,128,509
2019-01-14T18:00:00.000,381,72,309
2019-01-14T19:00:00.000,144,41,103
2019-01-14T20:00:00.000,52,15,37
2019-01-14T21:00:00.000,45,17,28
2019-01-14T22:00:00.000,13,4,9
2019-01-14T23:00:00.000,7,2,5
2019-01-15T00:00:00.000,2,2,0
2019-01-15T01:00:00.000,0,0,0
2019-01-15T02:00:00.000,1,0,1
2019-01-15T03:00:00.000,2,2,0
2019-01-15T04:00:00.000,6,2,4
2019-01-15T05:00:00.000,35,20,15
2019-01-15T06:00:00.000,125,65,60
2019-01-15T07:00:00.000,351,194,157
2019-01-15T08:00:00.000,542,268,274
2019-01-15T09:00:00.000,259,118,141
2019-01-15T10:00:00.000,110,49,61
2019-01-15T11:00:00.000,67,37,30
2019-01-15T12:00:00.000,80,42,38
2019-01-15T13:00:00.000,87,40,47
2019-01-15T14:00:00.000,89,40,49
2019-01-15T15:00:00.000,136,47,89
2019-01-15T16:00:00.000,304,80,224
2019-01-15T17:00:00.000,541,102,439
2019-01-15T18:00:00.000,371,78,293
2019-01-15T19:00:00.000,132,44,88
2019-01-15T20:00:00.000,65,19,46
2019-01-15T21:00:00.000,50,24,26
2019-01-15T22:00:00.000,20,5,15
2019-01-15T23:00:00.000,8,0,8
2019-01-16T00:00:00.000,5,0,5
2019-01-16T01:00:00.000,0,0,0
2019-01-16T02:00:00.000,2,1,1
2019-01-16T03:00:00.000,2,1,1
2019-01-16T04:00:00.000,9,7,2
2019-01-16T05:00:00.000,35,18,17
2019-01-16T06:00:00.000,129,72,57
2019-01-16T07:00:00.000,337,169,168
2019-01-16T08:00:00.000,520,259,261
2019-01-16T09:00:00.000,235,100,135
2019-01-16T10:00:00.000,102,47,55
2019-01-16T11:00:00.000,68,34,34
2019-01-16T12:00:00.000,73,36,37
2019-01-16T13:00:00.000,90,37,53
2019-01-16T14:00:00.000,80,36,44
2019-01-16T15:00:00.000,148,64,84
2019-01-16T16:00:00.000,296,79,217
2019-01-16T17:00:00.000,590,111,479
2019-01-16T18:00:00.000,320,84,236
2019-01-16T19:00:00.000,151,56,95
2019-01-16T20:00:00.000,73,32,41
2019-01-16T21:00:00.000,57,21,36
2019-01-16T22:00:00.000,29,11,18
2019-01-16T23:00:00.000,9,2,7
2019-01-17T00:00:00.000,3,1,2
2019-01-17T01:00:00.000,0,0,0
2019-01-17T02:00:00.000,1,0,1
2019-01-17T03:00:00.000,5,2,3
2019-01-17T04:00:00.000,5,3,2
2019-01-17T05:00:00.000,34,21,13
2019-01-17T06:00:00.000,109,63,46
2019-01-17T07:00:00.000,266,130,136
2019-01-17T08:00:00.000,423,197,226
2019-01-17T09:00:00.000,223,103,120
2019-01-17T10:00:00.000,81,37,44
2019-01-17T11:00:00.000,53,22,31
2019-01-17T12:00:00.000,56,23,33
2019-01-17T13:00:00.000,49,26,23
2019-01-17T14:00:00.000,63,29,34
2019-01-17T15:00:00.000,94,27,67
2019-01-17T16:00:00.000,242,66,176
2019-01-17T17:00:00.000,423,103,320
2019-01-17T18:00:00.000,290,62,228
2019-01-17T19:00:00.000,122,35,87
2019-01-17T20:00:00.000,62,25,37
2019-01-17T21:00:00.000,41,13,28
2019-01-17T22:00:00.000,29,8,21
2019-01-17T23:00:00.000,10,2,8
2019-01-18T00:00:00.000,5,2,3
2019-01-18T01:00:00.000,2,1,1
2019-01-18T02:00:00.000,1,1,0
2019-01-18T03:00:00.000,2,1,1
2019-01-18T04:00:00.000,6,3,3
2019-01-18T05:00:00.000,27,15,12
2019-01-18T06:00:00.000,84,54,30
2019-01-18T07:00:00.000,253,122,131
2019-01-18T08:00:00.000,403,194,209
2019-01-18T09:00:00.000,198,87,111
2019-01-18T10:00:00.000,85,35,50
2019-01-18T11:00:00.000,59,34,25
2019-01-18T12:00:00.000,72,34,38
2019-01-18T13:00:00.000,69,32,37
2019-01-18T14:00:00.000,77,33,44
2019-01-18T15:00:00.000,129,41,88
2019-01-18T16:00:00.000,237,62,175
2019-01-18T17:00:00.000,401,78,323
2019-01-18T18:00:00.000,193,38,155
2019-01-18T19:00:00.000,73,19,54
2019-01-18T20:00:00.000,33,10,23
2019-01-18T21:00:00.000,24,9,15
2019-01-18T22:00:00.000,17,4,13
2019-01-18T23:00:00.000,14,4,10
2019-01-19T00:00:00.000,6,2,4
2019-01-19T01:00:00.000,5,1,4
2019-01-19T02:00:00.000,1,1,0
2019-01-19T03:00:00.000,1,0,1
2019-01-19T04:00:00.000,3,1,2
2019-01-19T05:00:00.000,6,2,4
2019-01-19T06:00:00.000,11,6,5
2019-01-19T07:00:00.000,23,8,15
2019-01-19T08:00:00.000,52,21,31
2019-01-19T09:00:00.000,55,29,26
2019-01-19T10:00:00.000,82,40,42
2019-01-19T11:00:00.000,94,48,46
2019-01-19T12:00:00.000,101,47,54
2019-01-19T13:00:00.000,115,52,63
2019-01-19T14:00:00.000,89,44,45
2019-01-19T15:00:00.000,92,43,49
2019-01-19T16:00:00.000,83,36,47
2019-01-19T17:00:00.000,61,34,27
2019-01-19T18:00:00.000,22,9,13
2019-01-19T19:00:00.000,21,9,12
2019-01-19T20:00:00.000,21,6,15
2019-01-19T21:00:00.000,12,3,9
2019-01-19T22:00:00.000,9,5,4
2019-01-19T23:00:00.000,11,7,4
2019-01-20T00:00:00.000,7,1,6
2019-01-20T01:00:00.000,7,4,3
2019-01-20T02:00:00.000,3,2,1
2019-01-20T03:00:00.000,2,2,0
2019-01-20T04:00:00.000,2,0,2
2019-01-20T05:00:00.000,1,1,0
2019-01-20T06:00:00.000,9,3,6
2019-01-20T07:00:00.000,15,8,7
2019-01-20T08:00:00.000,43,18,25
2019-01-20T09:00:00.000,57,23,34
2019-01-20T10:00:00.000,65,48,17
2019-01-20T11:00:00.000,63,36,27
2019-01-20T12:00:00.000,96,40,56
2019-01-20T13:00:00.000,74,35,39
2019-01-20T14:00:00.000,96,52,44
2019-01-20T15:00:00.000,90,45,45
2019-01-20T16:00:00.000,59,32,27
2019-01-20T17:00:00.000,46,27,19
2019-01-20T18:00:00.000,26,13,13
2019-01-20T19:00:00.000,20,8,12
2019-01-20T20:00:00.000,15,3,12
2019-01-20T21:00:00.000,15,8,7
2019-01-20T22:00:00.000,9,4,5
2019-01-20T23:00:00.000,9,4,5
2019-01-21T00:00:00.000,1,0,1
2019-01-21T01:00:00.000,1,1,0
2019-01-21T02:00:00.000,1,1,0
2019-01-21T03:00:00.000,0,0,0
2019-01-21T04:00:00.000,6,4,2
2019-01-21T05:00:00.000,16,9,7
2019-01-21T06:00:00.000,67,37,30
2019-01-21T07:00:00.000,146,72,74
2019-01-21T08:00:00.000,263,131,132
2019-01-21T09:00:00.000,139,68,71
2019-01-21T10:00:00.000,85,38,47
2019-01-21T11:00:00.000,79,43,36
2019-01-21T12:00:00.000,101,45,56
2019-01-21T13:00:00.000,100,53,47
2019-01-21T14:00:00.000,92,40,52
2019-01-21T15:00:00.000,128,50,78
2019-01-21T16:00:00.000,217,70,147
2019-01-21T17:00:00.000,276,51,225
2019-01-21T18:00:00.000,179,38,141
2019-01-21T19:00:00.000,63,14,49
2019-01-21T20:00:00.000,33,17,16
2019-01-21T21:00:00.000,24,8,16
2019-01-21T22:00:00.000,21,9,12
2019-01-21T23:00:00.000,3,1,2
2019-01-22T00:00:00.000,3,2,1
2019-01-22T01:00:00.000,4,3,1
2019-01-22T02:00:00.000,1,1,0
2019-01-22T03:00:00.000,0,0,0
2019-01-22T04:00:00.000,9,5,4
2019-01-22T05:00:00.000,40,22,18
2019-01-22T06:00:00.000,105,58,47
2019-01-22T07:00:00.000,306,156,150
2019-01-22T08:00:00.000,447,211,236
2019-01-22T09:00:00.000,244,98,146
2019-01-22T10:00:00.000,88,43,45
2019-01-22T11:00:00.000,58,32,26
2019-01-22T12:00:00.000,50,22,28
2019-01-22T13:00:00.000,41,24,17
2019-01-22T14:00:00.000,60,23,37
2019-01-22T15:00:00.000,99,28,71
2019-01-22T16:00:00.000,203,42,161
2019-01-22T17:00:00.000,426,86,340
2019-01-22T18:00:00.000,311,62,249
2019-01-22T19:00:00.000,96,29,67
2019-01-22T20:00:00.000,46,18,28
2019-01-22T21:00:00.000,34,15,19
2019-01-22T22:00:00.000,13,1,12
2019-01-22T23:00:00.000,7,2,5
2019-01-23T00:00:00.000,1,0,1
2019-01-23T01:00:00.000,6,2,4
2019-01-23T02:00:00.000,1,0,1
2019-01-23T03:00:00.000,1,0,1
2019-01-23T04:00:00.000,9,5,4
2019-01-23T05:00:00.000,43,23,20
2019-01-23T06:00:00.000,106,67,39
2019-01-23T07:00:00.000,273,142,131
2019-01-23T08:00:00.000,393,175,218
2019-01-23T09:00:00.000,192,75,117
2019-01-23T10:00:00.000,89,32,57
2019-01-23T11:00:00.000,48,26,22
2019-01-23T12:00:00.000,43,14,29
2019-01-23T13:00:00.000,48,29,19
2019-01-23T14:00:00.000,59,33,26
2019-01-23T15:00:00.000,118,52,66
2019-01-23T16:00:00.000,288,81,207
2019-01-23T17:00:00.000,469,107,362
2019-01-23T18:00:00.000,305,78,227
2019-01-23T19:00:00.000,130,34,96
2019-01-23T20:00:00.000,73,24,49
2019-01-23T21:00:00.000,39,17,22
2019-01-23T22:00:00.000,31,10,21
2019-01-23T23:00:00.000,16,4,12
2019-01-24T00:00:00.000,9,2,7
2019-01-24T01:00:00.000,1,0,1
2019-01-24T02:00:00.000,0,0,0
2019-01-24T03:00:00.000,3,2,1
2019-01-24T04:00:00.000,8,5,3
2019-01-24T05:00:00.000,40,25,15
2019-01-24T06:00:00.000,120,64,56
2019-01-24T07:00:00.000,330,181,149
2019-01-24T08:00:00.000,482,236,246
2019-01-24T09:00:00.000,228,90,138
2019-01-24T10:00:00.000,105,51,54
2019-01-24T11:00:00.000,74,33,41
2019-01-24T12:00:00.000,68,27,41
2019-01-24T13:00:00.000,58,28,30
2019-01-24T14:00:00.000,78,38,40
2019-01-24T15:00:00.000,143,53,90
2019-01-24T16:00:00.000,293,82,211
2019-01-24T17:00:00.000,458,111,347
2019-01-24T18:00:00.000,356,74,282
2019-01-24T19:00:00.000,134,42,92
2019-01-24T20:00:00.000,77,22,55
2019-01-24T21:00:00.000,44,18,26
2019-01-24T22:00:00.000,29,10,19
2019-01-24T23:00:00.000,6,5,1
2019-01-25T00:00:00.000,5,2,3
2019-01-25T01:00:00.000,7,3,4
2019-01-25T02:00:00.000,4,3,1
2019-01-25T03:00:00.000,0,0,0
2019-01-25T04:00:00.000,14,8,6
2019-01-25T05:00:00.000,41,23,18
2019-01-25T06:00:00.000,98,52,46
2019-01-25T07:00:00.000,280,142,138
2019-01-25T08:00:00.000,464,226,238
2019-01-25T09:00:00.000,222,106,116
2019-01-25T10:00:00.000,117,51,66
2019-01-25T11:00:00.000,81,42,39
2019-01-25T12:00:00.000,91,38,53
2019-01-25T13:00:00.000,88,39,49
2019-01-25T14:00:00.000,112,54,58
2019-01-25T15:00:00.000,154,44,110
2019-01-25T16:00:00.000,308,82,226
2019-01-25T17:00:00.000,493,120,373
2019-01-25T18:00:00.000,248,70,178
2019-01-25T19:00:00.000,110,32,78
2019-01-25T20:00:00.000,54,14,40
2019-01-25T21:00:00.000,30,5,25
2019-01-25T22:00:00.000,36,17,19
2019-01-25T23:00:00.000,20,9,11
2019-01-26T00:00:00.000,13,6,7
2019-01-26T01:00:00.000,6,2,4
2019-01-26T02:00:00.000,3,0,3
2019-01-26T03:00:00.000,6,1,5
2019-01-26T04:00:00.000,3,1,2
2019-01-26T05:00:00.000,2,0,2
2019-01-26T06:00:00.000,13,9,4
2019-01-26T07:00:00.000,23,8,15
2019-01-26T08:00:00.000,69,36,33
2019-01-26T09:00:00.000,71,36,35
2019-01-26T10:00:00.000,125,59,66
2019-01-26T11:00:00.000,140,69,71
2019-01-26T12:00:00.000,139,53,86
2019-01-26T13:00:00.000,193,100,93
2019-01-26T14:00:00.000,160,90,70
2019-01-26T15:00:00.000,192,117,75
2019-01-26T16:00:00.000,166,78,88
2019-01-26T17:00:00.000,76,47,29
2019-01-26T18:00:00.000,41,16,25
2019-01-26T19:00:00.000,25,12,13
2019-01-26T20:00:00.000,16,8,8
2019-01-26T21:00:00.000,15,6,9
2019-01-26T22:00:00.000,21,8,13
2019-01-26T23:00:00.000,12,4,8
2019-01-27T00:00:00.000,9,2,7
2019-01-27T01:00:00.000,3,0,3
2019-01-27T02:00:00.000,3,1,2
2019-01-27T03:00:00.000,3,2,1
2019-01-27T04:00:00.000,2,0,2
2019-01-27T05:00:00.000,1,1,0
2019-01-27T06:00:00.000,6,3,3
2019-01-27T07:00:00.000,16,11,5
2019-01-27T08:00:00.000,42,22,20
2019-01-27T09:00:00.000,65,40,25
2019-01-27T10:00:00.000,67,20,47
2019-01-27T11:00:00.000,78,53,25
2019-01-27T12:00:00.000,95,53,42
2019-01-27T13:00:00.000,103,48,55
2019-01-27T14:00:00.000,111,67,44
2019-01-27T15:00:00.000,91,40,51
2019-01-27T16:00:00.000,69,32,37
2019-01-27T17:00:00.000,68,36,32
2019-01-27T18:00:00.000,38,20,18
2019-01-27T19:00:00.000,22,15,7
2019-01-27T20:00:00.000,15,10,5
2019-01-27T21:00:00.000,19,6,13
2019-01-27T22:00:00.000,6,2,4
2019-01-27T23:00:00.000,7,4,3
2019-01-28T00:00:00.000,4,3,1
2019-01-28T01:00:00.000,2,0,2
2019-01-28T02:00:00.000,2,2,0
2019-01-28T03:00:00.000,0,0,0
2019-01-28T04:00:00.000,9,6,3
2019-01-28T05:00:00.000,44,21,23
2019-01-28T06:00:00.000,124,73,51
2019-01-28T07:00:00.000,360,175,185
2019-01-28T08:00:00.000,529,252,277
2019-01-28T09:00:00.000,272,120,152
2019-01-28T10:00:00.000,112,58,54
2019-01-28T11:00:00.000,77,33,44
2019-01-28T12:00:00.000,73,39,34
2019-01-28T13:00:00.000,75,29,46
2019-01-28T14:00:00.000,104,40,64
2019-01-28T15:00:00.000,152,68,84
2019-01-28T16:00:00.000,320,85,235
2019-01-28T17:00:00.000,583,150,433
2019-01-28T18:00:00.000,364,85,279
2019-01-28T19:00:00.000,146,36,110
2019-01-28T20:00:00.000,57,25,32
2019-01-28T21:00:00.000,39,15,24
2019-01-28T22:00:00.000,19,8,11
2019-01-28T23:00:00.000,11,6,5
2019-01-29T00:00:00.000,4,1,3
2019-01-29T01:00:00.000,3,1,2
2019-01-29T02:00:00.000,1,0,1
2019-01-29T03:00:00.000,3,2,1
2019-01-29T04:00:00.000,12,5,7
2019-01-29T05:00:00.000,44,20,24
2019-01-29T06:00:00.000,136,82,54
2019-01-29T07:00:00.000,357,202,155
2019-01-29T08:00:00.000,527,254,273
2019-01-29T09:00:00.000,262,113,149
2019-01-29T10:00:00.000,105,47,58
2019-01-29T11:00:00.000,92,44,48
2019-01-29T12:00:00.000,103,56,47
2019-01-29T13:00:00.000,79,36,43
2019-01-29T14:00:00.000,103,37,66
2019-01-29T15:00:00.000,143,53,90
2019-01-29T16:00:00.000,328,79,249
2019-01-29T17:00:00.000,585,114,471
2019-01-29T18:00:00.000,365,81,284
2019-01-29T19:00:00.000,135,42,93
2019-01-29T20:00:00.000,74,30,44
2019-01-29T21:00:00.000,33,15,18
2019-01-29T22:00:00.000,28,11,17
2019-01-29T23:00:00.000,18,10,8
2019-01-30T00:00:00.000,4,2,2
2019-01-30T01:00:00.000,1,0,1
2019-01-30T02:00:00.000,2,1,1
2019-01-30T03:00:00.000,1,0,1
2019-01-30T04:00:00.000,11,7,4
2019-01-30T05:00:00.000,38,14,24
2019-01-30T06:00:00.000,107,65,42
2019-01-30T07:00:00.000,358,181,177
2019-01-30T08:00:00.000,467,216,251
2019-01-30T09:00:00.000,243,107,136
2019-01-30T10:00:00.000,97,41,56
2019-01-30T11:00:00.000,63,27,36
2019-01-30T12:00:00.000,73,21,52
2019-01-30T13:00:00.000,64,31,33
2019-01-30T14:00:00.000,86,31,55
2019-01-30T15:00:00.000,134,41,93
2019-01-30T16:00:00.000,292,86,206
2019-01-30T17:00:00.000,540,116,424
2019-01-30T18:00:00.000,337,98,239
2019-01-30T19:00:00.000,127,42,85
2019-01-30T20:00:00.000,64,25,39
2019-01-30T21:00:00.000,75,23,52
2019-01-30T22:00:00.000,38,13,25
2019-01-30T23:00:00.000,7,3,4
2019-01-31T00:00:00.000,2,1,1
2019-01-31T01:00:00.000,4,1,3
2019-01-31T02:00:00.000,0,0,0
2019-01-31T03:00:00.000,3,0,3
2019-01-31T04:00:00.000,10,8,2
2019-01-31T05:00:00.000,55,27,28
2019-01-31T06:00:00.000,93,48,45
2019-01-31T07:00:00.000,325,170,155
2019-01-31T08:00:00.000,474,212,262
2019-01-31T09:00:00.000,225,97,128
2019-01-31T10:00:00.000,77,31,46
2019-01-31T11:00:00.000,95,46,49
2019-01-31T12:00:00.000,82,44,38
2019-01-31T13:00:00.000,78,43,35
2019-01-31T14:00:00.000,72,28,44
2019-01-31T15:00:00.000,157,60,97
2019-01-31T16:00:00.000,303,84,219
2019-01-31T17:00:00.000,505,106,399
2019-01-31T18:00:00.000,314,68,246
2019-01-31T19:00:00.000,134,40,94
2019-01-31T20:00:00.000,65,32,33
2019-01-31T21:00:00.000,45,18,27
2019-01-31T22:00:00.000,29,13,16
2019-01-31T23:00:00.000,13,7,6
2019-02-01T00:00:00.000,2,0,2
2019-02-01T01:00:00.000,8,3,5
2019-02-01T02:00:00.000,0,0,0
2019-02-01T03:00:00.000,2,0,2
2019-02-01T04:00:00.000,7,3,4
2019-02-01T05:00:00.000,26,13,13
2019-02-01T06:00:00.000,52,24,28
2019-02-01T07:00:00.000,176,90,86
2019-02-01T08:00:00.000,273,128,145
2019-02-01T09:00:00.000,127,55,72
2019-02-01T10:00:00.000,56,23,33
2019-02-01T11:00:00.000,26,12,14
2019-02-01T12:00:00.000,26,12,14
2019-02-01T13:00:00.000,39,23,16
2019-02-01T14:00:00.000,29,12,17
2019-02-01T15:00:00.000,72,25,47
2019-02-01T16:00:00.000,162,40,122
2019-02-01T17:00:00.000,327,75,252
2019-02-01T18:00:00.000,170,43,127
2019-02-01T19:00:00.000,88,22,66
2019-02-01T20:00:00.000,45,11,34
2019-02-01T21:00:00.000,18,7,11
2019-02-01T22:00:00.000,15,8,7
2019-02-01T23:00:00.000,10,3,7
2019-02-02T00:00:00.000,13,5,8
2019-02-02T01:00:00.000,7,3,4
2019-02-02T02:00:00.000,6,6,0
2019-02-02T03:00:00.000,3,0,3
2019-02-02T04:00:00.000,2,0,2
2019-02-02T05:00:00.000,9,4,5
2019-02-02T06:00:00.000,37,21,16
2019-02-02T07:00:00.000,83,36,47
2019-02-02T08:00:00.000,65,28,37
2019-02-02T09:00:00.000,87,30,57
2019-02-02T10:00:00.000,119,54,65
2019-02-02T11:00:00.000,105,58,47
2019-02-02T12:00:00.000,140,72,68
2019-02-02T13:00:00.000,123,63,60
2019-02-02T14:00:00.000,118,50,68
2019-02-02T15:00:00.000,132,62,70
2019-02-02T16:00:00.000,130,54,76
2019-02-02T17:00:00.000,86,26,60
2019-02-02T18:00:00.000,62,17,45
2019-02-02T19:00:00.000,19,4,15
2019-02-02T20:00:00.000,24,13,11
2019-02-02T21:00:00.000,21,9,12
2019-02-02T22:00:00.000,6,3,3
2019-02-02T23:00:00.000,6,2,4
2019-02-03T00:00:00.000,10,4,6
2019-02-03T01:00:00.000,5,1,4
2019-02-03T02:00:00.000,1,0,1
2019-02-03T03:00:00.000,0,0,0
2019-02-03T04:00:00.000,4,0,4
2019-02-03T05:00:00.000,5,2,3
2019-02-03T06:00:00.000,21,14,7
2019-02-03T07:00:00.000,509,325,184
2019-02-03T08:00:00.000,869,537,332
2019-02-03T09:00:00.000,547,190,357
2019-02-03T10:00:00.000,668,48,620
2019-02-03T11:00:00.000,679,60,619
2019-02-03T12:00:00.000,221,56,165
2019-02-03T13:00:00.000,108,37,71
2019-02-03T14:00:00.000,69,33,36
2019-02-03T15:00:00.000,23,13,10
2019-02-03T16:00:00.000,24,11,13
2019-02-03T17:00:00.000,12,6,6
2019-02-03T18:00:00.000,3,2,1
2019-02-03T19:00:00.000,8,4,4
2019-02-03T20:00:00.000,10,4,6
2019-02-03T21:00:00.000,4,3,1
2019-02-03T22:00:00.000,2,1,1
2019-02-03T23:00:00.000,3,2,1
2019-02-04T00:00:00.000,2,2,0
2019-02-04T01:00:00.000,2,1,1
2019-02-04T02:00:00.000,0,0,0
2019-02-04T03:00:00.000,1,1,0
2019-02-04T04:00:00.000,0,0,0
2019-02-04T05:00:00.000,7,4,3
2019-02-04T06:00:00.000,9,3,6
2019-02-04T07:00:00.000,22,7,15
2019-02-04T08:00:00.000,29,13,16
2019-02-04T09:00:00.000,17,6,11
2019-02-04T10:00:00.000,9,3,6
2019-02-04T11:00:00.000,13,5,8
2019-02-04T12:00:00.000,7,3,4
2019-02-04T13:00:00.000,4,2,2
2019-02-04T14:00:00.000,14,5,9
2019-02-04T15:00:00.000,25,8,17
2019-02-04T16:00:00.000,35,11,24
2019-02-04T17:00:00.000,29,6,23
2019-02-04T18:00:00.000,17,4,13
2019-02-04T19:00:00.000,11,4,7
2019-02-04T20:00:00.000,3,3,0
2019-02-04T21:00:00.000,3,3,0
2019-02-04T22:00:00.000,0,0,0
2019-02-04T23:00:00.000,1,1,0
2019-02-05T00:00:00.000,0,0,0
2019-02-05T01:00:00.000,0,0,0
2019-02-05T02:00:00.000,0,0,0
2019-02-05T03:00:00.000,0,0,0
2019-02-05T04:00:00.000,1,1,0
2019-02-05T05:00:00.000,3,1,2
2019-02-05T06:00:00.000,8,7,1
2019-02-05T07:00:00.000,20,9,11
2019-02-05T08:00:00.000,33,12,21
2019-02-05T09:00:00.000,30,14,16
2019-02-05T10:00:00.000,13,7,6
2019-02-05T11:00:00.000,18,3,15
2019-02-05T12:00:00.000,8,2,6
2019-02-05T13:00:00.000,8,6,2
2019-02-05T14:00:00.000,19,8,11
2019-02-05T15:00:00.000,32,18,14
2019-02-05T16:00:00.000,38,14,24
2019-02-05T17:00:00.000,50,10,40
2019-02-05T18:00:00.000,30,11,19
2019-02-05T19:00:00.000,17,6,11
2019-02-05T20:00:00.000,7,2,5
2019-02-05T21:00:00.000,6,2,4
2019-02-05T22:00:00.000,3,2,1
2019-02-05T23:00:00.000,0,0,0
2019-02-06T00:00:00.000,2,2,0
2019-02-06T01:00:00.000,0,0,0
2019-02-06T02:00:00.000,0,0,0
2019-02-06T03:00:00.000,0,0,0
2019-02-06T04:00:00.000,4,3,1
2019-02-06T05:00:00.000,12,5,7
2019-02-06T06:00:00.000,17,13,4
2019-02-06T07:00:00.000,63,25,38
2019-02-06T08:00:00.000,103,49,54
2019-02-06T09:00:00.000,65,29,36
2019-02-06T10:00:00.000,32,12,20
2019-02-06T11:00:00.000,28,9,19
2019-02-06T12:00:00.000,22,12,10
2019-02-06T13:00:00.000,19,13,6
2019-02-06T14:00:00.000,30,13,17
2019-02-06T15:00:00.000,42,21,21
2019-02-06T16:00:00.000,78,27,51
2019-02-06T17:00:00.000,129,24,105
2019-02-06T18:00:00.000,85,19,66
2019-02-06T19:00:00.000,31,5,26
2019-02-06T20:00:00.000,19,9,10
2019-02-06T21:00:00.000,10,4,6
2019-02-06T22:00:00.000,8,6,2
2019-02-06T23:00:00.000,3,1,2
2019-02-07T00:00:00.000,0,0,0
2019-02-07T01:00:00.000,0,0,0
2019-02-07T02:00:00.000,1,0,1
2019-02-07T03:00:00.000,2,1,1
2019-02-07T04:00:00.000,3,3,0
2019-02-07T05:00:00.000,12,5,7
2019-02-07T06:00:00.000,31,23,8
2019-02-07T07:00:00.000,111,58,53
2019-02-07T08:00:00.000,165,72,93
2019-02-07T09:00:00.000,93,43,50
2019-02-07T10:00:00.000,39,16,23
2019-02-07T11:00:00.000,30,12,18
2019-02-07T12:00:00.000,33,20,13
2019-02-07T13:00:00.000,29,14,15
2019-02-07T14:00:00.000,32,12,20
2019-02-07T15:00:00.000,55,24,31
2019-02-07T16:00:00.000,97,28,69
2019-02-07T17:00:00.000,186,41,145
2019-02-07T18:00:00.000,120,21,99
2019-02-07T19:00:00.000,49,16,33
2019-02-07T20:00:00.000,37,20,17
2019-02-07T21:00:00.000,18,10,8
2019-02-07T22:00:00.000,14,10,4
2019-02-07T23:00:00.000,8,4,4
2019-02-08T00:00:00.000,7,2,5
2019-02-08T01:00:00.000,0,0,0
2019-02-08T02:00:00.000,0,0,0
2019-02-08T03:00:00.000,2,2,0
2019-02-08T04:00:00.000,3,1,2
2019-02-08T05:00:00.000,9,4,5
2019-02-08T06:00:00.000,24,16,8
2019-02-08T07:00:00.000,74,35,39
2019-02-08T08:00:00.000,103,39,64
2019-02-08T09:00:00.000,59,24,35
2019-02-08T10:00:00.000,34,18,16
2019-02-08T11:00:00.000,27,9,18
2019-02-08T12:00:00.000,65,15,50
2019-02-08T13:00:00.000,107,25,82
2019-02-08T14:00:00.000,46,9,37
2019-02-08T15:00:00.000,48,14,34
2019-02-08T16:00:00.000,28,7,21
2019-02-08T17:00:00.000,34,10,24
2019-02-08T18:00:00.000,12,1,11
2019-02-08T19:00:00.000,6,2,4
2019-02-08T20:00:00.000,5,2,3
2019-02-08T21:00:00.000,5,2,3
2019-02-08T22:00:00.000,1,1,0
2019-02-08T23:00:00.000,4,4,0
2019-02-09T00:00:00.000,2,0,2
2019-02-09T01:00:00.000,0,0,0
2019-02-09T02:00:00.000,1,0,1
2019-02-09T03:00:00.000,4,3,1
2019-02-09T04:00:00.000,1,0,1
2019-02-09T05:00:00.000,0,0,0
2019-02-09T06:00:00.000,1,0,1
2019-02-09T07:00:00.000,2,1,1
2019-02-09T08:00:00.000,2,0,2
2019-02-09T09:00:00.000,2,1,1
2019-02-09T10:00:00.000,3,2,1
2019-02-09T11:00:00.000,3,0,3
2019-02-09T12:00:00.000,9,0,9
2019-02-09T13:00:00.000,4,2,2
2019-02-09T14:00:00.000,6,0,6
2019-02-09T15:00:00.000,2,0,2
2019-02-09T16:00:00.000,8,3,5
2019-02-09T17:00:00.000,6,1,5
2019-02-09T18:00:00.000,3,1,2
2019-02-09T19:00:00.000,0,0,0
2019-02-09T20:00:00.000,1,0,1
2019-02-09T21:00:00.000,3,1,2
2019-02-09T22:00:00.000,2,2,0
2019-02-09T23:00:00.000,2,2,0
2019-02-10T00:00:00.000,0,0,0
2019-02-10T01:00:00.000,0,0,0
2019-02-10T02:00:00.000,0,0,0
2019-02-10T03:00:00.000,0,0,0
2019-02-10T04:00:00.000,0,0,0
2019-02-10T05:00:00.000,1,1,0
2019-02-10T06:00:00.000,0,0,0
2019-02-10T07:00:00.000,0,0,0
2019-02-10T08:00:00.000,2,2,0
2019-02-10T09:00:00.000,0,0,0
2019-02-10T10:00:00.000,3,1,2
2019-02-10T11:00:00.000,4,3,1
2019-02-10T12:00:00.000,0,0,0
2019-02-10T13:00:00.000,3,2,1
2019-02-10T14:00:00.000,5,5,0
2019-02-10T15:00:00.000,2,1,1
2019-02-10T16:00:00.000,4,3,1
2019-02-10T17:00:00.000,3,0,3
2019-02-10T18:00:00.000,1,0,1
2019-02-10T19:00:00.000,2,2,0
2019-02-10T20:00:00.000,2,2,0
2019-02-10T21:00:00.000,1,0,1
2019-02-10T22:00:00.000,4,3,1
2019-02-10T23:00:00.000,1,1,0
2019-02-11T00:00:00.000,0,0,0
2019-02-11T01:00:00.000,1,1,0
2019-02-11T02:00:00.000,0,0,0
2019-02-11T03:00:00.000,0,0,0
2019-02-11T04:00:00.000,0,0,0
2019-02-11T05:00:00.000,2,2,0
2019-02-11T06:00:00.000,2,1,1
2019-02-11T07:00:00.000,13,6,7
2019-02-11T08:00:00.000,9,4,5
2019-02-11T09:00:00.000,6,3,3
2019-02-11T10:00:00.000,7,1,6
2019-02-11T11:00:00.000,2,0,2
2019-02-11T12:00:00.000,4,1,3
2019-02-11T13:00:00.000,4,1,3
2019-02-11T14:00:00.000,6,2,4
2019-02-11T15:00:00.000,6,1,5
2019-02-11T16:00:00.000,12,4,8
2019-02-11T17:00:00.000,20,4,16
2019-02-11T18:00:00.000,7,1,6
2019-02-11T19:00:00.000,0,0,0
2019-02-11T20:00:00.000,0,0,0
2019-02-11T21:00:00.000,0,0,0
2019-02-11T22:00:00.000,0,0,0
2019-02-11T23:00:00.000,0,0,0
2019-02-12T00:00:00.000,0,0,0
2019-02-12T01:00:00.000,0,0,0
2019-02-12T02:00:00.000,0,0,0
2019-02-12T03:00:00.000,0,0,0
2019-02-12T04:00:00.000,0,0,0
2019-02-12T05:00:00.000,0,0,0
2019-02-12T06:00:00.000,0,0,0
2019-02-12T07:00:00.000,5,4,1
2019-02-12T08:00:00.000,15,8,7
2019-02-12T09:00:00.000,7,2,5
2019-02-12T10:00:00.000,5,4,1
2019-02-12T11:00:00.000,4,2,2
2019-02-12T12:00:00.000,5,2,3
2019-02-12T13:00:00.000,3,1,2
2019-02-12T14:00:00.000,5,0,5
2019-02-12T15:00:00.000,7,2,5
2019-02-12T16:00:00.000,12,3,9
2019-02-12T17:00:00.000,19,3,16
2019-02-12T18:00:00.000,17,6,11
2019-02-12T19:00:00.000,12,4,8
2019-02-12T20:00:00.000,4,2,2
2019-02-12T21:00:00.000,3,1,2
2019-02-12T22:00:00.000,0,0,0
2019-02-12T23:00:00.000,0,0,0
2019-02-13T00:00:00.000,1,1,0
2019-02-13T01:00:00.000,1,0,1
2019-02-13T02:00:00.000,0,0,0
2019-02-13T03:00:00.000,0,0,0
2019-02-13T04:00:00.000,3,2,1
2019-02-13T05:00:00.000,3,2,1
2019-02-13T06:00:00.000,13,6,7
2019-02-13T07:00:00.000,40,18,22
2019-02-13T08:00:00.000,76,32,44
2019-02-13T09:00:00.000,58,26,32
2019-02-13T10:00:00.000,34,11,23
2019-02-13T11:00:00.000,17,6,11
2019-02-13T12:00:00.000,11,2,9
2019-02-13T13:00:00.000,17,6,11
2019-02-13T14:00:00.000,13,9,4
2019-02-13T15:00:00.000,23,8,15
2019-02-13T16:00:00.000,43,9,34
2019-02-13T17:00:00.000,111,28,83
2019-02-13T18:00:00.000,73,14,59
2019-02-13T19:00:00.000,28,9,19
2019-02-13T20:00:00.000,20,8,12
2019-02-13T21:00:00.000,7,1,6
2019-02-13T22:00:00.000,4,0,4
2019-02-13T23:00:00.000,4,0,4
2019-02-14T00:00:00.000,5,3,2
2019-02-14T01:00:00.000,2,0,2
2019-02-14T02:00:00.000,0,0,0
2019-02-14T03:00:00.000,1,0,1
2019-02-14T04:00:00.000,3,2,1
2019-02-14T05:00:00.000,8,5,3
2019-02-14T06:00:00.000,24,18,6
2019-02-14T07:00:00.000,74,36,38
2019-02-14T08:00:00.000,133,63,70
2019-02-14T09:00:00.000,74,26,48
2019-02-14T10:00:00.000,40,17,23
2019-02-14T11:00:00.000,32,15,17
2019-02-14T12:00:00.000,22,8,14
2019-02-14T13:00:00.000,13,7,6
2019-02-14T14:00:00.000,18,8,10
2019-02-14T15:00:00.000,31,13,18
2019-02-14T16:00:00.000,76,23,53
2019-02-14T17:00:00.000,155,31,124
2019-02-14T18:00:00.000,97,27,70
2019-02-14T19:00:00.000,36,8,28
2019-02-14T20:00:00.000,17,8,9
2019-02-14T21:00:00.000,8,3,5
2019-02-14T22:00:00.000,6,3,3
2019-02-14T23:00:00.000,6,1,5
2019-02-15T00:00:00.000,7,1,6
2019-02-15T01:00:00.000,3,2,1
2019-02-15T02:00:00.000,2,0,2
2019-02-15T03:00:00.000,0,0,0
2019-02-15T04:00:00.000,6,1,5
2019-02-15T05:00:00.000,12,5,7
2019-02-15T06:00:00.000,29,17,12
2019-02-15T07:00:00.000,126,63,63
2019-02-15T08:00:00.000,193,99,94
2019-02-15T09:00:00.000,97,25,72
2019-02-15T10:00:00.000,50,21,29
2019-02-15T11:00:00.000,28,13,15
2019-02-15T12:00:00.000,36,19,17
2019-02-15T13:00:00.000,34,15,19
2019-02-15T14:00:00.000,41,20,21
2019-02-15T15:00:00.000,78,32,46
2019-02-15T16:00:00.000,132,32,100
2019-02-15T17:00:00.000,227,57,170
2019-02-15T18:00:00.000,122,30,92
2019-02-15T19:00:00.000,45,13,32
2019-02-15T20:00:00.000,20,5,15
2019-02-15T21:00:00.000,20,9,11
2019-02-15T22:00:00.000,20,8,12
2019-02-15T23:00:00.000,11,7,4
2019-02-16T00:00:00.000,11,4,7
2019-02-16T01:00:00.000,5,2,3
2019-02-16T02:00:00.000,3,1,2
2019-02-16T03:00:00.000,1,1,0
2019-02-16T04:00:00.000,1,0,1
2019-02-16T05:00:00.000,2,0,2
2019-02-16T06:00:00.000,9,7,2
2019-02-16T07:00:00.000,16,6,10
2019-02-16T08:00:00.000,30,16,14
2019-02-16T09:00:00.000,29,13,16
2019-02-16T10:00:00.000,33,17,16
2019-02-16T11:00:00.000,42,28,14
2019-02-16T12:00:00.000,38,16,22
2019-02-16T13:00:00.000,36,13,23
2019-02-16T14:00:00.000,38,18,20
2019-02-16T15:00:00.000,36,19,17
2019-02-16T16:00:00.000,24,6,18
2019-02-16T17:00:00.000,12,6,6
2019-02-16T18:00:00.000,18,5,13
2019-02-16T19:00:00.000,5,2,3
2019-02-16T20:00:00.000,6,2,4
2019-02-16T21:00:00.000,5,2,3
2019-02-16T22:00:00.000,14,3,11
2019-02-16T23:00:00.000,6,3,3
2019-02-17T00:00:00.000,4,0,4
2019-02-17T01:00:00.000,1,0,1
2019-02-17T02:00:00.000,1,0,1
2019-02-17T03:00:00.000,2,0,2
2019-02-17T04:00:00.000,2,0,2
2019-02-17T05:00:00.000,1,0,1
2019-02-17T06:00:00.000,4,1,3
2019-02-17T07:00:00.000,13,6,7
2019-02-17T08:00:00.000,22,8,14
2019-02-17T09:00:00.000,33,14,19
2019-02-17T10:00:00.000,51,31,20
2019-02-17T11:00:00.000,62,34,28
2019-02-17T12:00:00.000,64,30,34
2019-02-17T13:00:00.000,77,31,46
2019-02-17T14:00:00.000,59,33,26
2019-02-17T15:00:00.000,62,32,30
2019-02-17T16:00:00.000,79,38,41
2019-02-17T17:00:00.000,49,20,29
2019-02-17T18:00:00.000,28,14,14
2019-02-17T19:00:00.000,19,8,11
2019-02-17T20:00:00.000,6,2,4
2019-02-17T21:00:00.000,4,2,2
2019-02-17T22:00:00.000,9,3,6
2019-02-17T23:00:00.000,6,1,5
2019-02-18T00:00:00.000,1,1,0
2019-02-18T01:00:00.000,2,1,1
2019-02-18T02:00:00.000,2,1,1
2019-02-18T03:00:00.000,4,4,0
2019-02-18T04:00:00.000,5,2,3
2019-02-18T05:00:00.000,11,7,4
2019-02-18T06:00:00.000,29,15,14
2019-02-18T07:00:00.000,91,41,50
2019-02-18T08:00:00.000,158,69,89
2019-02-18T09:00:00.000,106,40,66
2019-02-18T10:00:00.000,56,18,38
2019-02-18T11:00:00.000,41,20,21
2019-02-18T12:00:00.000,40,21,19
2019-02-18T13:00:00.000,50,28,22
2019-02-18T14:00:00.000,80,33,47
2019-02-18T15:00:00.000,83,35,48
2019-02-18T16:00:00.000,110,36,74
2019-02-18T17:00:00.000,195,51,144
2019-02-18T18:00:00.000,122,30,92
2019-02-18T19:00:00.000,50,10,40
2019-02-18T20:00:00.000,24,10,14
2019-02-18T21:00:00.000,13,6,7
2019-02-18T22:00:00.000,13,5,8
2019-02-18T23:00:00.000,6,4,2
2019-02-19T00:00:00.000,3,0,3
2019-02-19T01:00:00.000,0,0,0
2019-02-19T02:00:00.000,2,0,2
2019-02-19T03:00:00.000,2,1,1
2019-02-19T04:00:00.000,6,4,2
2019-02-19T05:00:00.000,29,14,15
2019-02-19T06:00:00.000,79,43,36
2019-02-19T07:00:00.000,229,118,111
2019-02-19T08:00:00.000,290,132,158
2019-02-19T09:00:00.000,159,62,97
2019-02-19T10:00:00.000,59,31,28
2019-02-19T11:00:00.000,40,15,25
2019-02-19T12:00:00.000,42,20,22
2019-02-19T13:00:00.000,38,13,25
2019-02-19T14:00:00.000,32,18,14
2019-02-19T15:00:00.000,72,20,52
2019-02-19T16:00:00.000,176,45,131
2019-02-19T17:00:00.000,307,63,244
2019-02-19T18:00:00.000,221,52,169
2019-02-19T19:00:00.000,88,26,62
2019-02-19T20:00:00.000,31,11,20
2019-02-19T21:00:00.000,27,13,14
2019-02-19T22:00:00.000,9,5,4
2019-02-19T23:00:00.000,5,2,3
2019-02-20T00:00:00.000,1,0,1
2019-02-20T01:00:00.000,1,0,1
2019-02-20T02:00:00.000,1,1,0
2019-02-20T03:00:00.000,1,1,0
2019-02-20T04:00:00.000,5,4,1
2019-02-20T05:00:00.000,28,13,15
2019-02-20T06:00:00.000,72,37,35
2019-02-20T07:00:00.000,221,109,112
2019-02-20T08:00:00.000,330,155,175
2019-02-20T09:00:00.000,139,61,78
2019-02-20T10:00:00.000,60,24,36
2019-02-20T11:00:00.000,58,29,29
2019-02-20T12:00:00.000,47,23,24
2019-02-20T13:00:00.000,35,13,22
2019-02-20T14:00:00.000,49,20,29
2019-02-20T15:00:00.000,80,32,48
2019-02-20T16:00:00.000,179,57,122
2019-02-20T17:00:00.000,340,88,252
2019-02-20T18:00:00.000,236,65,171
2019-02-20T19:00:00.000,82,30,52
2019-02-20T20:00:00.000,47,17,30
2019-02-20T21:00:00.000,27,11,16
2019-02-20T22:00:00.000,26,8,18
2019-02-20T23:00:00.000,6,2,4
2019-02-21T00:00:00.000,4,1,3
2019-02-21T01:00:00.000,3,0,3
2019-02-21T02:00:00.000,1,0,1
2019-02-21T03:00:00.000,3,1,2
2019-02-21T04:00:00.000,7,7,0
2019-02-21T05:00:00.000,29,16,13
2019-02-21T06:00:00.000,67,35,32
2019-02-21T07:00:00.000,223,119,104
2019-02-21T08:00:00.000,348,157,191
2019-02-21T09:00:00.000,169,70,99
2019-02-21T10:00:00.000,95,49,46
2019-02-21T11:00:00.000,77,35,42
2019-02-21T12:00:00.000,81,30,51
2019-02-21T13:00:00.000,73,41,32
2019-02-21T14:00:00.000,77,33,44
2019-02-21T15:00:00.000,128,49,79
2019-02-21T16:00:00.000,227,55,172
2019-02-21T17:00:00.000,388,111,277
2019-02-21T18:00:00.000,257,74,183
2019-02-21T19:00:00.000,94,23,71
2019-02-21T20:00:00.000,62,12,50
2019-02-21T21:00:00.000,31,15,16
2019-02-21T22:00:00.000,36,8,28
2019-02-21T23:00:00.000,14,4,10
2019-02-22T00:00:00.000,4,2,2
2019-02-22T01:00:00.000,1,0,1
2019-02-22T02:00:00.000,1,0,1
2019-02-22T03:00:00.000,3,3,0
2019-02-22T04:00:00.000,9,4,5
2019-02-22T05:00:00.000,18,4,14
2019-02-22T06:00:00.000,56,35,21
2019-02-22T07:00:00.000,177,89,88
2019-02-22T08:00:00.000,264,126,138
2019-02-22T09:00:00.000,163,78,85
2019-02-22T10:00:00.000,49,17,32
2019-02-22T11:00:00.000,28,13,15
2019-02-22T12:00:00.000,21,6,15
2019-02-22T13:00:00.000,30,11,19
2019-02-22T14:00:00.000,29,6,23
2019-02-22T15:00:00.000,65,17,48
2019-02-22T16:00:00.000,139,34,105
2019-02-22T17:00:00.000,282,73,209
2019-02-22T18:00:00.000,148,46,102
2019-02-22T19:00:00.000,73,17,56
2019-02-22T20:00:00.000,29,11,18
2019-02-22T21:00:00.000,31,11,20
2019-02-22T22:00:00.000,23,10,13
2019-02-22T23:00:00.000,10,5,5
2019-02-23T00:00:00.000,9,6,3
2019-02-23T01:00:00.000,5,4,1
2019-02-23T02:00:00.000,4,1,3
2019-02-23T03:00:00.000,0,0,0
2019-02-23T04:00:00.000,5,1,4
2019-02-23T05:00:00.000,0,0,0
2019-02-23T06:00:00.000,9,7,2
2019-02-23T07:00:00.000,23,9,14
2019-02-23T08:00:00.000,34,12,22
2019-02-23T09:00:00.000,36,14,22
2019-02-23T10:00:00.000,48,19,29
2019-02-23T11:00:00.000,68,34,34
2019-02-23T12:00:00.000,67,31,36
2019-02-23T13:00:00.000,62,30,32
2019-02-23T14:00:00.000,59,21,38
2019-02-23T15:00:00.000,43,22,21
2019-02-23T16:00:00.000,60,29,31
2019-02-23T17:00:00.000,48,19,29
2019-02-23T18:00:00.000,18,8,10
2019-02-23T19:00:00.000,11,5,6
2019-02-23T20:00:00.000,11,2,9
2019-02-23T21:00:00.000,4,3,1
2019-02-23T22:00:00.000,10,6,4
2019-02-23T23:00:00.000,9,4,5
2019-02-24T00:00:00.000,9,6,3
2019-02-24T01:00:00.000,6,1,5
2019-02-24T02:00:00.000,6,5,1
2019-02-24T03:00:00.000,0,0,0
2019-02-24T04:00:00.000,1,0,1
2019-02-24T05:00:00.000,3,2,1
2019-02-24T06:00:00.000,20,13,7
2019-02-24T07:00:00.000,38,20,18
2019-02-24T08:00:00.000,69,35,34
2019-02-24T09:00:00.000,55,31,24
2019-02-24T10:00:00.000,32,19,13
2019-02-24T11:00:00.000,60,33,27
2019-02-24T12:00:00.000,81,37,44
2019-02-24T13:00:00.000,126,61,65
2019-02-24T14:00:00.000,98,47,51
2019-02-24T15:00:00.000,87,24,63
2019-02-24T16:00:00.000,80,41,39
2019-02-24T17:00:00.000,63,26,37
2019-02-24T18:00:00.000,30,12,18
2019-02-24T19:00:00.000,27,16,11
2019-02-24T20:00:00.000,10,4,6
2019-02-24T21:00:00.000,12,5,7
2019-02-24T22:00:00.000,11,4,7
2019-02-24T23:00:00.000,9,1,8
2019-02-25T00:00:00.000,2,0,2
2019-02-25T01:00:00.000,2,1,1
2019-02-25T02:00:00.000,1,0,1
2019-02-25T03:00:00.000,3,1,2
2019-02-25T04:00:00.000,10,4,6
2019-02-25T05:00:00.000,24,8,16
2019-02-25T06:00:00.000,81,50,31
2019-02-25T07:00:00.000,281,154,127
2019-02-25T08:00:00.000,409,184,225
2019-02-25T09:00:00.000,208,94,114
2019-02-25T10:00:00.000,87,49,38
2019-02-25T11:00:00.000,61,24,37
2019-02-25T12:00:00.000,53,28,25
2019-02-25T13:00:00.000,60,33,27
2019-02-25T14:00:00.000,63,23,40
2019-02-25T15:00:00.000,108,45,63
2019-02-25T16:00:00.000,233,64,169
2019-02-25T17:00:00.000,447,104,343
2019-02-25T18:00:00.000,279,85,194
2019-02-25T19:00:00.000,110,30,80
2019-02-25T20:00:00.000,60,23,37
2019-02-25T21:00:00.000,34,21,13
2019-02-25T22:00:00.000,17,5,12
2019-02-25T23:00:00.000,10,3,7
2019-02-26T00:00:00.000,5,1,4
2019-02-26T01:00:00.000,0,0,0
2019-02-26T02:00:00.000,1,0,1
2019-02-26T03:00:00.000,4,4,0
2019-02-26T04:00:00.000,9,7,2
2019-02-26T05:00:00.000,27,10,17
2019-02-26T06:00:00.000,90,50,40
2019-02-26T07:00:00.000,318,168,150
2019-02-26T08:00:00.000,458,211,247
2019-02-26T09:00:00.000,203,89,114
2019-02-26T10:00:00.000,91,41,50
2019-02-26T11:00:00.000,71,42,29
2019-02-26T12:00:00.000,66,30,36
2019-02-26T13:00:00.000,56,21,35
2019-02-26T14:00:00.000,78,31,47
2019-02-26T15:00:00.000,118,54,64
2019-02-26T16:00:00.000,226,58,168
2019-02-26T17:00:00.000,444,90,354
2019-02-26T18:00:00.000,301,70,231
2019-02-26T19:00:00.000,115,32,83
2019-02-26T20:00:00.000,62,25,37
2019-02-26T21:00:00.000,36,17,19
2019-02-26T22:00:00.000,18,7,11
2019-02-26T23:00:00.000,6,1,5
2019-02-27T00:00:00.000,4,0,4
2019-02-27T01:00:00.000,3,0,3
2019-02-27T02:00:00.000,1,1,0
2019-02-27T03:00:00.000,4,3,1
2019-02-27T04:00:00.000,6,3,3
2019-02-27T05:00:00.000,28,12,16
2019-02-27T06:00:00.000,84,46,38
2019-02-27T07:00:00.000,261,134,127
2019-02-27T08:00:00.000,378,170,208
2019-02-27T09:00:00.000,196,93,103
2019-02-27T10:00:00.000,75,39,36
2019-02-27T11:00:00.000,47,22,25
2019-02-27T12:00:00.000,55,27,28
2019-02-27T13:00:00.000,40,16,24
2019-02-27T14:00:00.000,60,27,33
2019-02-27T15:00:00.000,82,29,53
2019-02-27T16:00:00.000,217,53,164
2019-02-27T17:00:00.000,404,103,301
2019-02-27T18:00:00.000,236,62,174
2019-02-27T19:00:00.000,110,27,83
2019-02-27T20:00:00.000,52,20,32
2019-02-27T21:00:00.000,39,18,21
2019-02-27T22:00:00.000,28,6,22
2019-02-27T23:00:00.000,5,1,4
2019-02-28T00:00:00.000,6,1,5
2019-02-28T01:00:00.000,4,1,3
2019-02-28T02:00:00.000,4,1,3
2019-02-28T03:00:00.000,2,1,1
2019-02-28T04:00:00.000,7,5,2
2019-02-28T05:00:00.000,33,17,16
2019-02-28T06:00:00.000,82,43,39
2019-02-28T07:00:00.000,282,148,134
2019-02-28T08:00:00.000,393,182,211
2019-02-28T09:00:00.000,207,79,128
2019-02-28T10:00:00.000,65,30,35
2019-02-28T11:00:00.000,69,40,29
2019-02-28T12:00:00.000,78,43,35
2019-02-28T13:00:00.000,68,42,26
2019-02-28T14:00:00.000,69,29,40
2019-02-28T15:00:00.000,132,48,84
2019-02-28T16:00:00.000,227,68,159
2019-02-28T17:00:00.000,491,128,363
2019-02-28T18:00:00.000,268,70,198
2019-02-28T19:00:00.000,98,39,59
2019-02-28T20:00:00.000,66,16,50
2019-02-28T21:00:00.000,48,16,32
2019-02-28T22:00:00.000,31,4,27
2019-02-28T23:00:00.000,11,5,6
2019-03-01T00:00:00.000,1,1,0
2019-03-01T01:00:00.000,2,2,0
2019-03-01T02:00:00.000,3,1,2
2019-03-01T03:00:00.000,0,0,0
2019-03-01T04:00:00.000,8,3,5
2019-03-01T05:00:00.000,16,6,10
2019-03-01T06:00:00.000,78,42,36
2019-03-01T07:00:00.000,247,130,117
2019-03-01T08:00:00.000,406,189,217
2019-03-01T09:00:00.000,206,84,122
2019-03-01T10:00:00.000,93,44,49
2019-03-01T11:00:00.000,64,29,35
2019-03-01T12:00:00.000,95,50,45
2019-03-01T13:00:00.000,81,38,43
2019-03-01T14:00:00.000,89,41,48
2019-03-01T15:00:00.000,120,41,79
2019-03-01T16:00:00.000,254,68,186
2019-03-01T17:00:00.000,445,111,334
2019-03-01T18:00:00.000,234,66,168
2019-03-01T19:00:00.000,87,26,61
2019-03-01T20:00:00.000,42,12,30
2019-03-01T21:00:00.000,34,13,21
2019-03-01T22:00:00.000,27,7,20
2019-03-01T23:00:00.000,25,13,12
2019-03-02T00:00:00.000,9,4,5
2019-03-02T01:00:00.000,7,3,4
2019-03-02T02:00:00.000,4,0,4
2019-03-02T03:00:00.000,1,0,1
2019-03-02T04:00:00.000,3,0,3
2019-03-02T05:00:00.000,5,2,3
2019-03-02T06:00:00.000,10,3,7
2019-03-02T07:00:00.000,28,19,9
2019-03-02T08:00:00.000,53,29,24
2019-03-02T09:00:00.000,67,40,27
2019-03-02T10:00:00.000,106,56,50
2019-03-02T11:00:00.000,153,99,54
2019-03-02T12:00:00.000,131,62,69
2019-03-02T13:00:00.000,179,88,91
2019-03-02T14:00:00.000,178,87,91
2019-03-02T15:00:00.000,150,74,76
2019-03-02T16:00:00.000,125,60,65
2019-03-02T17:00:00.000,122,67,55
2019-03-02T18:00:00.000,47,29,18
2019-03-02T19:00:00.000,30,16,14
2019-03-02T20:00:00.000,15,8,7
2019-03-02T21:00:00.000,27,7,20
2019-03-02T22:00:00.000,16,1,15
2019-03-02T23:00:00.000,15,3,12
2019-03-03T00:00:00.000,5,1,4
2019-03-03T01:00:00.000,1,1,0
2019-03-03T02:00:00.000,2,0,2
2019-03-03T03:00:00.000,2,0,2
2019-03-03T04:00:00.000,1,0,1
2019-03-03T05:00:00.000,1,0,1
2019-03-03T06:00:00.000,11,5,6
2019-03-03T07:00:00.000,17,8,9
2019-03-03T08:00:00.000,33,21,12
2019-03-03T09:00:00.000,63,26,37
2019-03-03T10:00:00.000,80,39,41
2019-03-03T11:00:00.000,121,56,65
2019-03-03T12:00:00.000,158,85,73
2019-03-03T13:00:00.000,154,79,75
2019-03-03T14:00:00.000,154,72,82
2019-03-03T15:00:00.000,147,73,74
2019-03-03T16:00:00.000,141,69,72
2019-03-03T17:00:00.000,89,46,43
2019-03-03T18:00:00.000,40,20,20
2019-03-03T19:00:00.000,23,10,13
2019-03-03T20:00:00.000,14,9,5
2019-03-03T21:00:00.000,7,2,5
2019-03-03T22:00:00.000,5,1,4
2019-03-03T23:00:00.000,4,1,3
2019-03-04T00:00:00.000,1,0,1
2019-03-04T01:00:00.000,1,0,1
2019-03-04T02:00:00.000,3,3,0
2019-03-04T03:00:00.000,1,1,0
2019-03-04T04:00:00.000,8,4,4
2019-03-04T05:00:00.000,26,12,14
2019-03-04T06:00:00.000,109,70,39
2019-03-04T07:00:00.000,282,152,130
2019-03-04T08:00:00.000,484,225,259
2019-03-04T09:00:00.000,229,101,128
2019-03-04T10:00:00.000,90,37,53
2019-03-04T11:00:00.000,73,37,36
2019-03-04T12:00:00.000,60,25,35
2019-03-04T13:00:00.000,69,33,36
2019-03-04T14:00:00.000,69,28,41
2019-03-04T15:00:00.000,130,49,81
2019-03-04T16:00:00.000,258,61,197
2019-03-04T17:00:00.000,532,137,395
2019-03-04T18:00:00.000,301,85,216
2019-03-04T19:00:00.000,122,41,81
2019-03-04T20:00:00.000,48,15,33
2019-03-04T21:00:00.000,36,12,24
2019-03-04T22:00:00.000,14,6,8
2019-03-04T23:00:00.000,7,4,3
2019-03-05T00:00:00.000,1,0,1
2019-03-05T01:00:00.000,0,0,0
2019-03-05T02:00:00.000,2,1,1
2019-03-05T03:00:00.000,1,1,0
2019-03-05T04:00:00.000,9,4,5
2019-03-05T05:00:00.000,25,14,11
2019-03-05T06:00:00.000,113,65,48
2019-03-05T07:00:00.000,305,158,147
2019-03-05T08:00:00.000,429,214,215
2019-03-05T09:00:00.000,231,100,131
2019-03-05T10:00:00.000,108,56,52
2019-03-05T11:00:00.000,86,42,44
2019-03-05T12:00:00.000,73,35,38
2019-03-05T13:00:00.000,76,31,45
2019-03-05T14:00:00.000,97,48,49
2019-03-05T15:00:00.000,136,55,81
2019-03-05T16:00:00.000,268,72,196
2019-03-05T17:00:00.000,516,118,398
2019-03-05T18:00:00.000,325,88,237
2019-03-05T19:00:00.000,125,34,91
2019-03-05T20:00:00.000,61,19,42
2019-03-05T21:00:00.000,25,12,13
2019-03-05T22:00:00.000,31,14,17
2019-03-05T23:00:00.000,11,4,7
2019-03-06T00:00:00.000,1,0,1
2019-03-06T01:00:00.000,1,0,1
2019-03-06T02:00:00.000,3,0,3
2019-03-06T03:00:00.000,0,0,0
2019-03-06T04:00:00.000,11,7,4
2019-03-06T05:00:00.000,20,9,11
2019-03-06T06:00:00.000,94,54,40
2019-03-06T07:00:00.000,295,155,140
2019-03-06T08:00:00.000,353,156,197
2019-03-06T09:00:00.000,200,85,115
2019-03-06T10:00:00.000,71,26,45
2019-03-06T11:00:00.000,49,19,30
2019-03-06T12:00:00.000,50,27,23
2019-03-06T13:00:00.000,40,19,21
2019-03-06T14:00:00.000,33,11,22
2019-03-06T15:00:00.000,66,20,46
2019-03-06T16:00:00.000,166,40,126
2019-03-06T17:00:00.000,381,90,291
2019-03-06T18:00:00.000,217,50,167
2019-03-06T19:00:00.000,102,27,75
2019-03-06T20:00:00.000,39,16,23
2019-03-06T21:00:00.000,32,11,21
2019-03-06T22:00:00.000,18,6,12
2019-03-06T23:00:00.000,5,1,4
2019-03-07T00:00:00.000,2,1,1
2019-03-07T01:00:00.000,5,2,3
2019-03-07T02:00:00.000,0,0,0
2019-03-07T03:00:00.000,3,1,2
2019-03-07T04:00:00.000,9,5,4
2019-03-07T05:00:00.000,18,7,11
2019-03-07T06:00:00.000,56,33,23
2019-03-07T07:00:00.000,115,62,53
2019-03-07T08:00:00.000,206,74,132
2019-03-07T09:00:00.000,128,60,68
2019-03-07T10:00:00.000,46,25,21
2019-03-07T11:00:00.000,46,18,28
2019-03-07T12:00:00.000,27,13,14
2019-03-07T13:00:00.000,35,17,18
2019-03-07T14:00:00.000,51,24,27
2019-03-07T15:00:00.000,57,22,35
2019-03-07T16:00:00.000,131,33,98
2019-03-07T17:00:00.000,240,66,174
2019-03-07T18:00:00.000,158,46,112
2019-03-07T19:00:00.000,69,15,54
2019-03-07T20:00:00.000,44,15,29
2019-03-07T21:00:00.000,27,7,20
2019-03-07T22:00:00.000,24,6,18
2019-03-07T23:00:00.000,8,3,5
2019-03-08T00:00:00.000,5,0,5
2019-03-08T01:00:00.000,2,1,1
2019-03-08T02:00:00.000,3,0,3
2019-03-08T03:00:00.000,2,0,2
2019-03-08T04:00:00.000,4,3,1
2019-03-08T05:00:00.000,22,11,11
2019-03-08T06:00:00.000,74,38,36
2019-03-08T07:00:00.000,217,114,103
2019-03-08T08:00:00.000,252,128,124
2019-03-08T09:00:00.000,121,50,71
2019-03-08T10:00:00.000,53,23,30
2019-03-08T11:00:00.000,32,15,17
2019-03-08T12:00:00.000,33,13,20
2019-03-08T13:00:00.000,42,20,22
2019-03-08T14:00:00.000,60,18,42
2019-03-08T15:00:00.000,88,41,47
2019-03-08T16:00:00.000,191,43,148
2019-03-08T17:00:00.000,355,75,280
2019-03-08T18:00:00.000,164,50,114
2019-03-08T19:00:00.000,79,22,57
2019-03-08T20:00:00.000,30,9,21
2019-03-08T21:00:00.000,18,5,13
2019-03-08T22:00:00.000,18,7,11
2019-03-08T23:00:00.000,11,7,4
2019-03-09T00:00:00.000,8,1,7
2019-03-09T01:00:00.000,6,5,1
2019-03-09T02:00:00.000,5,1,4
2019-03-09T03:00:00.000,1,0,1
2019-03-09T04:00:00.000,5,0,5
2019-03-09T05:00:00.000,4,2,2
2019-03-09T06:00:00.000,10,5,5
2019-03-09T07:00:00.000,13,4,9
2019-03-09T08:00:00.000,39,12,27
2019-03-09T09:00:00.000,63,27,36
2019-03-09T10:00:00.000,68,47,21
2019-03-09T11:00:00.000,102,56,46
2019-03-09T12:00:00.000,123,80,43
2019-03-09T13:00:00.000,156,74,82
2019-03-09T14:00:00.000,161,71,90
2019-03-09T15:00:00.000,169,84,85
2019-03-09T16:00:00.000,144,69,75
2019-03-09T17:00:00.000,92,49,43
2019-03-09T18:00:00.000,52,21,31
2019-03-09T19:00:00.000,40,25,15
2019-03-09T20:00:00.000,20,7,13
2019-03-09T21:00:00.000,23,6,17
2019-03-09T22:00:00.000,13,2,11
2019-03-09T23:00:00.000,12,4,8
2019-03-10T00:00:00.000,10,1,9
2019-03-10T01:00:00.000,2,2,0
2019-03-10T02:00:00.000,,,
2019-03-10T03:00:00.000,1,0,1
2019-03-10T04:00:00.000,2,1,1
2019-03-10T05:00:00.000,3,2,1
2019-03-10T06:00:00.000,4,2,2
2019-03-10T07:00:00.000,15,7,8
2019-03-10T08:00:00.000,29,17,12
2019-03-10T09:00:00.000,44,20,24
2019-03-10T10:00:00.000,65,39,26
2019-03-10T11:00:00.000,115,50,65
2019-03-10T12:00:00.000,147,73,74
2019-03-10T13:00:00.000,167,90,77
2019-03-10T14:00:00.000,187,105,82
2019-03-10T15:00:00.000,227,105,122
2019-03-10T16:00:00.000,156,78,78
2019-03-10T17:00:00.000,132,61,71
2019-03-10T18:00:00.000,71,38,33
2019-03-10T19:00:00.000,39,20,19
2019-03-10T20:00:00.000,33,20,13
2019-03-10T21:00:00.000,9,5,4
2019-03-10T22:00:00.000,6,1,5
2019-03-10T23:00:00.000,4,1,3
2019-03-11T00:00:00.000,5,2,3
2019-03-11T01:00:00.000,6,4,2
2019-03-11T02:00:00.000,0,0,0
2019-03-11T03:00:00.000,2,0,2
2019-03-11T04:00:00.000,5,2,3
2019-03-11T05:00:00.000,30,16,14
2019-03-11T06:00:00.000,95,55,40
2019-03-11T07:00:00.000,268,150,118
2019-03-11T08:00:00.000,463,241,222
2019-03-11T09:00:00.000,241,100,141
2019-03-11T10:00:00.000,91,39,52
2019-03-11T11:00:00.000,67,31,36
2019-03-11T12:00:00.000,50,29,21
2019-03-11T13:00:00.000,64,30,34
2019-03-11T14:00:00.000,47,20,27
2019-03-11T15:00:00.000,114,46,68
2019-03-11T16:00:00.000,252,60,192
2019-03-11T17:00:00.000,494,126,368
2019-03-11T18:00:00.000,276,70,206
2019-03-11T19:00:00.000,111,30,81
2019-03-11T20:00:00.000,47,11,36
2019-03-11T21:00:00.000,20,10,10
2019-03-11T22:00:00.000,8,5,3
2019-03-11T23:00:00.000,11,1,10
2019-03-12T00:00:00.000,0,0,0
2019-03-12T01:00:00.000,0,0,0
2019-03-12T02:00:00.000,0,0,0
2019-03-12T03:00:00.000,0,0,0
2019-03-12T04:00:00.000,8,3,5
2019-03-12T05:00:00.000,18,8,10
2019-03-12T06:00:00.000,68,39,29
2019-03-12T07:00:00.000,223,116,107
2019-03-12T08:00:00.000,343,175,168
2019-03-12T09:00:00.000,193,81,112
2019-03-12T10:00:00.000,66,29,37
2019-03-12T11:00:00.000,40,13,27
2019-03-12T12:00:00.000,29,13,16
2019-03-12T13:00:00.000,31,14,17
2019-03-12T14:00:00.000,41,16,25
2019-03-12T15:00:00.000,69,27,42
2019-03-12T16:00:00.000,173,37,136
2019-03-12T17:00:00.000,368,95,273
2019-03-12T18:00:00.000,303,89,214
2019-03-12T19:00:00.000,118,37,81
2019-03-12T20:00:00.000,59,16,43
2019-03-12T21:00:00.000,31,11,20
2019-03-12T22:00:00.000,21,7,14
2019-03-12T23:00:00.000,7,3,4
2019-03-13T00:00:00.000,4,1,3
2019-03-13T01:00:00.000,0,0,0
2019-03-13T02:00:00.000,1,1,0
2019-03-13T03:00:00.000,2,1,1
2019-03-13T04:00:00.000,6,3,3
2019-03-13T05:00:00.000,36,14,22
2019-03-13T06:00:00.000,111,60,51
2019-03-13T07:00:00.000,270,135,135
2019-03-13T08:00:00.000,407,185,222
2019-03-13T09:00:00.000,228,103,125
2019-03-13T10:00:00.000,93,39,54
2019-03-13T11:00:00.000,60,25,35
2019-03-13T12:00:00.000,80,41,39
2019-03-13T13:00:00.000,62,25,37
2019-03-13T14:00:00.000,69,34,35
2019-03-13T15:00:00.000,126,44,82
2019-03-13T16:00:00.000,285,66,219
2019-03-13T17:00:00.000,514,139,375
2019-03-13T18:00:00.000,354,106,248
2019-03-13T19:00:00.000,164,48,116
2019-03-13T20:00:00.000,79,32,47
2019-03-13T21:00:00.000,46,13,33
2019-03-13T22:00:00.000,30,12,18
2019-03-13T23:00:00.000,12,6,6
2019-03-14T00:00:00.000,4,1,3
2019-03-14T01:00:00.000,2,0,2
2019-03-14T02:00:00.000,2,0,2
2019-03-14T03:00:00.000,5,2,3
2019-03-14T04:00:00.000,9,6,3
2019-03-14T05:00:00.000,42,23,19
2019-03-14T06:00:00.000,95,47,48
2019-03-14T07:00:00.000,270,143,127
2019-03-14T08:00:00.000,466,227,239
2019-03-14T09:00:00.000,248,109,139
2019-03-14T10:00:00.000,93,39,54
2019-03-14T11:00:00.000,83,36,47
2019-03-14T12:00:00.000,58,28,30
2019-03-14T13:00:00.000,78,33,45
2019-03-14T14:00:00.000,93,45,48
2019-03-14T15:00:00.000,134,48,86
2019-03-14T16:00:00.000,268,81,187
2019-03-14T17:00:00.000,496,116,380
2019-03-14T18:00:00.000,307,82,225
2019-03-14T19:00:00.000,146,39,107
2019-03-14T20:00:00.000,83,37,46
2019-03-14T21:00:00.000,38,17,21
2019-03-14T22:00:00.000,34,17,17
2019-03-14T23:00:00.000,26,10,16
2019-03-15T00:00:00.000,4,0,4
2019-03-15T01:00:00.000,2,0,2
2019-03-15T02:00:00.000,2,1,1
2019-03-15T03:00:00.000,2,0,2
2019-03-15T04:00:00.000,6,2,4
2019-03-15T05:00:00.000,34,15,19
2019-03-15T06:00:00.000,86,51,35
2019-03-15T07:00:00.000,247,128,119
2019-03-15T08:00:00.000,408,204,204
2019-03-15T09:00:00.000,238,119,119
2019-03-15T10:00:00.000,96,41,55
2019-03-15T11:00:00.000,86,43,43
2019-03-15T12:00:00.000,82,30,52
2019-03-15T13:00:00.000,102,42,60
2019-03-15T14:00:00.000,126,54,72
2019-03-15T15:00:00.000,174,70,104
2019-03-15T16:00:00.000,308,87,221
2019-03-15T17:00:00.000,503,129,374
2019-03-15T18:00:00.000,260,65,195
2019-03-15T19:00:00.000,102,34,68
2019-03-15T20:00:00.000,62,24,38
2019-03-15T21:00:00.000,34,21,13
2019-03-15T22:00:00.000,33,16,17
2019-03-15T23:00:00.000,24,8,16
2019-03-16T00:00:00.000,12,3,9
2019-03-16T01:00:00.000,7,1,6
2019-03-16T02:00:00.000,5,3,2
2019-03-16T03:00:00.000,1,1,0
2019-03-16T04:00:00.000,2,1,1
2019-03-16T05:00:00.000,10,2,8
2019-03-16T06:00:00.000,10,5,5
2019-03-16T07:00:00.000,35,15,20
2019-03-16T08:00:00.000,56,26,30
2019-03-16T09:00:00.000,86,38,48
2019-03-16T10:00:00.000,90,47,43
2019-03-16T11:00:00.000,121,59,62
2019-03-16T12:00:00.000,167,92,75
2019-03-16T13:00:00.000,178,76,102
2019-03-16T14:00:00.000,210,92,118
2019-03-16T15:00:00.000,222,79,143
2019-03-16T16:00:00.000,187,85,102
2019-03-16T17:00:00.000,142,58,84
2019-03-16T18:00:00.000,104,49,55
2019-03-16T19:00:00.000,72,34,38
2019-03-16T20:00:00.000,49,15,34
2019-03-16T21:00:00.000,24,16,8
2019-03-16T22:00:00.000,32,7,25
2019-03-16T23:00:00.000,18,6,12
2019-03-17T00:00:00.000,13,5,8
2019-03-17T01:00:00.000,10,7,3
2019-03-17T02:00:00.000,8,5,3
2019-03-17T03:00:00.000,1,1,0
2019-03-17T04:00:00.000,4,1,3
2019-03-17T05:00:00.000,7,1,6
2019-03-17T06:00:00.000,9,5,4
2019-03-17T07:00:00.000,27,12,15
2019-03-17T08:00:00.000,54,31,23
2019-03-17T09:00:00.000,116,62,54
2019-03-17T10:00:00.000,125,61,64
2019-03-17T11:00:00.000,200,101,99
2019-03-17T12:00:00.000,219,96,123
2019-03-17T13:00:00.000,297,121,176
2019-03-17T14:00:00.000,272,115,157
2019-03-17T15:00:00.000,240,109,131
2019-03-17T16:00:00.000,228,117,111
2019-03-17T17:00:00.000,164,85,79
2019-03-17T18:00:00.000,112,47,65
2019-03-17T19:00:00.000,62,28,34
2019-03-17T20:00:00.000,25,11,14
2019-03-17T21:00:00.000,25,10,15
2019-03-17T22:00:00.000,5,2,3
2019-03-17T23:00:00.000,11,3,8
2019-03-18T00:00:00.000,8,3,5
2019-03-18T01:00:00.000,0,0,0
2019-03-18T02:00:00.000,1,0,1
2019-03-18T03:00:00.000,3,1,2
2019-03-18T04:00:00.000,10,5,5
2019-03-18T05:00:00.000,47,25,22
2019-03-18T06:00:00.000,137,73,64
2019-03-18T07:00:00.000,365,197,168
2019-03-18T08:00:00.000,620,289,331
2019-03-18T09:00:00.000,307,144,163
2019-03-18T10:00:00.000,144,54,90
2019-03-18T11:00:00.000,81,35,46
2019-03-18T12:00:00.000,103,48,55
2019-03-18T13:00:00.000,108,43,65
2019-03-18T14:00:00.000,132,62,70
2019-03-18T15:00:00.000,180,68,112
2019-03-18T16:00:00.000,434,118,316
2019-03-18T17:00:00.000,782,180,602
2019-03-18T18:00:00.000,460,134,326
2019-03-18T19:00:00.000,225,66,159
2019-03-18T20:00:00.000,95,43,52
2019-03-18T21:00:00.000,47,24,23
2019-03-18T22:00:00.000,14,2,12
2019-03-18T23:00:00.000,13,4,9
2019-03-19T00:00:00.000,5,1,4
2019-03-19T01:00:00.000,1,0,1
2019-03-19T02:00:00.000,3,0,3
2019-03-19T03:00:00.000,1,1,0
2019-03-19T04:00:00.000,9,5,4
2019-03-19T05:00:00.000,45,20,25
2019-03-19T06:00:00.000,148,77,71
2019-03-19T07:00:00.000,447,219,228
2019-03-19T08:00:00.000,693,341,352
2019-03-19T09:00:00.000,350,162,188
2019-03-19T10:00:00.000,134,51,83
2019-03-19T11:00:00.000,126,60,66
2019-03-19T12:00:00.000,116,48,68
2019-03-19T13:00:00.000,133,71,62
2019-03-19T14:00:00.000,159,58,101
2019-03-19T15:00:00.000,234,86,148
2019-03-19T16:00:00.000,456,115,341
2019-03-19T17:00:00.000,826,207,619
2019-03-19T18:00:00.000,543,175,368
2019-03-19T19:00:00.000,251,102,149
2019-03-19T20:00:00.000,133,56,77
2019-03-19T21:00:00.000,72,21,51
2019-03-19T22:00:00.000,50,15,35
2019-03-19T23:00:00.000,15,6,9
2019-03-20T00:00:00.000,9,6,3
2019-03-20T01:00:00.000,4,1,3
2019-03-20T02:00:00.000,4,1,3
2019-03-20T03:00:00.000,6,0,6
2019-03-20T04:00:00.000,7,6,1
2019-03-20T05:00:00.000,46,23,23
2019-03-20T06:00:00.000,155,80,75
2019-03-20T07:00:00.000,458,243,215
2019-03-20T08:00:00.000,669,317,352
2019-03-20T09:00:00.000,322,129,193
2019-03-20T10:00:00.000,137,73,64
2019-03-20T11:00:00.000,107,62,45
2019-03-20T12:00:00.000,136,61,75
2019-03-20T13:00:00.000,122,54,68
2019-03-20T14:00:00.000,120,51,69
2019-03-20T15:00:00.000,208,79,129
2019-03-20T16:00:00.000,453,104,349
2019-03-20T17:00:00.000,811,176,635
2019-03-20T18:00:00.000,576,173,403
2019-03-20T19:00:00.000,226,85,141
2019-03-20T20:00:00.000,124,47,77
2019-03-20T21:00:00.000,67,26,41
2019-03-20T22:00:00.000,40,16,24
2019-03-20T23:00:00.000,24,4,20
2019-03-21T00:00:00.000,8,1,7
2019-03-21T01:00:00.000,3,0,3
2019-03-21T02:00:00.000,1,0,1
2019-03-21T03:00:00.000,2,0,2
2019-03-21T04:00:00.000,9,7,2
2019-03-21T05:00:00.000,38,19,19
2019-03-21T06:00:00.000,129,71,58
2019-03-21T07:00:00.000,408,198,210
2019-03-21T08:00:00.000,578,270,308
2019-03-21T09:00:00.000,312,137,175
2019-03-21T10:00:00.000,111,45,66
2019-03-21T11:00:00.000,104,49,55
2019-03-21T12:00:00.000,78,31,47
2019-03-21T13:00:00.000,92,39,53
2019-03-21T14:00:00.000,112,39,73
2019-03-21T15:00:00.000,161,46,115
2019-03-21T16:00:00.000,333,84,249
2019-03-21T17:00:00.000,668,153,515
2019-03-21T18:00:00.000,441,124,317
2019-03-21T19:00:00.000,182,59,123
2019-03-21T20:00:00.000,88,36,52
2019-03-21T21:00:00.000,69,22,47
2019-03-21T22:00:00.000,33,8,25
2019-03-21T23:00:00.000,19,6,13
2019-03-22T00:00:00.000,8,4,4
2019-03-22T01:00:00.000,2,0,2
2019-03-22T02:00:00.000,5,3,2
2019-03-22T03:00:00.000,1,1,0
2019-03-22T04:00:00.000,5,2,3
2019-03-22T05:00:00.000,23,13,10
2019-03-22T06:00:00.000,99,50,49
2019-03-22T07:00:00.000,304,151,153
2019-03-22T08:00:00.000,421,208,213
2019-03-22T09:00:00.000,257,119,138
2019-03-22T10:00:00.000,104,54,50
2019-03-22T11:00:00.000,113,48,65
2019-03-22T12:00:00.000,102,44,58
2019-03-22T13:00:00.000,102,46,56
2019-03-22T14:00:00.000,127,69,58
2019-03-22T15:00:00.000,196,67,129
2019-03-22T16:00:00.000,290,73,217
2019-03-22T17:00:00.000,428,93,335
2019-03-22T18:00:00.000,249,81,168
2019-03-22T19:00:00.000,86,23,63
2019-03-22T20:00:00.000,53,12,41
2019-03-22T21:00:00.000,32,8,24
2019-03-22T22:00:00.000,32,3,29
2019-03-22T23:00:00.000,16,7,9
2019-03-23T00:00:00.000,13,4,9
2019-03-23T01:00:00.000,6,5,1
2019-03-23T02:00:00.000,2,1,1
2019-03-23T03:00:00.000,0,0,0
2019-03-23T04:00:00.000,1,0,1
2019-03-23T05:00:00.000,2,1,1
2019-03-23T06:00:00.000,21,10,11
2019-03-23T07:00:00.000,30,11,19
2019-03-23T08:00:00.000,48,23,25
2019-03-23T09:00:00.000,83,40,43
2019-03-23T10:00:00.000,78,48,30
2019-03-23T11:00:00.000,138,64,74
2019-03-23T12:00:00.000,178,62,116
2019-03-23T13:00:00.000,168,62,106
2019-03-23T14:00:00.000,179,87,92
2019-03-23T15:00:00.000,194,82,112
2019-03-23T16:00:00.000,182,92,90
2019-03-23T17:00:00.000,152,72,80
2019-03-23T18:00:00.000,131,77,54
2019-03-23T19:00:00.000,79,41,38
2019-03-23T20:00:00.000,39,20,19
2019-03-23T21:00:00.000,33,20,13
2019-03-23T22:00:00.000,32,18,14
2019-03-23T23:00:00.000,30,5,25
2019-03-24T00:00:00.000,17,8,9
2019-03-24T01:00:00.000,7,2,5
2019-03-24T02:00:00.000,9,6,3
2019-03-24T03:00:00.000,0,0,0
2019-03-24T04:00:00.000,2,0,2
2019-03-24T05:00:00.000,4,1,3
2019-03-24T06:00:00.000,11,6,5
2019-03-24T07:00:00.000,23,12,11
2019-03-24T08:00:00.000,58,27,31
2019-03-24T09:00:00.000,91,37,54
2019-03-24T10:00:00.000,108,61,47
2019-03-24T11:00:00.000,158,81,77
2019-03-24T12:00:00.000,167,82,85
2019-03-24T13:00:00.000,186,84,102
2019-03-24T14:00:00.000,188,79,109
2019-03-24T15:00:00.000,178,85,93
2019-03-24T16:00:00.000,153,90,63
2019-03-24T17:00:00.000,118,55,63
2019-03-24T18:00:00.000,96,43,53
2019-03-24T19:00:00.000,56,25,31
2019-03-24T20:00:00.000,34,16,18
2019-03-24T21:00:00.000,27,11,16
2019-03-24T22:00:00.000,11,5,6
2019-03-24T23:00:00.000,4,1,3
2019-03-25T00:00:00.000,6,2,4
2019-03-25T01:00:00.000,1,0,1
2019-03-25T02:00:00.000,3,1,2
2019-03-25T03:00:00.000,1,0,1
2019-03-25T04:00:00.000,11,7,4
2019-03-25T05:00:00.000,34,21,13
2019-03-25T06:00:00.000,112,59,53
2019-03-25T07:00:00.000,320,150,170
2019-03-25T08:00:00.000,508,251,257
2019-03-25T09:00:00.000,234,111,123
2019-03-25T10:00:00.000,97,45,52
2019-03-25T11:00:00.000,71,36,35
2019-03-25T12:00:00.000,81,43,38
2019-03-25T13:00:00.000,76,35,41
2019-03-25T14:00:00.000,75,26,49
2019-03-25T15:00:00.000,135,51,84
2019-03-25T16:00:00.000,293,69,224
2019-03-25T17:00:00.000,465,103,362
2019-03-25T18:00:00.000,258,47,211
2019-03-25T19:00:00.000,96,26,70
2019-03-25T20:00:00.000,30,14,16
2019-03-25T21:00:00.000,28,8,20
2019-03-25T22:00:00.000,11,6,5
2019-03-25T23:00:00.000,11,3,8
2019-03-26T00:00:00.000,2,0,2
2019-03-26T01:00:00.000,4,1,3
2019-03-26T02:00:00.000,2,1,1
2019-03-26T03:00:00.000,1,0,1
2019-03-26T04:00:00.000,8,5,3
2019-03-26T05:00:00.000,30,17,13
2019-03-26T06:00:00.000,114,60,54
2019-03-26T07:00:00.000,358,172,186
2019-03-26T08:00:00.000,532,258,274
2019-03-26T09:00:00.000,292,128,164
2019-03-26T10:00:00.000,102,51,51
2019-03-26T11:00:00.000,63,31,32
2019-03-26T12:00:00.000,86,39,47
2019-03-26T13:00:00.000,96,40,56
2019-03-26T14:00:00.000,105,47,58
2019-03-26T15:00:00.000,178,73,105
2019-03-26T16:00:00.000,353,108,245
2019-03-26T17:00:00.000,625,150,475
2019-03-26T18:00:00.000,427,118,309
2019-03-26T19:00:00.000,177,67,110
2019-03-26T20:00:00.000,84,29,55
2019-03-26T21:00:00.000,64,30,34
2019-03-26T22:00:00.000,18,7,11
2019-03-26T23:00:00.000,21,8,13
2019-03-27T00:00:00.000,9,3,6
2019-03-27T01:00:00.000,5,0,5
2019-03-27T02:00:00.000,1,0,1
2019-03-27T03:00:00.000,4,2,2
2019-03-27T04:00:00.000,10,4,6
2019-03-27T05:00:00.000,35,20,15
2019-03-27T06:00:00.000,139,70,69
2019-03-27T07:00:00.000,385,196,189
2019-03-27T08:00:00.000,552,282,270
2019-03-27T09:00:00.000,299,139,160
2019-03-27T10:00:00.000,116,55,61
2019-03-27T11:00:00.000,98,44,54
2019-03-27T12:00:00.000,95,48,47
2019-03-27T13:00:00.000,86,38,48
2019-03-27T14:00:00.000,95,25,70
2019-03-27T15:00:00.000,130,55,75
2019-03-27T16:00:00.000,301,76,225
2019-03-27T17:00:00.000,693,182,511
2019-03-27T18:00:00.000,375,96,279
2019-03-27T19:00:00.000,191,49,142
2019-03-27T20:00:00.000,71,30,41
2019-03-27T21:00:00.000,62,22,40
2019-03-27T22:00:00.000,23,8,15
2019-03-27T23:00:00.000,15,7,8
2019-03-28T00:00:00.000,4,2,2
2019-03-28T01:00:00.000,2,0,2
2019-03-28T02:00:00.000,2,1,1
2019-03-28T03:00:00.000,4,2,2
2019-03-28T04:00:00.000,6,3,3
2019-03-28T05:00:00.000,40,17,23
2019-03-28T06:00:00.000,129,64,65
2019-03-28T07:00:00.000,352,186,166
2019-03-28T08:00:00.000,539,252,287
2019-03-28T09:00:00.000,261,120,141
2019-03-28T10:00:00.000,115,49,66
2019-03-28T11:00:00.000,105,53,52
2019-03-28T12:00:00.000,94,41,53
2019-03-28T13:00:00.000,94,45,49
2019-03-28T14:00:00.000,124,58,66
2019-03-28T15:00:00.000,183,67,116
2019-03-28T16:00:00.000,358,97,261
2019-03-28T17:00:00.000,617,161,456
2019-03-28T18:00:00.000,372,115,257
2019-03-28T19:00:00.000,182,55,127
2019-03-28T20:00:00.000,92,28,64
2019-03-28T21:00:00.000,58,19,39
2019-03-28T22:00:00.000,33,12,21
2019-03-28T23:00:00.000,24,8,16
2019-03-29T00:00:00.000,11,5,6
2019-03-29T01:00:00.000,4,1,3
2019-03-29T02:00:00.000,3,1,2
2019-03-29T03:00:00.000,3,0,3
2019-03-29T04:00:00.000,10,2,8
2019-03-29T05:00:00.000,29,15,14
2019-03-29T06:00:00.000,96,52,44
2019-03-29T07:00:00.000,348,170,178
2019-03-29T08:00:00.000,485,257,228
2019-03-29T09:00:00.000,266,117,149
2019-03-29T10:00:00.000,126,67,59
2019-03-29T11:00:00.000,110,62,48
2019-03-29T12:00:00.000,121,51,70
2019-03-29T13:00:00.000,116,58,58
2019-03-29T14:00:00.000,124,53,71
2019-03-29T15:00:00.000,189,81,108
2019-03-29T16:00:00.000,339,85,254
2019-03-29T17:00:00.000,558,117,441
2019-03-29T18:00:00.000,292,89,203
2019-03-29T19:00:00.000,158,57,101
2019-03-29T20:00:00.000,87,37,50
2019-03-29T21:00:00.000,44,18,26
2019-03-29T22:00:00.000,31,14,17
2019-03-29T23:00:00.000,38,11,27
2019-03-30T00:00:00.000,20,6,14
2019-03-30T01:00:00.000,11,8,3
2019-03-30T02:00:00.000,7,4,3
2019-03-30T03:00:00.000,7,3,4
2019-03-30T04:00:00.000,8,2,6
2019-03-30T05:00:00.000,3,0,3
2019-03-30T06:00:00.000,25,10,15
2019-03-30T07:00:00.000,36,15,21
2019-03-30T08:00:00.000,76,31,45
2019-03-30T09:00:00.000,117,49,68
2019-03-30T10:00:00.000,143,73,70
2019-03-30T11:00:00.000,175,87,88
2019-03-30T12:00:00.000,226,121,105
2019-03-30T13:00:00.000,300,144,156
2019-03-30T14:00:00.000,245,127,118
2019-03-30T15:00:00.000,290,144,146
2019-03-30T16:00:00.000,253,128,125
2019-03-30T17:00:00.000,210,108,102
2019-03-30T18:00:00.000,145,71,74
2019-03-30T19:00:00.000,101,48,53
2019-03-30T20:00:00.000,48,23,25
2019-03-30T21:00:00.000,44,21,23
2019-03-30T22:00:00.000,28,14,14
2019-03-30T23:00:00.000,19,2,17
2019-03-31T00:00:00.000,16,7,9
2019-03-31T01:00:00.000,10,5,5
2019-03-31T02:00:00.000,6,2,4
2019-03-31T03:00:00.000,4,2,2
2019-03-31T04:00:00.000,5,1,4
2019-03-31T05:00:00.000,3,0,3
2019-03-31T06:00:00.000,15,5,10
2019-03-31T07:00:00.000,29,8,21
2019-03-31T08:00:00.000,67,35,32
2019-03-31T09:00:00.000,98,50,48
2019-03-31T10:00:00.000,149,72,77
2019-03-31T11:00:00.000,188,98,90
2019-03-31T12:00:00.000,241,115,126
2019-03-31T13:00:00.000,251,129,122
2019-03-31T14:00:00.000,238,110,128
2019-03-31T15:00:00.000,251,130,121
2019-03-31T16:00:00.000,211,106,105
2019-03-31T17:00:00.000,205,99,106
2019-03-31T18:00:00.000,162,73,89
2019-03-31T19:00:00.000,88,30,58
2019-03-31T20:00:00.000,57,26,31
2019-03-31T21:00:00.000,33,18,15
2019-03-31T22:00:00.000,21,7,14
2019-03-31T23:00:00.000,16,6,10
2019-04-01T00:00:00.000,8,5,3
2019-04-01T01:00:00.000,6,4,2
2019-04-01T02:00:00.000,4,3,1
2019-04-01T03:00:00.000,3,1,2
2019-04-01T04:00:00.000,11,4,7
2019-04-01T05:00:00.000,35,23,12
2019-04-01T06:00:00.000,143,67,76
2019-04-01T07:00:00.000,452,234,218
2019-04-01T08:00:00.000,645,312,333
2019-04-01T09:00:00.000,307,131,176
2019-04-01T10:00:00.000,121,46,75
2019-04-01T11:00:00.000,99,46,53
2019-04-01T12:00:00.000,98,37,61
2019-04-01T13:00:00.000,102,45,57
2019-04-01T14:00:00.000,99,45,54
2019-04-01T15:00:00.000,186,73,113
2019-04-01T16:00:00.000,380,91,289
2019-04-01T17:00:00.000,750,174,576
2019-04-01T18:00:00.000,497,140,357
2019-04-01T19:00:00.000,190,64,126
2019-04-01T20:00:00.000,93,38,55
2019-04-01T21:00:00.000,52,26,26
2019-04-01T22:00:00.000,34,15,19
2019-04-01T23:00:00.000,16,5,11
2019-04-02T00:00:00.000,7,6,1
2019-04-02T01:00:00.000,7,6,1
2019-04-02T02:00:00.000,4,3,1
2019-04-02T03:00:00.000,5,3,2
2019-04-02T04:00:00.000,15,7,8
2019-04-02T05:00:00.000,39,18,21
2019-04-02T06:00:00.000,146,80,66
2019-04-02T07:00:00.000,484,248,236
2019-04-02T08:00:00.000,666,310,356
2019-04-02T09:00:00.000,311,140,171
2019-04-02T10:00:00.000,150,66,84
2019-04-02T11:00:00.000,96,51,45
2019-04-02T12:00:00.000,96,42,54
2019-04-02T13:00:00.000,122,59,63
2019-04-02T14:00:00.000,103,49,54
2019-04-02T15:00:00.000,189,78,111
2019-04-02T16:00:00.000,405,98,307
2019-04-02T17:00:00.000,737,181,556
2019-04-02T18:00:00.000,494,111,383
2019-04-02T19:00:00.000,173,64,109
2019-04-02T20:00:00.000,98,29,69
2019-04-02T21:00:00.000,63,28,35
2019-04-02T22:00:00.000,37,11,26
2019-04-02T23:00:00.000,14,7,7
2019-04-03T00:00:00.000,11,5,6
2019-04-03T01:00:00.000,5,3,2
2019-04-03T02:00:00.000,3,2,1
2019-04-03T03:00:00.000,3,1,2
2019-04-03T04:00:00.000,14,9,5
2019-04-03T05:00:00.000,30,11,19
2019-04-03T06:00:00.000,119,65,54
2019-04-03T07:00:00.000,381,191,190
2019-04-03T08:00:00.000,490,219,271
2019-04-03T09:00:00.000,216,96,120
2019-04-03T10:00:00.000,81,35,46
2019-04-03T11:00:00.000,58,27,31
2019-04-03T12:00:00.000,53,25,28
2019-04-03T13:00:00.000,72,40,32
2019-04-03T14:00:00.000,70,21,49
2019-04-03T15:00:00.000,140,52,88
2019-04-03T16:00:00.000,258,61,197
2019-04-03T17:00:00.000,560,142,418
2019-04-03T18:00:00.000,322,66,256
2019-04-03T19:00:00.000,136,54,82
2019-04-03T20:00:00.000,75,32,43
2019-04-03T21:00:00.000,51,20,31
2019-04-03T22:00:00.000,21,9,12
2019-04-03T23:00:00.000,15,6,9
2019-04-04T00:00:00.000,5,3,2
2019-04-04T01:00:00.000,3,0,3
2019-04-04T02:00:00.000,2,1,1
2019-04-04T03:00:00.000,3,2,1
2019-04-04T04:00:00.000,8,5,3
2019-04-04T05:00:00.000,39,21,18
2019-04-04T06:00:00.000,129,74,55
2019-04-04T07:00:00.000,407,224,183
2019-04-04T08:00:00.000,614,275,339
2019-04-04T09:00:00.000,280,120,160
2019-04-04T10:00:00.000,131,54,77
2019-04-04T11:00:00.000,107,56,51
2019-04-04T12:00:00.000,114,54,60
2019-04-04T13:00:00.000,104,51,53
2019-04-04T14:00:00.000,109,51,58
2019-04-04T15:00:00.000,168,67,101
2019-04-04T16:00:00.000,378,117,261
2019-04-04T17:00:00.000,661,160,501
2019-04-04T18:00:00.000,449,123,326
2019-04-04T19:00:00.000,174,55,119
2019-04-04T20:00:00.000,71,15,56
2019-04-04T21:00:00.000,51,19,32
2019-04-04T22:00:00.000,28,14,14
2019-04-04T23:00:00.000,21,7,14
2019-04-05T00:00:00.000,3,2,1
2019-04-05T01:00:00.000,2,1,1
2019-04-05T02:00:00.000,1,0,1
2019-04-05T03:00:00.000,3,0,3
2019-04-05T04:00:00.000,6,4,2
2019-04-05T05:00:00.000,25,11,14
2019-04-05T06:00:00.000,72,31,41
2019-04-05T07:00:00.000,269,129,140
2019-04-05T08:00:00.000,366,168,198
2019-04-05T09:00:00.000,223,100,123
2019-04-05T10:00:00.000,82,29,53
2019-04-05T11:00:00.000,69,28,41
2019-04-05T12:00:00.000,37,16,21
2019-04-05T13:00:00.000,34,15,19
2019-04-05T14:00:00.000,34,13,21
2019-04-05T15:00:00.000,81,23,58
2019-04-05T16:00:00.000,229,47,182
2019-04-05T17:00:00.000,416,99,317
2019-04-05T18:00:00.000,227,60,167
2019-04-05T19:00:00.000,108,33,75
2019-04-05T20:00:00.000,41,17,24
2019-04-05T21:00:00.000,24,12,12
2019-04-05T22:00:00.000,21,11,10
2019-04-05T23:00:00.000,13,6,7
2019-04-06T00:00:00.000,9,6,3
2019-04-06T01:00:00.000,15,6,9
2019-04-06T02:00:00.000,5,3,2
2019-04-06T03:00:00.000,2,0,2
2019-04-06T04:00:00.000,4,1,3
2019-04-06T05:00:00.000,2,0,2
2019-04-06T06:00:00.000,10,5,5
2019-04-06T07:00:00.000,16,7,9
2019-04-06T08:00:00.000,33,13,20
2019-04-06T09:00:00.000,26,14,12
2019-04-06T10:00:00.000,37,13,24
2019-04-06T11:00:00.000,57,36,21
2019-04-06T12:00:00.000,76,35,41
2019-04-06T13:00:00.000,64,28,36
2019-04-06T14:00:00.000,53,27,26
2019-04-06T15:00:00.000,51,21,30
2019-04-06T16:00:00.000,63,23,40
2019-04-06T17:00:00.000,48,21,27
2019-04-06T18:00:00.000,43,22,21
2019-04-06T19:00:00.000,32,18,14
2019-04-06T20:00:00.000,22,12,10
2019-04-06T21:00:00.000,20,11,9
2019-04-06T22:00:00.000,13,4,9
2019-04-06T23:00:00.000,10,6,4
2019-04-07T00:00:00.000,5,3,2
2019-04-07T01:00:00.000,5,3,2
2019-04-07T02:00:00.000,1,0,1
2019-04-07T03:00:00.000,1,0,1
2019-04-07T04:00:00.000,7,1,6
2019-04-07T05:00:00.000,2,1,1
2019-04-07T06:00:00.000,10,6,4
2019-04-07T07:00:00.000,19,8,11
2019-04-07T08:00:00.000,58,19,39
2019-04-07T09:00:00.000,70,33,37
2019-04-07T10:00:00.000,57,24,33
2019-04-07T11:00:00.000,94,42,52
2019-04-07T12:00:00.000,114,53,61
2019-04-07T13:00:00.000,117,45,72
2019-04-07T14:00:00.000,116,59,57
2019-04-07T15:00:00.000,114,71,43
2019-04-07T16:00:00.000,154,80,74
2019-04-07T17:00:00.000,87,40,47
2019-04-07T18:00:00.000,74,26,48
2019-04-07T19:00:00.000,41,18,23
2019-04-07T20:00:00.000,24,13,11
2019-04-07T21:00:00.000,11,6,5
2019-04-07T22:00:00.000,10,5,5
2019-04-07T23:00:00.000,15,6,9
2019-04-08T00:00:00.000,3,2,1
2019-04-08T01:00:00.000,1,1,0
2019-04-08T02:00:00.000,0,0,0
2019-04-08T03:00:00.000,2,1,1
2019-04-08T04:00:00.000,9,4,5
2019-04-08T05:00:00.000,30,17,13
2019-04-08T06:00:00.000,95,54,41
2019-04-08T07:00:00.000,291,135,156
2019-04-08T08:00:00.000,422,203,219
2019-04-08T09:00:00.000,213,91,122
2019-04-08T10:00:00.000,72,28,44
2019-04-08T11:00:00.000,50,22,28
2019-04-08T12:00:00.000,45,19,26
2019-04-08T13:00:00.000,56,28,28
2019-04-08T14:00:00.000,65,35,30
2019-04-08T15:00:00.000,113,47,66
2019-04-08T16:00:00.000,247,63,184
2019-04-08T17:00:00.000,462,118,344
2019-04-08T18:00:00.000,261,60,201
2019-04-08T19:00:00.000,134,37,97
2019-04-08T20:00:00.000,57,18,39
2019-04-08T21:00:00.000,42,19,23
2019-04-08T22:00:00.000,18,10,8
2019-04-08T23:00:00.000,11,6,5
2019-04-09T00:00:00.000,5,3,2
2019-04-09T01:00:00.000,3,1,2
2019-04-09T02:00:00.000,3,1,2
2019-04-09T03:00:00.000,1,0,1
2019-04-09T04:00:00.000,11,4,7
2019-04-09T05:00:00.000,24,14,10
2019-04-09T06:00:00.000,108,58,50
2019-04-09T07:00:00.000,351,164,187
2019-04-09T08:00:00.000,461,220,241
2019-04-09T09:00:00.000,277,136,141
2019-04-09T10:00:00.000,92,31,61
2019-04-09T11:00:00.000,64,27,37
2019-04-09T12:00:00.000,65,28,37
2019-04-09T13:00:00.000,69,25,44
2019-04-09T14:00:00.000,64,31,33
2019-04-09T15:00:00.000,172,60,112
2019-04-09T16:00:00.000,290,71,219
2019-04-09T17:00:00.000,560,167,393
2019-04-09T18:00:00.000,368,76,292
2019-04-09T19:00:00.000,191,69,122
2019-04-09T20:00:00.000,73,26,47
2019-04-09T21:00:00.000,51,20,31
2019-04-09T22:00:00.000,30,14,16
2019-04-09T23:00:00.000,14,6,8
2019-04-10T00:00:00.000,6,5,1
2019-04-10T01:00:00.000,2,1,1
2019-04-10T02:00:00.000,2,2,0
2019-04-10T03:00:00.000,5,2,3
2019-04-10T04:00:00.000,9,3,6
2019-04-10T05:00:00.000,29,12,17
2019-04-10T06:00:00.000,98,51,47
2019-04-10T07:00:00.000,301,155,146
2019-04-10T08:00:00.000,422,202,220
2019-04-10T09:00:00.000,255,101,154
2019-04-10T10:00:00.000,85,38,47
2019-04-10T11:00:00.000,50,16,34
2019-04-10T12:00:00.000,63,36,27
2019-04-10T13:00:00.000,64,35,29
2019-04-10T14:00:00.000,42,16,26
2019-04-10T15:00:00.000,102,36,66
2019-04-10T16:00:00.000,230,46,184
2019-04-10T17:00:00.000,461,117,344
2019-04-10T18:00:00.000,288,72,216
2019-04-10T19:00:00.000,105,38,67
2019-04-10T20:00:00.000,61,26,35
2019-04-10T21:00:00.000,30,9,21
2019-04-10T22:00:00.000,24,11,13
2019-04-10T23:00:00.000,5,2,3
2019-04-11T00:00:00.000,4,2,2
2019-04-11T01:00:00.000,3,2,1
2019-04-11T02:00:00.000,1,0,1
2019-04-11T03:00:00.000,1,0,1
2019-04-11T04:00:00.000,10,7,3
2019-04-11T05:00:00.000,22,11,11
2019-04-11T06:00:00.000,70,39,31
2019-04-11T07:00:00.000,220,108,112
2019-04-11T08:00:00.000,335,154,181
2019-04-11T09:00:00.000,193,86,107
2019-04-11T10:00:00.000,71,35,36
2019-04-11T11:00:00.000,48,17,31
2019-04-11T12:00:00.000,51,28,23
2019-04-11T13:00:00.000,42,21,21
2019-04-11T14:00:00.000,43,21,22
2019-04-11T15:00:00.000,99,40,59
2019-04-11T16:00:00.000,200,53,147
2019-04-11T17:00:00.000,366,91,275
2019-04-11T18:00:00.000,273,76,197
2019-04-11T19:00:00.000,115,46,69
2019-04-11T20:00:00.000,64,19,45
2019-04-11T21:00:00.000,31,9,22
2019-04-11T22:00:00.000,25,9,16
2019-04-11T23:00:00.000,30,23,7
2019-04-12T00:00:00.000,3,2,1
2019-04-12T01:00:00.000,1,0,1
2019-04-12T02:00:00.000,2,0,2
2019-04-12T03:00:00.000,1,0,1
2019-04-12T04:00:00.000,9,5,4
2019-04-12T05:00:00.000,17,8,9
2019-04-12T06:00:00.000,77,45,32
2019-04-12T07:00:00.000,256,129,127
2019-04-12T08:00:00.000,340,160,180
2019-04-12T09:00:00.000,221,104,117
2019-04-12T10:00:00.000,97,55,42
2019-04-12T11:00:00.000,82,37,45
2019-04-12T12:00:00.000,69,37,32
2019-04-12T13:00:00.000,87,36,51
2019-04-12T14:00:00.000,117,49,68
2019-04-12T15:00:00.000,193,69,124
2019-04-12T16:00:00.000,309,117,192
2019-04-12T17:00:00.000,470,138,332
2019-04-12T18:00:00.000,295,86,209
2019-04-12T19:00:00.000,124,54,70
2019-04-12T20:00:00.000,74,27,47
2019-04-12T21:00:00.000,44,14,30
2019-04-12T22:00:00.000,22,11,11
2019-04-12T23:00:00.000,31,10,21
2019-04-13T00:00:00.000,17,10,7
2019-04-13T01:00:00.000,12,4,8
2019-04-13T02:00:00.000,9,3,6
2019-04-13T03:00:00.000,3,1,2
2019-04-13T04:00:00.000,4,2,2
2019-04-13T05:00:00.000,5,1,4
2019-04-13T06:00:00.000,8,4,4
2019-04-13T07:00:00.000,22,11,11
2019-04-13T08:00:00.000,23,9,14
2019-04-13T09:00:00.000,31,16,15
2019-04-13T10:00:00.000,45,22,23
2019-04-13T11:00:00.000,53,29,24
2019-04-13T12:00:00.000,58,31,27
2019-04-13T13:00:00.000,40,20,20
2019-04-13T14:00:00.000,79,35,44
2019-04-13T15:00:00.000,80,32,48
2019-04-13T16:00:00.000,41,16,25
2019-04-13T17:00:00.000,72,33,39
2019-04-13T18:00:00.000,67,32,35
2019-04-13T19:00:00.000,51,17,34
2019-04-13T20:00:00.000,18,11,7
2019-04-13T21:00:00.000,25,6,19
2019-04-13T22:00:00.000,21,11,10
2019-04-13T23:00:00.000,13,5,8
2019-04-14T00:00:00.000,11,6,5
2019-04-14T01:00:00.000,8,5,3
2019-04-14T02:00:00.000,5,4,1
2019-04-14T03:00:00.000,2,1,1
2019-04-14T04:00:00.000,2,0,2
2019-04-14T05:00:00.000,3,2,1
2019-04-14T06:00:00.000,11,2,9
2019-04-14T07:00:00.000,17,9,8
2019-04-14T08:00:00.000,42,10,32
2019-04-14T09:00:00.000,59,24,35
2019-04-14T10:00:00.000,87,45,42
2019-04-14T11:00:00.000,105,56,49
2019-04-14T12:00:00.000,99,47,52
2019-04-14T13:00:00.000,120,66,54
2019-04-14T14:00:00.000,95,46,49
2019-04-14T15:00:00.000,87,46,41
2019-04-14T16:00:00.000,62,25,37
2019-04-14T17:00:00.000,60,30,30
2019-04-14T18:00:00.000,36,16,20
2019-04-14T19:00:00.000,29,14,15
2019-04-14T20:00:00.000,10,5,5
2019-04-14T21:00:00.000,16,7,9
2019-04-14T22:00:00.000,12,8,4
2019-04-14T23:00:00.000,7,1,6
2019-04-15T00:00:00.000,2,2,0
2019-04-15T01:00:00.000,0,0,0
2019-04-15T02:00:00.000,1,1,0
2019-04-15T03:00:00.000,4,2,2
2019-04-15T04:00:00.000,8,5,3
2019-04-15T05:00:00.000,34,21,13
2019-04-15T06:00:00.000,130,72,58
2019-04-15T07:00:00.000,371,188,183
2019-04-15T08:00:00.000,576,283,293
2019-04-15T09:00:00.000,286,127,159
2019-04-15T10:00:00.000,105,58,47
2019-04-15T11:00:00.000,87,36,51
2019-04-15T12:00:00.000,96,47,49
2019-04-15T13:00:00.000,88,40,48
2019-04-15T14:00:00.000,91,37,54
2019-04-15T15:00:00.000,152,57,95
2019-04-15T16:00:00.000,333,94,239
2019-04-15T17:00:00.000,685,150,535
2019-04-15T18:00:00.000,403,119,284
2019-04-15T19:00:00.000,165,47,118
2019-04-15T20:00:00.000,68,28,40
2019-04-15T21:00:00.000,38,20,18
2019-04-15T22:00:00.000,21,8,13
2019-04-15T23:00:00.000,18,8,10
2019-04-16T00:00:00.000,4,0,4
2019-04-16T01:00:00.000,2,1,1
2019-04-16T02:00:00.000,3,3,0
2019-04-16T03:00:00.000,4,1,3
2019-04-16T04:00:00.000,9,3,6
2019-04-16T05:00:00.000,35,19,16
2019-04-16T06:00:00.000,164,87,77
2019-04-16T07:00:00.000,402,206,196
2019-04-16T08:00:00.000,574,279,295
2019-04-16T09:00:00.000,303,134,169
2019-04-16T10:00:00.000,120,62,58
2019-04-16T11:00:00.000,68,26,42
2019-04-16T12:00:00.000,71,40,31
2019-04-16T13:00:00.000,82,35,47
2019-04-16T14:00:00.000,81,27,54
2019-04-16T15:00:00.000,164,65,99
2019-04-16T16:00:00.000,325,86,239
2019-04-16T17:00:00.000,616,143,473
2019-04-16T18:00:00.000,348,95,253
2019-04-16T19:00:00.000,105,29,76
2019-04-16T20:00:00.000,64,19,45
2019-04-16T21:00:00.000,33,10,23
2019-04-16T22:00:00.000,10,5,5
2019-04-16T23:00:00.000,12,3,9
2019-04-17T00:00:00.000,5,2,3
2019-04-17T01:00:00.000,5,2,3
2019-04-17T02:00:00.000,2,1,1
2019-04-17T03:00:00.000,3,0,3
2019-04-17T04:00:00.000,12,5,7
2019-04-17T05:00:00.000,32,14,18
2019-04-17T06:00:00.000,124,66,58
2019-04-17T07:00:00.000,396,183,213
2019-04-17T08:00:00.000,533,241,292
2019-04-17T09:00:00.000,274,130,144
2019-04-17T10:00:00.000,89,42,47
2019-04-17T11:00:00.000,58,24,34
2019-04-17T12:00:00.000,82,40,42
2019-04-17T13:00:00.000,77,36,41
2019-04-17T14:00:00.000,95,40,55
2019-04-17T15:00:00.000,118,53,65
2019-04-17T16:00:00.000,355,90,265
2019-04-17T17:00:00.000,598,147,451
2019-04-17T18:00:00.000,437,138,299
2019-04-17T19:00:00.000,184,61,123
2019-04-17T20:00:00.000,96,30,66
2019-04-17T21:00:00.000,59,26,33
2019-04-17T22:00:00.000,39,20,19
2019-04-17T23:00:00.000,15,4,11
2019-04-18T00:00:00.000,6,3,3
2019-04-18T01:00:00.000,2,1,1
2019-04-18T02:00:00.000,3,2,1
2019-04-18T03:00:00.000,4,1,3
2019-04-18T04:00:00.000,7,3,4
2019-04-18T05:00:00.000,36,22,14
2019-04-18T06:00:00.000,105,60,45
2019-04-18T07:00:00.000,252,118,134
2019-04-18T08:00:00.000,397,180,217
2019-04-18T09:00:00.000,189,90,99
2019-04-18T10:00:00.000,87,37,50
2019-04-18T11:00:00.000,64,32,32
2019-04-18T12:00:00.000,57,26,31
2019-04-18T13:00:00.000,75,39,36
2019-04-18T14:00:00.000,79,27,52
2019-04-18T15:00:00.000,131,60,71
2019-04-18T16:00:00.000,234,66,168
2019-04-18T17:00:00.000,440,101,339
2019-04-18T18:00:00.000,260,66,194
2019-04-18T19:00:00.000,106,32,74
2019-04-18T20:00:00.000,56,21,35
2019-04-18T21:00:00.000,42,13,29
2019-04-18T22:00:00.000,21,13,8
2019-04-18T23:00:00.000,14,6,8
2019-04-19T00:00:00.000,7,4,3
2019-04-19T01:00:00.000,4,1,3
2019-04-19T02:00:00.000,4,1,3
2019-04-19T03:00:00.000,1,0,1
2019-04-19T04:00:00.000,4,2,2
2019-04-19T05:00:00.000,29,18,11
2019-04-19T06:00:00.000,88,40,48
2019-04-19T07:00:00.000,236,115,121
2019-04-19T08:00:00.000,341,158,183
2019-04-19T09:00:00.000,182,76,106
2019-04-19T10:00:00.000,89,38,51
2019-04-19T11:00:00.000,76,35,41
2019-04-19T12:00:00.000,50,24,26
2019-04-19T13:00:00.000,60,21,39
2019-04-19T14:00:00.000,78,28,50
2019-04-19T15:00:00.000,103,40,63
2019-04-19T16:00:00.000,221,43,178
2019-04-19T17:00:00.000,310,57,253
2019-04-19T18:00:00.000,178,57,121
2019-04-19T19:00:00.000,65,13,52
2019-04-19T20:00:00.000,40,5,35
2019-04-19T21:00:00.000,20,5,15
2019-04-19T22:00:00.000,18,4,14
2019-04-19T23:00:00.000,17,5,12
2019-04-20T00:00:00.000,16,9,7
2019-04-20T01:00:00.000,17,6,11
2019-04-20T02:00:00.000,4,2,2
2019-04-20T03:00:00.000,5,1,4
2019-04-20T04:00:00.000,4,2,2
2019-04-20T05:00:00.000,3,2,1
2019-04-20T06:00:00.000,21,10,11
2019-04-20T07:00:00.000,58,21,37
2019-04-20T08:00:00.000,85,36,49
2019-04-20T09:00:00.000,81,64,17
2019-04-20T10:00:00.000,147,67,80
2019-04-20T11:00:00.000,125,49,76
2019-04-20T12:00:00.000,150,63,87
2019-04-20T13:00:00.000,190,82,108
2019-04-20T14:00:00.000,203,92,111
2019-04-20T15:00:00.000,215,82,133
2019-04-20T16:00:00.000,206,111,95
2019-04-20T17:00:00.000,144,72,72
2019-04-20T18:00:00.000,128,59,69
2019-04-20T19:00:00.000,100,51,49
2019-04-20T20:00:00.000,44,22,22
2019-04-20T21:00:00.000,43,17,26
2019-04-20T22:00:00.000,22,12,10
2019-04-20T23:00:00.000,25,11,14
2019-04-21T00:00:00.000,18,7,11
2019-04-21T01:00:00.000,8,1,7
2019-04-21T02:00:00.000,6,2,4
2019-04-21T03:00:00.000,7,3,4
2019-04-21T04:00:00.000,2,0,2
2019-04-21T05:00:00.000,2,0,2
2019-04-21T06:00:00.000,14,8,6
2019-04-21T07:00:00.000,26,9,17
2019-04-21T08:00:00.000,40,17,23
2019-04-21T09:00:00.000,77,26,51
2019-04-21T10:00:00.000,100,51,49
2019-04-21T11:00:00.000,109,44,65
2019-04-21T12:00:00.000,173,81,92
2019-04-21T13:00:00.000,150,71,79
2019-04-21T14:00:00.000,153,62,91
2019-04-21T15:00:00.000,168,84,84
2019-04-21T16:00:00.000,146,69,77
2019-04-21T17:00:00.000,126,61,65
2019-04-21T18:00:00.000,114,47,67
2019-04-21T19:00:00.000,53,26,27
2019-04-21T20:00:00.000,31,13,18
2019-04-21T21:00:00.000,12,3,9
2019-04-21T22:00:00.000,12,8,4
2019-04-21T23:00:00.000,13,5,8
2019-04-22T00:00:00.000,7,5,2
2019-04-22T01:00:00.000,2,0,2
2019-04-22T02:00:00.000,2,0,2
2019-04-22T03:00:00.000,2,1,1
2019-04-22T04:00:00.000,5,2,3
2019-04-22T05:00:00.000,32,21,11
2019-04-22T06:00:00.000,137,74,63
2019-04-22T07:00:00.000,321,157,164
2019-04-22T08:00:00.000,469,220,249
2019-04-22T09:00:00.000,249,107,142
2019-04-22T10:00:00.000,91,52,39
2019-04-22T11:00:00.000,62,29,33
2019-04-22T12:00:00.000,67,26,41
2019-04-22T13:00:00.000,66,30,36
2019-04-22T14:00:00.000,74,28,46
2019-04-22T15:00:00.000,119,41,78
2019-04-22T16:00:00.000,253,58,195
2019-04-22T17:00:00.000,467,106,361
2019-04-22T18:00:00.000,302,61,241
2019-04-22T19:00:00.000,126,36,90
2019-04-22T20:00:00.000,47,18,29
2019-04-22T21:00:00.000,38,16,22
2019-04-22T22:00:00.000,25,12,13
2019-04-22T23:00:00.000,12,5,7
2019-04-23T00:00:00.000,2,1,1
2019-04-23T01:00:00.000,8,3,5
2019-04-23T02:00:00.000,2,0,2
2019-04-23T03:00:00.000,6,2,4
2019-04-23T04:00:00.000,9,4,5
2019-04-23T05:00:00.000,34,23,11
2019-04-23T06:00:00.000,144,77,67
2019-04-23T07:00:00.000,420,209,211
2019-04-23T08:00:00.000,573,277,296
2019-04-23T09:00:00.000,258,117,141
2019-04-23T10:00:00.000,95,43,52
2019-04-23T11:00:00.000,86,37,49
2019-04-23T12:00:00.000,68,26,42
2019-04-23T13:00:00.000,77,31,46
2019-04-23T14:00:00.000,78,29,49
2019-04-23T15:00:00.000,165,66,99
2019-04-23T16:00:00.000,355,94,261
2019-04-23T17:00:00.000,616,128,488
2019-04-23T18:00:00.000,436,113,323
2019-04-23T19:00:00.000,198,60,138
2019-04-23T20:00:00.000,95,32,63
2019-04-23T21:00:00.000,46,18,28
2019-04-23T22:00:00.000,26,8,18
2019-04-23T23:00:00.000,15,4,11
2019-04-24T00:00:00.000,9,4,5
2019-04-24T01:00:00.000,0,0,0
2019-04-24T02:00:00.000,1,1,0
2019-04-24T03:00:00.000,4,2,2
2019-04-24T04:00:00.000,14,10,4
2019-04-24T05:00:00.000,45,29,16
2019-04-24T06:00:00.000,170,83,87
2019-04-24T07:00:00.000,470,237,233
2019-04-24T08:00:00.000,576,260,316
2019-04-24T09:00:00.000,315,148,167
2019-04-24T10:00:00.000,130,58,72
2019-04-24T11:00:00.000,94,53,41
2019-04-24T12:00:00.000,111,62,49
2019-04-24T13:00:00.000,110,47,63
2019-04-24T14:00:00.000,121,46,75
2019-04-24T15:00:00.000,182,80,102
2019-04-24T16:00:00.000,387,114,273
2019-04-24T17:00:00.000,710,171,539
2019-04-24T18:00:00.000,456,148,308
2019-04-24T19:00:00.000,262,94,168
2019-04-24T20:00:00.000,113,33,80
2019-04-24T21:00:00.000,68,30,38
2019-04-24T22:00:00.000,58,18,40
2019-04-24T23:00:00.000,25,13,12
2019-04-25T00:00:00.000,12,5,7
2019-04-25T01:00:00.000,4,1,3
2019-04-25T02:00:00.000,5,1,4
2019-04-25T03:00:00.000,4,4,0
2019-04-25T04:00:00.000,12,8,4
2019-04-25T05:00:00.000,34,25,9
2019-04-25T06:00:00.000,143,82,61
2019-04-25T07:00:00.000,438,215,223
2019-04-25T08:00:00.000,594,270,324
2019-04-25T09:00:00.000,294,136,158
2019-04-25T10:00:00.000,114,51,63
2019-04-25T11:00:00.000,91,41,50
2019-04-25T12:00:00.000,87,35,52
2019-04-25T13:00:00.000,111,53,58
2019-04-25T14:00:00.000,105,38,67
2019-04-25T15:00:00.000,196,71,125
2019-04-25T16:00:00.000,325,93,232
2019-04-25T17:00:00.000,633,148,485
2019-04-25T18:00:00.000,381,105,276
2019-04-25T19:00:00.000,163,53,110
2019-04-25T20:00:00.000,99,27,72
2019-04-25T21:00:00.000,63,26,37
2019-04-25T22:00:00.000,38,15,23
2019-04-25T23:00:00.000,24,7,17
2019-04-26T00:00:00.000,9,2,7
2019-04-26T01:00:00.000,7,0,7
2019-04-26T02:00:00.000,1,0,1
2019-04-26T03:00:00.000,5,1,4
2019-04-26T04:00:00.000,12,8,4
2019-04-26T05:00:00.000,34,22,12
2019-04-26T06:00:00.000,131,63,68
2019-04-26T07:00:00.000,356,182,174
2019-04-26T08:00:00.000,505,225,280
2019-04-26T09:00:00.000,291,131,160
2019-04-26T10:00:00.000,116,52,64
2019-04-26T11:00:00.000,105,52,53
2019-04-26T12:00:00.000,117,41,76
2019-04-26T13:00:00.000,112,52,60
2019-04-26T14:00:00.000,125,49,76
2019-04-26T15:00:00.000,214,88,126
2019-04-26T16:00:00.000,427,128,299
2019-04-26T17:00:00.000,594,151,443
2019-04-26T18:00:00.000,328,94,234
2019-04-26T19:00:00.000,149,56,93
2019-04-26T20:00:00.000,75,22,53
2019-04-26T21:00:00.000,46,14,32
2019-04-26T22:00:00.000,51,20,31
2019-04-26T23:00:00.000,29,12,17
2019-04-27T00:00:00.000,26,6,20
2019-04-27T01:00:00.000,6,4,2
2019-04-27T02:00:00.000,3,1,2
2019-04-27T03:00:00.000,4,4,0
2019-04-27T04:00:00.000,1,0,1
2019-04-27T05:00:00.000,12,8,4
2019-04-27T06:00:00.000,18,9,9
2019-04-27T07:00:00.000,43,23,20
2019-04-27T08:00:00.000,91,36,55
2019-04-27T09:00:00.000,93,45,48
2019-04-27T10:00:00.000,113,58,55
2019-04-27T11:00:00.000,144,62,82
2019-04-27T12:00:00.000,140,45,95
2019-04-27T13:00:00.000,112,56,56
2019-04-27T14:00:00.000,130,69,61
2019-04-27T15:00:00.000,112,56,56
2019-04-27T16:00:00.000,95,42,53
2019-04-27T17:00:00.000,76,34,42
2019-04-27T18:00:00.000,88,39,49
2019-04-27T19:00:00.000,86,36,50
2019-04-27T20:00:00.000,46,19,27
2019-04-27T21:00:00.000,25,13,12
2019-04-27T22:00:00.000,31,11,20
2019-04-27T23:00:00.000,24,10,14
2019-04-28T00:00:00.000,7,2,5
2019-04-28T01:00:00.000,4,0,4
2019-04-28T02:00:00.000,3,2,1
2019-04-28T03:00:00.000,1,0,1
2019-04-28T04:00:00.000,7,0,7
2019-04-28T05:00:00.000,9,5,4
2019-04-28T06:00:00.000,17,10,7
2019-04-28T07:00:00.000,37,17,20
2019-04-28T08:00:00.000,66,33,33
2019-04-28T09:00:00.000,93,43,50
2019-04-28T10:00:00.000,133,71,62
2019-04-28T11:00:00.000,192,103,89
2019-04-28T12:00:00.000,230,100,130
2019-04-28T13:00:00.000,230,91,139
2019-04-28T14:00:00.000,250,128,122
2019-04-28T15:00:00.000,258,138,120
2019-04-28T16:00:00.000,210,107,103
2019-04-28T17:00:00.000,191,85,106
2019-04-28T18:00:00.000,142,75,67
2019-04-28T19:00:00.000,65,25,40
2019-04-28T20:00:00.000,43,16,27
2019-04-28T21:00:00.000,35,20,15
2019-04-28T22:00:00.000,16,7,9
2019-04-28T23:00:00.000,10,3,7
2019-04-29T00:00:00.000,3,1,2
2019-04-29T01:00:00.000,1,0,1
2019-04-29T02:00:00.000,2,2,0
2019-04-29T03:00:00.000,4,1,3
2019-04-29T04:00:00.000,10,7,3
2019-04-29T05:00:00.000,47,27,20
2019-04-29T06:00:00.000,159,80,79
2019-04-29T07:00:00.000,441,219,222
2019-04-29T08:00:00.000,709,325,384
2019-04-29T09:00:00.000,327,145,182
2019-04-29T10:00:00.000,131,60,71
2019-04-29T11:00:00.000,94,37,57
2019-04-29T12:00:00.000,82,27,55
2019-04-29T13:00:00.000,95,49,46
2019-04-29T14:00:00.000,141,58,83
2019-04-29T15:00:00.000,189,63,126
2019-04-29T16:00:00.000,392,99,293
2019-04-29T17:00:00.000,801,179,622
2019-04-29T18:00:00.000,482,133,349
2019-04-29T19:00:00.000,229,71,158
2019-04-29T20:00:00.000,86,32,54
2019-04-29T21:00:00.000,48,22,26
2019-04-29T22:00:00.000,22,12,10
2019-04-29T23:00:00.000,21,9,12
2019-04-30T00:00:00.000,6,2,4
2019-04-30T01:00:00.000,4,2,2
2019-04-30T02:00:00.000,1,1,0
2019-04-30T03:00:00.000,3,1,2
2019-04-30T04:00:00.000,10,7,3
2019-04-30T05:00:00.000,52,31,21
2019-04-30T06:00:00.000,178,96,82
2019-04-30T07:00:00.000,488,234,254
2019-04-30T08:00:00.000,717,318,399
2019-04-30T09:00:00.000,343,148,195
2019-04-30T10:00:00.000,138,64,74
2019-04-30T11:00:00.000,102,49,53
2019-04-30T12:00:00.000,99,52,47
2019-04-30T13:00:00.000,117,39,78
2019-04-30T14:00:00.000,147,59,88
2019-04-30T15:00:00.000,181,68,113
2019-04-30T16:00:00.000,459,113,346
2019-04-30T17:00:00.000,801,214,587
2019-04-30T18:00:00.000,513,142,371
2019-04-30T19:00:00.000,281,106,175
2019-04-30T20:00:00.000,149,58,91
2019-04-30T21:00:00.000,71,17,54
2019-04-30T22:00:00.000,44,15,29
2019-04-30T23:00:00.000,24,8,16
2019-05-01T00:00:00.000,4,2,2
2019-05-01T01:00:00.000,2,2,0
2019-05-01T02:00:00.000,4,0,4
2019-05-01T03:00:00.000,2,0,2
2019-05-01T04:00:00.000,14,9,5
2019-05-01T05:00:00.000,50,25,25
2019-05-01T06:00:00.000,192,95,97
2019-05-01T07:00:00.000,540,277,263
2019-05-01T08:00:00.000,719,329,390
2019-05-01T09:00:00.000,359,165,194
2019-05-01T10:00:00.000,149,75,74
2019-05-01T11:00:00.000,102,46,56
2019-05-01T12:00:00.000,121,47,74
2019-05-01T13:00:00.000,122,56,66
2019-05-01T14:00:00.000,154,50,104
2019-05-01T15:00:00.000,225,97,128
2019-05-01T16:00:00.000,496,134,362
2019-05-01T17:00:00.000,812,199,613
2019-05-01T18:00:00.000,454,119,335
2019-05-01T19:00:00.000,259,90,169
2019-05-01T20:00:00.000,122,49,73
2019-05-01T21:00:00.000,85,42,43
2019-05-01T22:00:00.000,52,15,37
2019-05-01T23:00:00.000,22,5,17
2019-05-02T00:00:00.000,7,2,5
2019-05-02T01:00:00.000,1,0,1
2019-05-02T02:00:00.000,3,1,2
2019-05-02T03:00:00.000,6,4,2
2019-05-02T04:00:00.000,7,5,2
2019-05-02T05:00:00.000,54,34,20
2019-05-02T06:00:00.000,164,82,82
2019-05-02T07:00:00.000,456,222,234
2019-05-02T08:00:00.000,635,303,332
2019-05-02T09:00:00.000,306,124,182
2019-05-02T10:00:00.000,119,45,74
2019-05-02T11:00:00.000,114,53,61
2019-05-02T12:00:00.000,88,42,46
2019-05-02T13:00:00.000,113,51,62
2019-05-02T14:00:00.000,106,47,59
2019-05-02T15:00:00.000,205,83,122
2019-05-02T16:00:00.000,374,114,260
2019-05-02T17:00:00.000,741,169,572
2019-05-02T18:00:00.000,423,104,319
2019-05-02T19:00:00.000,211,82,129
2019-05-02T20:00:00.000,117,40,77
2019-05-02T21:00:00.000,62,24,38
2019-05-02T22:00:00.000,30,14,16
2019-05-02T23:00:00.000,20,8,12
2019-05-03T00:00:00.000,17,3,14
2019-05-03T01:00:00.000,8,4,4
2019-05-03T02:00:00.000,4,1,3
2019-05-03T03:00:00.000,2,1,1
2019-05-03T04:00:00.000,7,5,2
2019-05-03T05:00:00.000,37,17,20
2019-05-03T06:00:00.000,155,78,77
2019-05-03T07:00:00.000,383,183,200
2019-05-03T08:00:00.000,536,263,273
2019-05-03T09:00:00.000,279,136,143
2019-05-03T10:00:00.000,106,43,63
2019-05-03T11:00:00.000,116,71,45
2019-05-03T12:00:00.000,108,43,65
2019-05-03T13:00:00.000,115,58,57
2019-05-03T14:00:00.000,129,39,90
2019-05-03T15:00:00.000,225,74,151
2019-05-03T16:00:00.000,470,125,345
2019-05-03T17:00:00.000,601,173,428
2019-05-03T18:00:00.000,367,113,254
2019-05-03T19:00:00.000,201,84,117
2019-05-03T20:00:00.000,104,45,59
2019-05-03T21:00:00.000,56,29,27
2019-05-03T22:00:00.000,46,23,23
2019-05-03T23:00:00.000,38,15,23
2019-05-04T00:00:00.000,19,5,14
2019-05-04T01:00:00.000,13,10,3
2019-05-04T02:00:00.000,5,3,2
2019-05-04T03:00:00.000,4,2,2
2019-05-04T04:00:00.000,5,1,4
2019-05-04T05:00:00.000,7,5,2
2019-05-04T06:00:00.000,26,9,17
2019-05-04T07:00:00.000,61,29,32
2019-05-04T08:00:00.000,107,41,66
2019-05-04T09:00:00.000,142,66,76
2019-05-04T10:00:00.000,191,94,97
2019-05-04T11:00:00.000,184,82,102
2019-05-04T12:00:00.000,291,128,163
2019-05-04T13:00:00.000,269,134,135
2019-05-04T14:00:00.000,229,109,120
2019-05-04T15:00:00.000,243,122,121
2019-05-04T16:00:00.000,221,112,109
2019-05-04T17:00:00.000,201,100,101
2019-05-04T18:00:00.000,154,68,86
2019-05-04T19:00:00.000,115,53,62
2019-05-04T20:00:00.000,83,45,38
2019-05-04T21:00:00.000,47,25,22
2019-05-04T22:00:00.000,28,8,20
2019-05-04T23:00:00.000,27,13,14
2019-05-05T00:00:00.000,22,6,16
2019-05-05T01:00:00.000,9,4,5
2019-05-05T02:00:00.000,8,1,7
2019-05-05T03:00:00.000,7,1,6
2019-05-05T04:00:00.000,4,0,4
2019-05-05T05:00:00.000,7,3,4
2019-05-05T06:00:00.000,18,7,11
2019-05-05T07:00:00.000,47,19,28
2019-05-05T08:00:00.000,96,50,46
2019-05-05T09:00:00.000,115,61,54
2019-05-05T10:00:00.000,152,80,72
2019-05-05T11:00:00.000,205,94,111
2019-05-05T12:00:00.000,253,118,135
2019-05-05T13:00:00.000,269,118,151
2019-05-05T14:00:00.000,313,144,169
2019-05-05T15:00:00.000,286,125,161
2019-05-05T16:00:00.000,260,126,134
2019-05-05T17:00:00.000,148,77,71
2019-05-05T18:00:00.000,145,69,76
2019-05-05T19:00:00.000,83,48,35
2019-05-05T20:00:00.000,60,36,24
2019-05-05T21:00:00.000,28,13,15
2019-05-05T22:00:00.000,12,7,5
2019-05-05T23:00:00.000,18,5,13
2019-05-06T00:00:00.000,10,1,9
2019-05-06T01:00:00.000,2,0,2
2019-05-06T02:00:00.000,0,0,0
2019-05-06T03:00:00.000,1,0,1
2019-05-06T04:00:00.000,10,5,5
2019-05-06T05:00:00.000,56,30,26
2019-05-06T06:00:00.000,206,102,104
2019-05-06T07:00:00.000,519,260,259
2019-05-06T08:00:00.000,769,347,422
2019-05-06T09:00:00.000,351,158,193
2019-05-06T10:00:00.000,151,64,87
2019-05-06T11:00:00.000,81,33,48
2019-05-06T12:00:00.000,114,39,75
2019-05-06T13:00:00.000,131,60,71
2019-05-06T14:00:00.000,145,70,75
2019-05-06T15:00:00.000,211,84,127
2019-05-06T16:00:00.000,478,112,366
2019-05-06T17:00:00.000,874,214,660
2019-05-06T18:00:00.000,554,142,412
2019-05-06T19:00:00.000,295,90,205
2019-05-06T20:00:00.000,138,51,87
2019-05-06T21:00:00.000,72,31,41
2019-05-06T22:00:00.000,50,26,24
2019-05-06T23:00:00.000,28,12,16
2019-05-07T00:00:00.000,3,1,2
2019-05-07T01:00:00.000,3,1,2
2019-05-07T02:00:00.000,3,2,1
2019-05-07T03:00:00.000,1,1,0
2019-05-07T04:00:00.000,11,7,4
2019-05-07T05:00:00.000,57,33,24
2019-05-07T06:00:00.000,270,168,102
2019-05-07T07:00:00.000,619,310,309
2019-05-07T08:00:00.000,757,357,400
2019-05-07T09:00:00.000,391,159,232
2019-05-07T10:00:00.000,159,79,80
2019-05-07T11:00:00.000,108,41,67
2019-05-07T12:00:00.000,136,55,81
2019-05-07T13:00:00.000,132,47,85
2019-05-07T14:00:00.000,134,57,77
2019-05-07T15:00:00.000,197,93,104
2019-05-07T16:00:00.000,508,133,375
2019-05-07T17:00:00.000,916,211,705
2019-05-07T18:00:00.000,601,176,425
2019-05-07T19:00:00.000,293,105,188
2019-05-07T20:00:00.000,178,71,107
2019-05-07T21:00:00.000,94,40,54
2019-05-07T22:00:00.000,43,16,27
2019-05-07T23:00:00.000,30,7,23
2019-05-08T00:00:00.000,5,2,3
2019-05-08T01:00:00.000,2,1,1
2019-05-08T02:00:00.000,4,2,2
2019-05-08T03:00:00.000,4,2,2
2019-05-08T04:00:00.000,16,7,9
2019-05-08T05:00:00.000,57,30,27
2019-05-08T06:00:00.000,217,112,105
2019-05-08T07:00:00.000,608,290,318
2019-05-08T08:00:00.000,760,370,390
2019-05-08T09:00:00.000,341,142,199
2019-05-08T10:00:00.000,148,74,74
2019-05-08T11:00:00.000,104,48,56
2019-05-08T12:00:00.000,146,66,80
2019-05-08T13:00:00.000,127,55,72
2019-05-08T14:00:00.000,139,49,90
2019-05-08T15:00:00.000,189,81,108
2019-05-08T16:00:00.000,521,144,377
2019-05-08T17:00:00.000,866,231,635
2019-05-08T18:00:00.000,585,171,414
2019-05-08T19:00:00.000,299,116,183
2019-05-08T20:00:00.000,146,63,83
2019-05-08T21:00:00.000,93,41,52
2019-05-08T22:00:00.000,57,14,43
2019-05-08T23:00:00.000,35,11,24
2019-05-09T00:00:00.000,14,4,10
2019-05-09T01:00:00.000,4,0,4
2019-05-09T02:00:00.000,3,1,2
2019-05-09T03:00:00.000,2,2,0
2019-05-09T04:00:00.000,7,5,2
2019-05-09T05:00:00.000,52,32,20
2019-05-09T06:00:00.000,212,112,100
2019-05-09T07:00:00.000,606,304,302
2019-05-09T08:00:00.000,697,332,365
2019-05-09T09:00:00.000,381,169,212
2019-05-09T10:00:00.000,141,62,79
2019-05-09T11:00:00.000,148,69,79
2019-05-09T12:00:00.000,161,76,85
2019-05-09T13:00:00.000,160,82,78
2019-05-09T14:00:00.000,160,54,106
2019-05-09T15:00:00.000,216,75,141
2019-05-09T16:00:00.000,510,137,373
2019-05-09T17:00:00.000,849,217,632
2019-05-09T18:00:00.000,516,158,358
2019-05-09T19:00:00.000,245,85,160
2019-05-09T20:00:00.000,187,79,108
2019-05-09T21:00:00.000,102,44,58
2019-05-09T22:00:00.000,45,19,26
2019-05-09T23:00:00.000,33,17,16
2019-05-10T00:00:00.000,19,7,12
2019-05-10T01:00:00.000,15,6,9
2019-05-10T02:00:00.000,4,2,2
2019-05-10T03:00:00.000,3,0,3
2019-05-10T04:00:00.000,13,7,6
2019-05-10T05:00:00.000,41,26,15
2019-05-10T06:00:00.000,191,97,94
2019-05-10T07:00:00.000,468,221,247
2019-05-10T08:00:00.000,699,315,384
2019-05-10T09:00:00.000,345,159,186
2019-05-10T10:00:00.000,140,68,72
2019-05-10T11:00:00.000,130,60,70
2019-05-10T12:00:00.000,149,65,84
2019-05-10T13:00:00.000,158,74,84
2019-05-10T14:00:00.000,191,82,109
2019-05-10T15:00:00.000,321,116,205
2019-05-10T16:00:00.000,540,158,382
2019-05-10T17:00:00.000,768,195,573
2019-05-10T18:00:00.000,401,128,273
2019-05-10T19:00:00.000,224,87,137
2019-05-10T20:00:00.000,123,55,68
2019-05-10T21:00:00.000,94,48,46
2019-05-10T22:00:00.000,54,20,34
2019-05-10T23:00:00.000,38,17,21
2019-05-11T00:00:00.000,29,13,16
2019-05-11T01:00:00.000,8,5,3
2019-05-11T02:00:00.000,9,7,2
2019-05-11T03:00:00.000,4,3,1
2019-05-11T04:00:00.000,8,2,6
2019-05-11T05:00:00.000,25,11,14
2019-05-11T06:00:00.000,32,12,20
2019-05-11T07:00:00.000,71,32,39
2019-05-11T08:00:00.000,139,69,70
2019-05-11T09:00:00.000,178,108,70
2019-05-11T10:00:00.000,195,104,91
2019-05-11T11:00:00.000,244,113,131
2019-05-11T12:00:00.000,217,108,109
2019-05-11T13:00:00.000,278,126,152
2019-05-11T14:00:00.000,251,142,109
2019-05-11T15:00:00.000,280,126,154
2019-05-11T16:00:00.000,219,107,112
2019-05-11T17:00:00.000,184,75,109
2019-05-11T18:00:00.000,167,82,85
2019-05-11T19:00:00.000,123,56,67
2019-05-11T20:00:00.000,101,46,55
2019-05-11T21:00:00.000,71,27,44
2019-05-11T22:00:00.000,43,19,24
2019-05-11T23:00:00.000,29,11,18
2019-05-12T00:00:00.000,23,5,18
2019-05-12T01:00:00.000,10,3,7
2019-05-12T02:00:00.000,4,2,2
2019-05-12T03:00:00.000,5,2,3
2019-05-12T04:00:00.000,4,1,3
2019-05-12T05:00:00.000,7,3,4
2019-05-12T06:00:00.000,27,8,19
2019-05-12T07:00:00.000,40,17,23
2019-05-12T08:00:00.000,67,35,32
2019-05-12T09:00:00.000,70,37,33
2019-05-12T10:00:00.000,114,57,57
2019-05-12T11:00:00.000,123,50,73
2019-05-12T12:00:00.000,132,62,70
2019-05-12T13:00:00.000,136,65,71
2019-05-12T14:00:00.000,189,85,104
2019-05-12T15:00:00.000,162,81,81
2019-05-12T16:00:00.000,180,93,87
2019-05-12T17:00:00.000,149,82,67
2019-05-12T18:00:00.000,106,53,53
2019-05-12T19:00:00.000,104,43,61
2019-05-12T20:00:00.000,71,27,44
2019-05-12T21:00:00.000,27,16,11
2019-05-12T22:00:00.000,30,15,15
2019-05-12T23:00:00.000,18,7,11
2019-05-13T00:00:00.000,4,1,3
2019-05-13T01:00:00.000,2,0,2
2019-05-13T02:00:00.000,2,0,2
2019-05-13T03:00:00.000,3,2,1
2019-05-13T04:00:00.000,13,6,7
2019-05-13T05:00:00.000,48,29,19
2019-05-13T06:00:00.000,197,99,98
2019-05-13T07:00:00.000,461,235,226
2019-05-13T08:00:00.000,720,341,379
2019-05-13T09:00:00.000,330,132,198
2019-05-13T10:00:00.000,136,69,67
2019-05-13T11:00:00.000,90,46,44
2019-05-13T12:00:00.000,109,35,74
2019-05-13T13:00:00.000,103,43,60
2019-05-13T14:00:00.000,117,51,66
2019-05-13T15:00:00.000,192,72,120
2019-05-13T16:00:00.000,431,99,332
2019-05-13T17:00:00.000,827,199,628
2019-05-13T18:00:00.000,467,135,332
2019-05-13T19:00:00.000,205,76,129
2019-05-13T20:00:00.000,131,47,84
2019-05-13T21:00:00.000,82,43,39
2019-05-13T22:00:00.000,20,5,15
2019-05-13T23:00:00.000,22,4,18
2019-05-14T00:00:00.000,11,5,6
2019-05-14T01:00:00.000,4,3,1
2019-05-14T02:00:00.000,1,1,0
2019-05-14T03:00:00.000,1,1,0
2019-05-14T04:00:00.000,10,7,3
2019-05-14T05:00:00.000,37,20,17
2019-05-14T06:00:00.000,171,85,86
2019-05-14T07:00:00.000,396,201,195
2019-05-14T08:00:00.000,478,227,251
2019-05-14T09:00:00.000,204,90,114
2019-05-14T10:00:00.000,63,32,31
2019-05-14T11:00:00.000,45,24,21
2019-05-14T12:00:00.000,47,30,17
2019-05-14T13:00:00.000,43,20,23
2019-05-14T14:00:00.000,69,20,49
2019-05-14T15:00:00.000,107,37,70
2019-05-14T16:00:00.000,292,81,211
2019-05-14T17:00:00.000,554,136,418
2019-05-14T18:00:00.000,443,97,346
2019-05-14T19:00:00.000,153,48,105
2019-05-14T20:00:00.000,81,30,51
2019-05-14T21:00:00.000,53,24,29
2019-05-14T22:00:00.000,28,11,17
2019-05-14T23:00:00.000,17,7,10
2019-05-15T00:00:00.000,4,0,4
2019-05-15T01:00:00.000,5,1,4
2019-05-15T02:00:00.000,5,5,0
2019-05-15T03:00:00.000,3,3,0
2019-05-15T04:00:00.000,14,9,5
2019-05-15T05:00:00.000,53,25,28
2019-05-15T06:00:00.000,182,83,99
2019-05-15T07:00:00.000,494,229,265
2019-05-15T08:00:00.000,622,291,331
2019-05-15T09:00:00.000,307,135,172
2019-05-15T10:00:00.000,145,54,91
2019-05-15T11:00:00.000,124,47,77
2019-05-15T12:00:00.000,151,56,95
2019-05-15T13:00:00.000,126,55,71
2019-05-15T14:00:00.000,132,54,78
2019-05-15T15:00:00.000,180,59,121
2019-05-15T16:00:00.000,413,105,308
2019-05-15T17:00:00.000,647,143,504
2019-05-15T18:00:00.000,382,106,276
2019-05-15T19:00:00.000,148,46,102
2019-05-15T20:00:00.000,72,18,54
2019-05-15T21:00:00.000,48,14,34
2019-05-15T22:00:00.000,44,11,33
2019-05-15T23:00:00.000,19,7,12
2019-05-16T00:00:00.000,10,4,6
2019-05-16T01:00:00.000,3,0,3
2019-05-16T02:00:00.000,1,1,0
2019-05-16T03:00:00.000,3,1,2
2019-05-16T04:00:00.000,9,6,3
2019-05-16T05:00:00.000,49,32,17
2019-05-16T06:00:00.000,137,61,76
2019-05-16T07:00:00.000,432,219,213
2019-05-16T08:00:00.000,532,241,291
2019-05-16T09:00:00.000,280,128,152
2019-05-16T10:00:00.000,104,55,49
2019-05-16T11:00:00.000,76,29,47
2019-05-16T12:00:00.000,67,29,38
2019-05-16T13:00:00.000,57,33,24
2019-05-16T14:00:00.000,76,25,51
2019-05-16T15:00:00.000,115,37,78
2019-05-16T16:00:00.000,301,79,222
2019-05-16T17:00:00.000,587,125,462
2019-05-16T18:00:00.000,357,97,260
2019-05-16T19:00:00.000,159,50,109
2019-05-16T20:00:00.000,96,35,61
2019-05-16T21:00:00.000,52,23,29
2019-05-16T22:00:00.000,31,8,23
2019-05-16T23:00:00.000,10,4,6
2019-05-17T00:00:00.000,5,1,4
2019-05-17T01:00:00.000,5,1,4
2019-05-17T02:00:00.000,1,0,1
2019-05-17T03:00:00.000,1,0,1
2019-05-17T04:00:00.000,4,3,1
2019-05-17T05:00:00.000,44,26,18
2019-05-17T06:00:00.000,167,96,71
2019-05-17T07:00:00.000,609,375,234
2019-05-17T08:00:00.000,693,413,280
2019-05-17T09:00:00.000,311,149,162
2019-05-17T10:00:00.000,118,52,66
2019-05-17T11:00:00.000,99,41,58
2019-05-17T12:00:00.000,79,38,41
2019-05-17T13:00:00.000,109,42,67
2019-05-17T14:00:00.000,119,42,77
2019-05-17T15:00:00.000,238,71,167
2019-05-17T16:00:00.000,466,135,331
2019-05-17T17:00:00.000,658,176,482
2019-05-17T18:00:00.000,409,104,305
2019-05-17T19:00:00.000,220,71,149
2019-05-17T20:00:00.000,108,39,69
2019-05-17T21:00:00.000,63,30,33
2019-05-17T22:00:00.000,45,16,29
2019-05-17T23:00:00.000,32,21,11
2019-05-18T00:00:00.000,21,13,8
2019-05-18T01:00:00.000,14,4,10
2019-05-18T02:00:00.000,4,1,3
2019-05-18T03:00:00.000,3,2,1
2019-05-18T04:00:00.000,5,2,3
2019-05-18T05:00:00.000,16,10,6
2019-05-18T06:00:00.000,39,18,21
2019-05-18T07:00:00.000,86,38,48
2019-05-18T08:00:00.000,114,52,62
2019-05-18T09:00:00.000,170,93,77
2019-05-18T10:00:00.000,211,101,110
2019-05-18T11:00:00.000,265,115,150
2019-05-18T12:00:00.000,249,123,126
2019-05-18T13:00:00.000,303,150,153
2019-05-18T14:00:00.000,322,146,176
2019-05-18T15:00:00.000,299,139,160
2019-05-18T16:00:00.000,324,186,138
2019-05-18T17:00:00.000,244,116,128
2019-05-18T18:00:00.000,196,85,111
2019-05-18T19:00:00.000,139,61,78
2019-05-18T20:00:00.000,91,43,48
2019-05-18T21:00:00.000,65,31,34
2019-05-18T22:00:00.000,47,18,29
2019-05-18T23:00:00.000,36,12,24
2019-05-19T00:00:00.000,20,10,10
2019-05-19T01:00:00.000,26,19,7
2019-05-19T02:00:00.000,6,3,3
2019-05-19T03:00:00.000,0,0,0
2019-05-19T04:00:00.000,1,0,1
2019-05-19T05:00:00.000,6,2,4
2019-05-19T06:00:00.000,12,4,8
2019-05-19T07:00:00.000,53,26,27
2019-05-19T08:00:00.000,70,32,38
2019-05-19T09:00:00.000,91,47,44
2019-05-19T10:00:00.000,111,45,66
2019-05-19T11:00:00.000,154,71,83
2019-05-19T12:00:00.000,160,79,81
2019-05-19T13:00:00.000,213,88,125
2019-05-19T14:00:00.000,225,103,122
2019-05-19T15:00:00.000,202,105,97
2019-05-19T16:00:00.000,226,108,118
2019-05-19T17:00:00.000,191,90,101
2019-05-19T18:00:00.000,145,48,97
2019-05-19T19:00:00.000,102,49,53
2019-05-19T20:00:00.000,61,35,26
2019-05-19T21:00:00.000,37,24,13
2019-05-19T22:00:00.000,15,9,6
2019-05-19T23:00:00.000,24,7,17
2019-05-20T00:00:00.000,7,4,3
2019-05-20T01:00:00.000,5,3,2
2019-05-20T02:00:00.000,3,0,3
2019-05-20T03:00:00.000,4,2,2
2019-05-20T04:00:00.000,10,6,4
2019-05-20T05:00:00.000,44,26,18
2019-05-20T06:00:00.000,144,74,70
2019-05-20T07:00:00.000,373,178,195
2019-05-20T08:00:00.000,548,262,286
2019-05-20T09:00:00.000,224,99,125
2019-05-20T10:00:00.000,100,46,54
2019-05-20T11:00:00.000,49,20,29
2019-05-20T12:00:00.000,61,26,35
2019-05-20T13:00:00.000,68,28,40
2019-05-20T14:00:00.000,70,34,36
2019-05-20T15:00:00.000,131,55,76
2019-05-20T16:00:00.000,266,61,205
2019-05-20T17:00:00.000,569,119,450
2019-05-20T18:00:00.000,325,73,252
2019-05-20T19:00:00.000,123,21,102
2019-05-20T20:00:00.000,64,20,44
2019-05-20T21:00:00.000,38,12,26
2019-05-20T22:00:00.000,28,13,15
2019-05-20T23:00:00.000,21,4,17
2019-05-21T00:00:00.000,3,2,1
2019-05-21T01:00:00.000,5,4,1
2019-05-21T02:00:00.000,3,3,0
2019-05-21T03:00:00.000,2,1,1
2019-05-21T04:00:00.000,6,6,0
2019-05-21T05:00:00.000,47,24,23
2019-05-21T06:00:00.000,151,74,77
2019-05-21T07:00:00.000,436,215,221
2019-05-21T08:00:00.000,618,300,318
2019-05-21T09:00:00.000,285,123,162
2019-05-21T10:00:00.000,112,49,63
2019-05-21T11:00:00.000,87,47,40
2019-05-21T12:00:00.000,91,49,42
2019-05-21T13:00:00.000,93,40,53
2019-05-21T14:00:00.000,97,40,57
2019-05-21T15:00:00.000,170,53,117
2019-05-21T16:00:00.000,353,98,255
2019-05-21T17:00:00.000,728,175,553
2019-05-21T18:00:00.000,421,127,294
2019-05-21T19:00:00.000,210,76,134
2019-05-21T20:00:00.000,105,47,58
2019-05-21T21:00:00.000,72,27,45
2019-05-21T22:00:00.000,55,22,33
2019-05-21T23:00:00.000,29,10,19
2019-05-22T00:00:00.000,3,0,3
2019-05-22T01:00:00.000,11,3,8
2019-05-22T02:00:00.000,6,4,2
2019-05-22T03:00:00.000,4,1,3
2019-05-22T04:00:00.000,14,11,3
2019-05-22T05:00:00.000,53,26,27
2019-05-22T06:00:00.000,205,104,101
2019-05-22T07:00:00.000,546,265,281
2019-05-22T08:00:00.000,749,355,394
2019-05-22T09:00:00.000,345,147,198
2019-05-22T10:00:00.000,144,68,76
2019-05-22T11:00:00.000,114,49,65
2019-05-22T12:00:00.000,133,52,81
2019-05-22T13:00:00.000,141,52,89
2019-05-22T14:00:00.000,143,55,88
2019-05-22T15:00:00.000,244,98,146
2019-05-22T16:00:00.000,577,157,420
2019-05-22T17:00:00.000,1004,259,745
2019-05-22T18:00:00.000,642,186,456
2019-05-22T19:00:00.000,327,102,225
2019-05-22T20:00:00.000,197,67,130
2019-05-22T21:00:00.000,121,53,68
2019-05-22T22:00:00.000,53,17,36
2019-05-22T23:00:00.000,40,13,27
2019-05-23T00:00:00.000,10,4,6
2019-05-23T01:00:00.000,6,2,4
2019-05-23T02:00:00.000,5,1,4
2019-05-23T03:00:00.000,1,0,1
2019-05-23T04:00:00.000,15,7,8
2019-05-23T05:00:00.000,54,28,26
2019-05-23T06:00:00.000,218,107,111
2019-05-23T07:00:00.000,590,302,288
2019-05-23T08:00:00.000,825,382,443
2019-05-23T09:00:00.000,388,158,230
2019-05-23T10:00:00.000,197,88,109
2019-05-23T11:00:00.000,173,83,90
2019-05-23T12:00:00.000,157,76,81
2019-05-23T13:00:00.000,185,66,119
2019-05-23T14:00:00.000,161,60,101
2019-05-23T15:00:00.000,268,115,153
2019-05-23T16:00:00.000,559,153,406
2019-05-23T17:00:00.000,939,249,690
2019-05-23T18:00:00.000,636,210,426
2019-05-23T19:00:00.000,358,138,220
2019-05-23T20:00:00.000,188,80,108
2019-05-23T21:00:00.000,148,72,76
2019-05-23T22:00:00.000,73,37,36
2019-05-23T23:00:00.000,29,13,16
2019-05-24T00:00:00.000,23,5,18
2019-05-24T01:00:00.000,5,1,4
2019-05-24T02:00:00.000,2,1,1
2019-05-24T03:00:00.000,4,1,3
2019-05-24T04:00:00.000,7,3,4
2019-05-24T05:00:00.000,45,24,21
2019-05-24T06:00:00.000,156,82,74
2019-05-24T07:00:00.000,323,171,152
2019-05-24T08:00:00.000,463,226,237
2019-05-24T09:00:00.000,245,127,118
2019-05-24T10:00:00.000,89,39,50
2019-05-24T11:00:00.000,95,48,47
2019-05-24T12:00:00.000,80,39,41
2019-05-24T13:00:00.000,119,42,77
2019-05-24T14:00:00.000,142,48,94
2019-05-24T15:00:00.000,239,73,166
2019-05-24T16:00:00.000,382,95,287
2019-05-24T17:00:00.000,493,126,367
2019-05-24T18:00:00.000,255,72,183
2019-05-24T19:00:00.000,142,51,91
2019-05-24T20:00:00.000,80,36,44
2019-05-24T21:00:00.000,50,15,35
2019-05-24T22:00:00.000,50,21,29
2019-05-24T23:00:00.000,30,15,15
2019-05-25T00:00:00.000,23,5,18
2019-05-25T01:00:00.000,13,5,8
2019-05-25T02:00:00.000,10,3,7
2019-05-25T03:00:00.000,5,1,4
2019-05-25T04:00:00.000,5,2,3
2019-05-25T05:00:00.000,15,11,4
2019-05-25T06:00:00.000,25,12,13
2019-05-25T07:00:00.000,51,30,21
2019-05-25T08:00:00.000,70,41,29
2019-05-25T09:00:00.000,106,49,57
2019-05-25T10:00:00.000,101,52,49
2019-05-25T11:00:00.000,138,65,73
2019-05-25T12:00:00.000,94,45,49
2019-05-25T13:00:00.000,60,30,30
2019-05-25T14:00:00.000,40,19,21
2019-05-25T15:00:00.000,38,20,18
2019-05-25T16:00:00.000,40,22,18
2019-05-25T17:00:00.000,35,17,18
2019-05-25T18:00:00.000,30,10,20
2019-05-25T19:00:00.000,43,16,27
2019-05-25T20:00:00.000,40,14,26
2019-05-25T21:00:00.000,26,8,18
2019-05-25T22:00:00.000,18,10,8
2019-05-25T23:00:00.000,10,5,5
2019-05-26T00:00:00.000,26,15,11
2019-05-26T01:00:00.000,4,2,2
2019-05-26T02:00:00.000,1,1,0
2019-05-26T03:00:00.000,0,0,0
2019-05-26T04:00:00.000,6,4,2
2019-05-26T05:00:00.000,11,5,6
2019-05-26T06:00:00.000,49,27,22
2019-05-26T07:00:00.000,105,62,43
2019-05-26T08:00:00.000,79,35,44
2019-05-26T09:00:00.000,133,61,72
2019-05-26T10:00:00.000,166,61,105
2019-05-26T11:00:00.000,238,88,150
2019-05-26T12:00:00.000,210,118,92
2019-05-26T13:00:00.000,277,144,133
2019-05-26T14:00:00.000,306,142,164
2019-05-26T15:00:00.000,282,132,150
2019-05-26T16:00:00.000,252,108,144
2019-05-26T17:00:00.000,246,103,143
2019-05-26T18:00:00.000,211,106,105
2019-05-26T19:00:00.000,147,70,77
2019-05-26T20:00:00.000,110,42,68
2019-05-26T21:00:00.000,64,23,41
2019-05-26T22:00:00.000,30,13,17
2019-05-26T23:00:00.000,33,12,21
2019-05-27T00:00:00.000,20,13,7
2019-05-27T01:00:00.000,9,8,1
2019-05-27T02:00:00.000,9,5,4
2019-05-27T03:00:00.000,5,0,5
2019-05-27T04:00:00.000,1,0,1
2019-05-27T05:00:00.000,14,6,8
2019-05-27T06:00:00.000,29,10,19
2019-05-27T07:00:00.000,52,32,20
2019-05-27T08:00:00.000,87,45,42
2019-05-27T09:00:00.000,172,73,99
2019-05-27T10:00:00.000,244,124,120
2019-05-27T11:00:00.000,330,146,184
2019-05-27T12:00:00.000,323,154,169
2019-05-27T13:00:00.000,387,172,215
2019-05-27T14:00:00.000,417,163,254
2019-05-27T15:00:00.000,425,171,254
2019-05-27T16:00:00.000,337,199,138
2019-05-27T17:00:00.000,264,121,143
2019-05-27T18:00:00.000,262,133,129
2019-05-27T19:00:00.000,157,72,85
2019-05-27T20:00:00.000,127,63,64
2019-05-27T21:00:00.000,60,27,33
2019-05-27T22:00:00.000,36,20,16
2019-05-27T23:00:00.000,24,7,17
2019-05-28T00:00:00.000,7,4,3
2019-05-28T01:00:00.000,6,4,2
2019-05-28T02:00:00.000,6,1,5
2019-05-28T03:00:00.000,4,1,3
2019-05-28T04:00:00.000,9,4,5
2019-05-28T05:00:00.000,48,20,28
2019-05-28T06:00:00.000,224,111,113
2019-05-28T07:00:00.000,540,280,260
2019-05-28T08:00:00.000,734,361,373
2019-05-28T09:00:00.000,389,179,210
2019-05-28T10:00:00.000,144,70,74
2019-05-28T11:00:00.000,127,57,70
2019-05-28T12:00:00.000,105,41,64
2019-05-28T13:00:00.000,113,55,58
2019-05-28T14:00:00.000,122,57,65
2019-05-28T15:00:00.000,203,61,142
2019-05-28T16:00:00.000,451,118,333
2019-05-28T17:00:00.000,894,202,692
2019-05-28T18:00:00.000,564,149,415
2019-05-28T19:00:00.000,285,97,188
2019-05-28T20:00:00.000,164,66,98
2019-05-28T21:00:00.000,101,46,55
2019-05-28T22:00:00.000,58,20,38
2019-05-28T23:00:00.000,29,7,22
2019-05-29T00:00:00.000,8,1,7
2019-05-29T01:00:00.000,4,0,4
2019-05-29T02:00:00.000,5,1,4
2019-05-29T03:00:00.000,3,3,0
2019-05-29T04:00:00.000,16,8,8
2019-05-29T05:00:00.000,65,33,32
2019-05-29T06:00:00.000,219,119,100
2019-05-29T07:00:00.000,618,299,319
2019-05-29T08:00:00.000,801,387,414
2019-05-29T09:00:00.000,389,171,218
2019-05-29T10:00:00.000,155,74,81
2019-05-29T11:00:00.000,129,58,71
2019-05-29T12:00:00.000,117,75,42
2019-05-29T13:00:00.000,120,52,68
2019-05-29T14:00:00.000,141,66,75
2019-05-29T15:00:00.000,216,89,127
2019-05-29T16:00:00.000,530,126,404
2019-05-29T17:00:00.000,957,223,734
2019-05-29T18:00:00.000,529,169,360
2019-05-29T19:00:00.000,301,104,197
2019-05-29T20:00:00.000,155,54,101
2019-05-29T21:00:00.000,129,63,66
2019-05-29T22:00:00.000,45,16,29
2019-05-29T23:00:00.000,21,7,14
2019-05-30T00:00:00.000,16,8,8
2019-05-30T01:00:00.000,6,2,4
2019-05-30T02:00:00.000,4,2,2
2019-05-30T03:00:00.000,3,2,1
2019-05-30T04:00:00.000,12,8,4
2019-05-30T05:00:00.000,60,33,27
2019-05-30T06:00:00.000,229,118,111
2019-05-30T07:00:00.000,584,280,304
2019-05-30T08:00:00.000,742,346,396
2019-05-30T09:00:00.000,366,150,216
2019-05-30T10:00:00.000,153,72,81
2019-05-30T11:00:00.000,146,71,75
2019-05-30T12:00:00.000,120,48,72
2019-05-30T13:00:00.000,127,55,72
2019-05-30T14:00:00.000,179,89,90
2019-05-30T15:00:00.000,258,99,159
2019-05-30T16:00:00.000,504,151,353
2019-05-30T17:00:00.000,944,227,717
2019-05-30T18:00:00.000,558,152,406
2019-05-30T19:00:00.000,314,126,188
2019-05-30T20:00:00.000,183,69,114
2019-05-30T21:00:00.000,112,49,63
2019-05-30T22:00:00.000,57,22,35
2019-05-30T23:00:00.000,31,9,22
2019-05-31T00:00:00.000,23,8,15
2019-05-31T01:00:00.000,13,8,5
2019-05-31T02:00:00.000,2,0,2
2019-05-31T03:00:00.000,6,4,2
2019-05-31T04:00:00.000,13,8,5
2019-05-31T05:00:00.000,46,27,19
2019-05-31T06:00:00.000,201,108,93
2019-05-31T07:00:00.000,459,216,243
2019-05-31T08:00:00.000,677,305,372
2019-05-31T09:00:00.000,346,146,200
2019-05-31T10:00:00.000,134,65,69
2019-05-31T11:00:00.000,114,56,58
2019-05-31T12:00:00.000,135,63,72
2019-05-31T13:00:00.000,164,72,92
2019-05-31T14:00:00.000,181,102,79
2019-05-31T15:00:00.000,326,118,208
2019-05-31T16:00:00.000,588,179,409
2019-05-31T17:00:00.000,768,186,582
2019-05-31T18:00:00.000,492,169,323
2019-05-31T19:00:00.000,248,97,151
2019-05-31T20:00:00.000,140,48,92
2019-05-31T21:00:00.000,103,46,57
2019-05-31T22:00:00.000,81,29,52
2019-05-31T23:00:00.000,57,22,35
2019-06-01T00:00:00.000,22,10,12
2019-06-01T01:00:00.000,12,5,7
2019-06-01T02:00:00.000,13,7,6
2019-06-01T03:00:00.000,5,2,3
2019-06-01T04:00:00.000,5,1,4
2019-06-01T05:00:00.000,19,9,10
2019-06-01T06:00:00.000,31,9,22
2019-06-01T07:00:00.000,64,24,40
2019-06-01T08:00:00.000,115,55,60
2019-06-01T09:00:00.000,134,60,74
2019-06-01T10:00:00.000,202,106,96
2019-06-01T11:00:00.000,217,109,108
2019-06-01T12:00:00.000,191,89,102
2019-06-01T13:00:00.000,266,131,135
2019-06-01T14:00:00.000,249,115,134
2019-06-01T15:00:00.000,270,97,173
2019-06-01T16:00:00.000,304,144,160
2019-06-01T17:00:00.000,271,139,132
2019-06-01T18:00:00.000,212,104,108
2019-06-01T19:00:00.000,145,66,79
2019-06-01T20:00:00.000,124,44,80
2019-06-01T21:00:00.000,94,49,45
2019-06-01T22:00:00.000,65,26,39
2019-06-01T23:00:00.000,29,16,13
2019-06-02T00:00:00.000,21,11,10
2019-06-02T01:00:00.000,11,3,8
2019-06-02T02:00:00.000,11,5,6
2019-06-02T03:00:00.000,2,1,1
2019-06-02T04:00:00.000,1,0,1
2019-06-02T05:00:00.000,8,3,5
2019-06-02T06:00:00.000,27,8,19
2019-06-02T07:00:00.000,60,27,33
2019-06-02T08:00:00.000,92,45,47
2019-06-02T09:00:00.000,167,89,78
2019-06-02T10:00:00.000,190,87,103
2019-06-02T11:00:00.000,245,119,126
2019-06-02T12:00:00.000,321,151,170
2019-06-02T13:00:00.000,257,146,111
2019-06-02T14:00:00.000,328,158,170
2019-06-02T15:00:00.000,299,133,166
2019-06-02T16:00:00.000,221,112,109
2019-06-02T17:00:00.000,257,130,127
2019-06-02T18:00:00.000,173,89,84
2019-06-02T19:00:00.000,104,42,62
2019-06-02T20:00:00.000,69,35,34
2019-06-02T21:00:00.000,54,26,28
2019-06-02T22:00:00.000,30,13,17
2019-06-02T23:00:00.000,15,5,10
2019-06-03T00:00:00.000,6,1,5
2019-06-03T01:00:00.000,6,4,2
2019-06-03T02:00:00.000,2,2,0
2019-06-03T03:00:00.000,4,1,3
2019-06-03T04:00:00.000,14,9,5
2019-06-03T05:00:00.000,59,33,26
2019-06-03T06:00:00.000,213,116,97
2019-06-03T07:00:00.000,533,269,264
2019-06-03T08:00:00.000,774,379,395
2019-06-03T09:00:00.000,406,165,241
2019-06-03T10:00:00.000,157,65,92
2019-06-03T11:00:00.000,101,38,63
2019-06-03T12:00:00.000,86,38,48
2019-06-03T13:00:00.000,101,41,60
2019-06-03T14:00:00.000,111,49,62
2019-06-03T15:00:00.000,212,92,120
2019-06-03T16:00:00.000,492,147,345
2019-06-03T17:00:00.000,870,186,684
2019-06-03T18:00:00.000,603,182,421
2019-06-03T19:00:00.000,295,90,205
2019-06-03T20:00:00.000,161,56,105
2019-06-03T21:00:00.000,98,43,55
2019-06-03T22:00:00.000,49,21,28
2019-06-03T23:00:00.000,23,8,15
2019-06-04T00:00:00.000,9,6,3
2019-06-04T01:00:00.000,8,4,4
2019-06-04T02:00:00.000,7,3,4
2019-06-04T03:00:00.000,4,1,3
2019-06-04T04:00:00.000,11,3,8
2019-06-04T05:00:00.000,68,36,32
2019-06-04T06:00:00.000,238,96,142
2019-06-04T07:00:00.000,527,270,257
2019-06-04T08:00:00.000,791,386,405
2019-06-04T09:00:00.000,366,133,233
2019-06-04T10:00:00.000,182,78,104
2019-06-04T11:00:00.000,115,56,59
2019-06-04T12:00:00.000,121,60,61
2019-06-04T13:00:00.000,146,68,78
2019-06-04T14:00:00.000,137,58,79
2019-06-04T15:00:00.000,242,99,143
2019-06-04T16:00:00.000,519,168,351
2019-06-04T17:00:00.000,995,253,742
2019-06-04T18:00:00.000,620,189,431
2019-06-04T19:00:00.000,303,112,191
2019-06-04T20:00:00.000,186,71,115
2019-06-04T21:00:00.000,110,51,59
2019-06-04T22:00:00.000,55,22,33
2019-06-04T23:00:00.000,31,8,23
2019-06-05T00:00:00.000,13,3,10
2019-06-05T01:00:00.000,14,3,11
2019-06-05T02:00:00.000,1,0,1
2019-06-05T03:00:00.000,4,2,2
2019-06-05T04:00:00.000,10,4,6
2019-06-05T05:00:00.000,57,34,23
2019-06-05T06:00:00.000,231,120,111
2019-06-05T07:00:00.000,578,286,292
2019-06-05T08:00:00.000,735,341,394
2019-06-05T09:00:00.000,401,169,232
2019-06-05T10:00:00.000,195,61,134
2019-06-05T11:00:00.000,126,54,72
2019-06-05T12:00:00.000,115,55,60
2019-06-05T13:00:00.000,114,50,64
2019-06-05T14:00:00.000,124,42,82
2019-06-05T15:00:00.000,195,70,125
2019-06-05T16:00:00.000,499,139,360
2019-06-05T17:00:00.000,855,188,667
2019-06-05T18:00:00.000,525,143,382
2019-06-05T19:00:00.000,268,99,169
2019-06-05T20:00:00.000,142,41,101
2019-06-05T21:00:00.000,110,53,57
2019-06-05T22:00:00.000,50,16,34
2019-06-05T23:00:00.000,15,6,9
2019-06-06T00:00:00.000,8,3,5
2019-06-06T01:00:00.000,10,5,5
2019-06-06T02:00:00.000,5,0,5
2019-06-06T03:00:00.000,7,0,7
2019-06-06T04:00:00.000,16,11,5
2019-06-06T05:00:00.000,55,29,26
2019-06-06T06:00:00.000,160,85,75
2019-06-06T07:00:00.000,451,225,226
2019-06-06T08:00:00.000,623,305,318
2019-06-06T09:00:00.000,341,152,189
2019-06-06T10:00:00.000,158,80,78
2019-06-06T11:00:00.000,132,49,83
2019-06-06T12:00:00.000,128,52,76
2019-06-06T13:00:00.000,126,53,73
2019-06-06T14:00:00.000,173,71,102
2019-06-06T15:00:00.000,150,55,95
2019-06-06T16:00:00.000,354,104,250
2019-06-06T17:00:00.000,732,177,555
2019-06-06T18:00:00.000,500,137,363
2019-06-06T19:00:00.000,245,90,155
2019-06-06T20:00:00.000,171,68,103
2019-06-06T21:00:00.000,91,39,52
2019-06-06T22:00:00.000,53,33,20
2019-06-06T23:00:00.000,25,8,17
2019-06-07T00:00:00.000,14,6,8
2019-06-07T01:00:00.000,7,4,3
2019-06-07T02:00:00.000,3,2,1
2019-06-07T03:00:00.000,1,1,0
2019-06-07T04:00:00.000,10,5,5
2019-06-07T05:00:00.000,28,19,9
2019-06-07T06:00:00.000,113,56,57
2019-06-07T07:00:00.000,312,158,154
2019-06-07T08:00:00.000,527,239,288
2019-06-07T09:00:00.000,268,106,162
2019-06-07T10:00:00.000,132,64,68
2019-06-07T11:00:00.000,103,41,62
2019-06-07T12:00:00.000,97,50,47
2019-06-07T13:00:00.000,97,46,51
2019-06-07T14:00:00.000,77,30,47
2019-06-07T15:00:00.000,177,62,115
2019-06-07T16:00:00.000,337,80,257
2019-06-07T17:00:00.000,464,110,354
2019-06-07T18:00:00.000,222,50,172
2019-06-07T19:00:00.000,113,30,83
2019-06-07T20:00:00.000,79,30,49
2019-06-07T21:00:00.000,51,24,27
2019-06-07T22:00:00.000,30,17,13
2019-06-07T23:00:00.000,25,11,14
2019-06-08T00:00:00.000,16,7,9
2019-06-08T01:00:00.000,19,9,10
2019-06-08T02:00:00.000,7,3,4
2019-06-08T03:00:00.000,5,1,4
2019-06-08T04:00:00.000,6,4,2
2019-06-08T05:00:00.000,15,9,6
2019-06-08T06:00:00.000,28,14,14
2019-06-08T07:00:00.000,58,28,30
2019-06-08T08:00:00.000,116,51,65
2019-06-08T09:00:00.000,106,57,49
2019-06-08T10:00:00.000,151,83,68
2019-06-08T11:00:00.000,216,105,111
2019-06-08T12:00:00.000,213,87,126
2019-06-08T13:00:00.000,255,109,146
2019-06-08T14:00:00.000,302,133,169
2019-06-08T15:00:00.000,272,122,150
2019-06-08T16:00:00.000,332,155,177
2019-06-08T17:00:00.000,264,129,135
2019-06-08T18:00:00.000,212,106,106
2019-06-08T19:00:00.000,131,55,76
2019-06-08T20:00:00.000,107,42,65
2019-06-08T21:00:00.000,57,25,32
2019-06-08T22:00:00.000,28,15,13
2019-06-08T23:00:00.000,57,22,35
2019-06-09T00:00:00.000,27,13,14
2019-06-09T01:00:00.000,19,7,12
2019-06-09T02:00:00.000,7,4,3
2019-06-09T03:00:00.000,1,1,0
2019-06-09T04:00:00.000,3,0,3
2019-06-09T05:00:00.000,19,8,11
2019-06-09T06:00:00.000,30,11,19
2019-06-09T07:00:00.000,127,60,67
2019-06-09T08:00:00.000,138,57,81
2019-06-09T09:00:00.000,158,71,87
2019-06-09T10:00:00.000,184,87,97
2019-06-09T11:00:00.000,226,107,119
2019-06-09T12:00:00.000,264,100,164
2019-06-09T13:00:00.000,284,134,150
2019-06-09T14:00:00.000,239,127,112
2019-06-09T15:00:00.000,302,150,152
2019-06-09T16:00:00.000,273,115,158
2019-06-09T17:00:00.000,210,99,111
2019-06-09T18:00:00.000,198,79,119
2019-06-09T19:00:00.000,76,34,42
2019-06-09T20:00:00.000,97,44,53
2019-06-09T21:00:00.000,55,23,32
2019-06-09T22:00:00.000,30,21,9
2019-06-09T23:00:00.000,22,9,13
2019-06-10T00:00:00.000,9,5,4
2019-06-10T01:00:00.000,4,3,1
2019-06-10T02:00:00.000,0,0,0
2019-06-10T03:00:00.000,2,1,1
2019-06-10T04:00:00.000,11,5,6
2019-06-10T05:00:00.000,62,30,32
2019-06-10T06:00:00.000,160,84,76
2019-06-10T07:00:00.000,528,259,269
2019-06-10T08:00:00.000,815,349,466
2019-06-10T09:00:00.000,401,169,232
2019-06-10T10:00:00.000,187,81,106
2019-06-10T11:00:00.000,150,53,97
2019-06-10T12:00:00.000,150,69,81
2019-06-10T13:00:00.000,133,57,76
2019-06-10T14:00:00.000,138,59,79
2019-06-10T15:00:00.000,240,94,146
2019-06-10T16:00:00.000,508,143,365
2019-06-10T17:00:00.000,993,228,765
2019-06-10T18:00:00.000,604,165,439
2019-06-10T19:00:00.000,296,77,219
2019-06-10T20:00:00.000,151,52,99
2019-06-10T21:00:00.000,108,57,51
2019-06-10T22:00:00.000,48,15,33
2019-06-10T23:00:00.000,21,5,16
2019-06-11T00:00:00.000,10,5,5
2019-06-11T01:00:00.000,5,1,4
2019-06-11T02:00:00.000,5,0,5
2019-06-11T03:00:00.000,0,0,0
2019-06-11T04:00:00.000,9,3,6
2019-06-11T05:00:00.000,65,37,28
2019-06-11T06:00:00.000,263,124,139
2019-06-11T07:00:00.000,639,304,335
2019-06-11T08:00:00.000,892,423,469
2019-06-11T09:00:00.000,426,178,248
2019-06-11T10:00:00.000,187,86,101
2019-06-11T11:00:00.000,138,63,75
2019-06-11T12:00:00.000,140,66,74
2019-06-11T13:00:00.000,151,64,87
2019-06-11T14:00:00.000,177,72,105
2019-06-11T15:00:00.000,243,83,160
2019-06-11T16:00:00.000,555,148,407
2019-06-11T17:00:00.000,1097,247,850
2019-06-11T18:00:00.000,608,171,437
2019-06-11T19:00:00.000,360,127,233
2019-06-11T20:00:00.000,207,63,144
2019-06-11T21:00:00.000,142,67,75
2019-06-11T22:00:00.000,76,29,47
2019-06-11T23:00:00.000,33,17,16
2019-06-12T00:00:00.000,12,7,5
2019-06-12T01:00:00.000,9,5,4
2019-06-12T02:00:00.000,5,1,4
2019-06-12T03:00:00.000,3,1,2
2019-06-12T04:00:00.000,19,11,8
2019-06-12T05:00:00.000,69,32,37
2019-06-12T06:00:00.000,242,123,119
2019-06-12T07:00:00.000,625,301,324
2019-06-12T08:00:00.000,807,366,441
2019-06-12T09:00:00.000,393,164,229
2019-06-12T10:00:00.000,200,87,113
2019-06-12T11:00:00.000,115,43,72
2019-06-12T12:00:00.000,143,64,79
2019-06-12T13:00:00.000,143,70,73
2019-06-12T14:00:00.000,158,54,104
2019-06-12T15:00:00.000,241,81,160
2019-06-12T16:00:00.000,571,152,419
2019-06-12T17:00:00.000,924,227,697
2019-06-12T18:00:00.000,584,161,423
2019-06-12T19:00:00.000,289,107,182
2019-06-12T20:00:00.000,216,71,145
2019-06-12T21:00:00.000,136,58,78
2019-06-12T22:00:00.000,84,30,54
2019-06-12T23:00:00.000,38,22,16
2019-06-13T00:00:00.000,17,9,8
2019-06-13T01:00:00.000,13,2,11
2019-06-13T02:00:00.000,1,0,1
2019-06-13T03:00:00.000,4,2,2
2019-06-13T04:00:00.000,14,7,7
2019-06-13T05:00:00.000,66,27,39
2019-06-13T06:00:00.000,207,108,99
2019-06-13T07:00:00.000,572,262,310
2019-06-13T08:00:00.000,768,333,435
2019-06-13T09:00:00.000,430,180,250
2019-06-13T10:00:00.000,222,96,126
2019-06-13T11:00:00.000,126,53,73
2019-06-13T12:00:00.000,151,63,88
2019-06-13T13:00:00.000,127,50,77
2019-06-13T14:00:00.000,158,78,80
2019-06-13T15:00:00.000,264,84,180
2019-06-13T16:00:00.000,532,154,378
2019-06-13T17:00:00.000,910,215,695
2019-06-13T18:00:00.000,639,218,421
2019-06-13T19:00:00.000,349,110,239
2019-06-13T20:00:00.000,195,81,114
2019-06-13T21:00:00.000,136,58,78
2019-06-13T22:00:00.000,64,27,37
2019-06-13T23:00:00.000,30,12,18
2019-06-14T00:00:00.000,21,8,13
2019-06-14T01:00:00.000,8,1,7
2019-06-14T02:00:00.000,2,0,2
2019-06-14T03:00:00.000,2,1,1
2019-06-14T04:00:00.000,9,3,6
2019-06-14T05:00:00.000,44,21,23
2019-06-14T06:00:00.000,152,82,70
2019-06-14T07:00:00.000,425,200,225
2019-06-14T08:00:00.000,620,276,344
2019-06-14T09:00:00.000,326,144,182
2019-06-14T10:00:00.000,152,60,92
2019-06-14T11:00:00.000,136,47,89
2019-06-14T12:00:00.000,136,59,77
2019-06-14T13:00:00.000,167,63,104
2019-06-14T14:00:00.000,226,86,140
2019-06-14T15:00:00.000,263,85,178
2019-06-14T16:00:00.000,525,146,379
2019-06-14T17:00:00.000,702,185,517
2019-06-14T18:00:00.000,414,135,279
2019-06-14T19:00:00.000,249,87,162
2019-06-14T20:00:00.000,130,53,77
2019-06-14T21:00:00.000,99,32,67
2019-06-14T22:00:00.000,66,39,27
2019-06-14T23:00:00.000,37,12,25
2019-06-15T00:00:00.000,34,13,21
2019-06-15T01:00:00.000,20,10,10
2019-06-15T02:00:00.000,3,2,1
2019-06-15T03:00:00.000,4,4,0
2019-06-15T04:00:00.000,1,1,0
2019-06-15T05:00:00.000,17,9,8
2019-06-15T06:00:00.000,30,9,21
2019-06-15T07:00:00.000,56,21,35
2019-06-15T08:00:00.000,157,95,62
2019-06-15T09:00:00.000,163,68,95
2019-06-15T10:00:00.000,146,78,68
2019-06-15T11:00:00.000,169,67,102
2019-06-15T12:00:00.000,198,79,119
2019-06-15T13:00:00.000,276,114,162
2019-06-15T14:00:00.000,274,127,147
2019-06-15T15:00:00.000,369,159,210
2019-06-15T16:00:00.000,294,126,168
2019-06-15T17:00:00.000,309,152,157
2019-06-15T18:00:00.000,255,141,114
2019-06-15T19:00:00.000,157,77,80
2019-06-15T20:00:00.000,171,79,92
2019-06-15T21:00:00.000,105,62,43
2019-06-15T22:00:00.000,84,46,38
2019-06-15T23:00:00.000,43,17,26
2019-06-16T00:00:00.000,26,10,16
2019-06-16T01:00:00.000,14,8,6
2019-06-16T02:00:00.000,1,0,1
2019-06-16T03:00:00.000,2,1,1
2019-06-16T04:00:00.000,4,1,3
2019-06-16T05:00:00.000,9,2,7
2019-06-16T06:00:00.000,21,9,12
2019-06-16T07:00:00.000,53,22,31
2019-06-16T08:00:00.000,117,56,61
2019-06-16T09:00:00.000,140,66,74
2019-06-16T10:00:00.000,174,80,94
2019-06-16T11:00:00.000,282,119,163
2019-06-16T12:00:00.000,354,151,203
2019-06-16T13:00:00.000,293,140,153
2019-06-16T14:00:00.000,364,131,233
2019-06-16T15:00:00.000,366,145,221
2019-06-16T16:00:00.000,299,154,145
2019-06-16T17:00:00.000,191,89,102
2019-06-16T18:00:00.000,203,87,116
2019-06-16T19:00:00.000,130,69,61
2019-06-16T20:00:00.000,104,46,58
2019-06-16T21:00:00.000,71,31,40
2019-06-16T22:00:00.000,32,12,20
2019-06-16T23:00:00.000,20,5,15
2019-06-17T00:00:00.000,9,5,4
2019-06-17T01:00:00.000,9,4,5
2019-06-17T02:00:00.000,6,3,3
2019-06-17T03:00:00.000,5,3,2
2019-06-17T04:00:00.000,6,3,3
2019-06-17T05:00:00.000,70,45,25
2019-06-17T06:00:00.000,168,85,83
2019-06-17T07:00:00.000,534,259,275
2019-06-17T08:00:00.000,750,352,398
2019-06-17T09:00:00.000,399,167,232
2019-06-17T10:00:00.000,165,74,91
2019-06-17T11:00:00.000,112,45,67
2019-06-17T12:00:00.000,111,47,64
2019-06-17T13:00:00.000,110,37,73
2019-06-17T14:00:00.000,139,53,86
2019-06-17T15:00:00.000,224,99,125
2019-06-17T16:00:00.000,486,118,368
2019-06-17T17:00:00.000,865,206,659
2019-06-17T18:00:00.000,583,180,403
2019-06-17T19:00:00.000,297,110,187
2019-06-17T20:00:00.000,171,82,89
2019-06-17T21:00:00.000,95,45,50
2019-06-17T22:00:00.000,53,25,28
2019-06-17T23:00:00.000,16,3,13
2019-06-18T00:00:00.000,14,8,6
2019-06-18T01:00:00.000,13,6,7
2019-06-18T02:00:00.000,3,2,1
2019-06-18T03:00:00.000,3,1,2
2019-06-18T04:00:00.000,6,1,5
2019-06-18T05:00:00.000,45,20,25
2019-06-18T06:00:00.000,133,70,63
2019-06-18T07:00:00.000,382,198,184
2019-06-18T08:00:00.000,532,233,299
2019-06-18T09:00:00.000,291,120,171
2019-06-18T10:00:00.000,101,49,52
2019-06-18T11:00:00.000,69,43,26
2019-06-18T12:00:00.000,104,47,57
2019-06-18T13:00:00.000,73,31,42
2019-06-18T14:00:00.000,123,39,84
2019-06-18T15:00:00.000,137,54,83
2019-06-18T16:00:00.000,335,89,246
2019-06-18T17:00:00.000,714,191,523
2019-06-18T18:00:00.000,416,110,306
2019-06-18T19:00:00.000,186,67,119
2019-06-18T20:00:00.000,123,40,83
2019-06-18T21:00:00.000,64,25,39
2019-06-18T22:00:00.000,52,20,32
2019-06-18T23:00:00.000,17,5,12
2019-06-19T00:00:00.000,11,6,5
2019-06-19T01:00:00.000,6,3,3
2019-06-19T02:00:00.000,3,1,2
2019-06-19T03:00:00.000,2,2,0
2019-06-19T04:00:00.000,9,5,4
2019-06-19T05:00:00.000,54,26,28
2019-06-19T06:00:00.000,187,87,100
2019-06-19T07:00:00.000,524,262,262
2019-06-19T08:00:00.000,695,314,381
2019-06-19T09:00:00.000,375,136,239
2019-06-19T10:00:00.000,167,65,102
2019-06-19T11:00:00.000,131,64,67
2019-06-19T12:00:00.000,127,52,75
2019-06-19T13:00:00.000,139,82,57
2019-06-19T14:00:00.000,140,65,75
2019-06-19T15:00:00.000,204,83,121
2019-06-19T16:00:00.000,509,156,353
2019-06-19T17:00:00.000,893,232,661
2019-06-19T18:00:00.000,554,174,380
2019-06-19T19:00:00.000,339,105,234
2019-06-19T20:00:00.000,168,59,109
2019-06-19T21:00:00.000,80,27,53
2019-06-19T22:00:00.000,32,15,17
2019-06-19T23:00:00.000,23,8,15
2019-06-20T00:00:00.000,6,3,3
2019-06-20T01:00:00.000,6,2,4
2019-06-20T02:00:00.000,2,0,2
2019-06-20T03:00:00.000,2,0,2
2019-06-20T04:00:00.000,4,4,0
2019-06-20T05:00:00.000,48,26,22
2019-06-20T06:00:00.000,160,75,85
2019-06-20T07:00:00.000,399,195,204
2019-06-20T08:00:00.000,628,284,344
2019-06-20T09:00:00.000,369,146,223
2019-06-20T10:00:00.000,165,62,103
2019-06-20T11:00:00.000,136,59,77
2019-06-20T12:00:00.000,125,51,74
2019-06-20T13:00:00.000,136,64,72
2019-06-20T14:00:00.000,136,50,86
2019-06-20T15:00:00.000,196,70,126
2019-06-20T16:00:00.000,420,143,277
2019-06-20T17:00:00.000,767,180,587
2019-06-20T18:00:00.000,530,144,386
2019-06-20T19:00:00.000,278,92,186
2019-06-20T20:00:00.000,203,87,116
2019-06-20T21:00:00.000,117,46,71
2019-06-20T22:00:00.000,45,24,21
2019-06-20T23:00:00.000,30,10,20
2019-06-21T00:00:00.000,10,2,8
2019-06-21T01:00:00.000,12,7,5
2019-06-21T02:00:00.000,5,2,3
2019-06-21T03:00:00.000,2,1,1
2019-06-21T04:00:00.000,7,3,4
2019-06-21T05:00:00.000,44,27,17
2019-06-21T06:00:00.000,140,65,75
2019-06-21T07:00:00.000,382,202,180
2019-06-21T08:00:00.000,547,232,315
2019-06-21T09:00:00.000,313,124,189
2019-06-21T10:00:00.000,162,61,101
2019-06-21T11:00:00.000,143,41,102
2019-06-21T12:00:00.000,147,64,83
2019-06-21T13:00:00.000,154,73,81
2019-06-21T14:00:00.000,189,63,126
2019-06-21T15:00:00.000,255,96,159
2019-06-21T16:00:00.000,479,133,346
2019-06-21T17:00:00.000,659,156,503
2019-06-21T18:00:00.000,339,113,226
2019-06-21T19:00:00.000,276,93,183
2019-06-21T20:00:00.000,179,86,93
2019-06-21T21:00:00.000,100,40,60
2019-06-21T22:00:00.000,55,28,27
2019-06-21T23:00:00.000,49,22,27
2019-06-22T00:00:00.000,39,14,25
2019-06-22T01:00:00.000,22,11,11
2019-06-22T02:00:00.000,2,1,1
2019-06-22T03:00:00.000,3,0,3
2019-06-22T04:00:00.000,15,3,12
2019-06-22T05:00:00.000,17,9,8
2019-06-22T06:00:00.000,36,11,25
2019-06-22T07:00:00.000,74,29,45
2019-06-22T08:00:00.000,112,54,58
2019-06-22T09:00:00.000,174,62,112
2019-06-22T10:00:00.000,239,91,148
2019-06-22T11:00:00.000,255,84,171
2019-06-22T12:00:00.000,192,83,109
2019-06-22T13:00:00.000,108,67,41
2019-06-22T14:00:00.000,43,20,23
2019-06-22T15:00:00.000,226,104,122
2019-06-22T16:00:00.000,253,113,140
2019-06-22T17:00:00.000,265,128,137
2019-06-22T18:00:00.000,232,115,117
2019-06-22T19:00:00.000,178,89,89
2019-06-22T20:00:00.000,98,51,47
2019-06-22T21:00:00.000,86,46,40
2019-06-22T22:00:00.000,65,43,22
2019-06-22T23:00:00.000,44,19,25
2019-06-23T00:00:00.000,45,26,19
2019-06-23T01:00:00.000,14,5,9
2019-06-23T02:00:00.000,5,0,5
2019-06-23T03:00:00.000,2,1,1
2019-06-23T04:00:00.000,5,1,4
2019-06-23T05:00:00.000,8,2,6
2019-06-23T06:00:00.000,20,7,13
2019-06-23T07:00:00.000,37,18,19
2019-06-23T08:00:00.000,37,26,11
2019-06-23T09:00:00.000,75,39,36
2019-06-23T10:00:00.000,86,35,51
2019-06-23T11:00:00.000,136,67,69
2019-06-23T12:00:00.000,151,75,76
2019-06-23T13:00:00.000,169,63,106
2019-06-23T14:00:00.000,153,56,97
2019-06-23T15:00:00.000,205,88,117
2019-06-23T16:00:00.000,185,75,110
2019-06-23T17:00:00.000,140,68,72
2019-06-23T18:00:00.000,110,51,59
2019-06-23T19:00:00.000,54,27,27
2019-06-23T20:00:00.000,53,29,24
2019-06-23T21:00:00.000,26,11,15
2019-06-23T22:00:00.000,16,6,10
2019-06-23T23:00:00.000,19,8,11
2019-06-24T00:00:00.000,7,3,4
2019-06-24T01:00:00.000,2,1,1
2019-06-24T02:00:00.000,6,1,5
2019-06-24T03:00:00.000,0,0,0
2019-06-24T04:00:00.000,6,2,4
2019-06-24T05:00:00.000,50,26,24
2019-06-24T06:00:00.000,168,82,86
2019-06-24T07:00:00.000,424,200,224
2019-06-24T08:00:00.000,686,323,363
2019-06-24T09:00:00.000,329,133,196
2019-06-24T10:00:00.000,118,47,71
2019-06-24T11:00:00.000,90,31,59
2019-06-24T12:00:00.000,90,49,41
2019-06-24T13:00:00.000,119,49,70
2019-06-24T14:00:00.000,142,68,74
2019-06-24T15:00:00.000,188,76,112
2019-06-24T16:00:00.000,448,131,317
2019-06-24T17:00:00.000,844,190,654
2019-06-24T18:00:00.000,572,169,403
2019-06-24T19:00:00.000,276,108,168
2019-06-24T20:00:00.000,194,93,101
2019-06-24T21:00:00.000,99,43,56
2019-06-24T22:00:00.000,60,25,35
2019-06-24T23:00:00.000,30,12,18
2019-06-25T00:00:00.000,9,4,5
2019-06-25T01:00:00.000,0,0,0
2019-06-25T02:00:00.000,3,2,1
2019-06-25T03:00:00.000,4,1,3
2019-06-25T04:00:00.000,9,6,3
2019-06-25T05:00:00.000,66,34,32
2019-06-25T06:00:00.000,206,97,109
2019-06-25T07:00:00.000,560,275,285
2019-06-25T08:00:00.000,838,389,449
2019-06-25T09:00:00.000,423,190,233
2019-06-25T10:00:00.000,186,88,98
2019-06-25T11:00:00.000,140,62,78
2019-06-25T12:00:00.000,150,61,89
2019-06-25T13:00:00.000,136,55,81
2019-06-25T14:00:00.000,160,69,91
2019-06-25T15:00:00.000,262,87,175
2019-06-25T16:00:00.000,506,152,354
2019-06-25T17:00:00.000,1052,257,795
2019-06-25T18:00:00.000,644,189,455
2019-06-25T19:00:00.000,351,119,232
2019-06-25T20:00:00.000,137,59,78
2019-06-25T21:00:00.000,110,58,52
2019-06-25T22:00:00.000,73,29,44
2019-06-25T23:00:00.000,35,11,24
2019-06-26T00:00:00.000,13,4,9
2019-06-26T01:00:00.000,8,3,5
2019-06-26T02:00:00.000,2,0,2
2019-06-26T03:00:00.000,5,4,1
2019-06-26T04:00:00.000,10,3,7
2019-06-26T05:00:00.000,54,27,27
2019-06-26T06:00:00.000,186,97,89
2019-06-26T07:00:00.000,540,272,268
2019-06-26T08:00:00.000,698,310,388
2019-06-26T09:00:00.000,358,156,202
2019-06-26T10:00:00.000,167,75,92
2019-06-26T11:00:00.000,138,70,68
2019-06-26T12:00:00.000,129,61,68
2019-06-26T13:00:00.000,138,51,87
2019-06-26T14:00:00.000,161,59,102
2019-06-26T15:00:00.000,240,94,146
2019-06-26T16:00:00.000,391,111,280
2019-06-26T17:00:00.000,770,179,591
2019-06-26T18:00:00.000,491,134,357
2019-06-26T19:00:00.000,219,56,163
2019-06-26T20:00:00.000,140,49,91
2019-06-26T21:00:00.000,104,44,60
2019-06-26T22:00:00.000,48,27,21
2019-06-26T23:00:00.000,22,5,17
2019-06-27T00:00:00.000,15,9,6
2019-06-27T01:00:00.000,5,1,4
2019-06-27T02:00:00.000,4,2,2
2019-06-27T03:00:00.000,3,2,1
2019-06-27T04:00:00.000,6,4,2
2019-06-27T05:00:00.000,47,24,23
2019-06-27T06:00:00.000,130,53,77
2019-06-27T07:00:00.000,304,149,155
2019-06-27T08:00:00.000,474,192,282
2019-06-27T09:00:00.000,266,108,158
2019-06-27T10:00:00.000,130,46,84
2019-06-27T11:00:00.000,118,48,70
2019-06-27T12:00:00.000,104,39,65
2019-06-27T13:00:00.000,112,53,59
2019-06-27T14:00:00.000,119,47,72
2019-06-27T15:00:00.000,186,81,105
2019-06-27T16:00:00.000,361,110,251
2019-06-27T17:00:00.000,632,162,470
2019-06-27T18:00:00.000,455,121,334
2019-06-27T19:00:00.000,207,72,135
2019-06-27T20:00:00.000,142,53,89
2019-06-27T21:00:00.000,82,39,43
2019-06-27T22:00:00.000,36,16,20
2019-06-27T23:00:00.000,31,15,16
2019-06-28T00:00:00.000,15,9,6
2019-06-28T01:00:00.000,6,3,3
2019-06-28T02:00:00.000,1,1,0
2019-06-28T03:00:00.000,3,1,2
2019-06-28T04:00:00.000,8,3,5
2019-06-28T05:00:00.000,40,17,23
2019-06-28T06:00:00.000,153,77,76
2019-06-28T07:00:00.000,399,214,185
2019-06-28T08:00:00.000,551,241,310
2019-06-28T09:00:00.000,368,141,227
2019-06-28T10:00:00.000,189,69,120
2019-06-28T11:00:00.000,153,68,85
2019-06-28T12:00:00.000,136,47,89
2019-06-28T13:00:00.000,177,62,115
2019-06-28T14:00:00.000,171,61,110
2019-06-28T15:00:00.000,261,87,174
2019-06-28T16:00:00.000,519,137,382
2019-06-28T17:00:00.000,653,176,477
2019-06-28T18:00:00.000,421,138,283
2019-06-28T19:00:00.000,223,65,158
2019-06-28T20:00:00.000,164,66,98
2019-06-28T21:00:00.000,100,36,64
2019-06-28T22:00:00.000,51,21,30
2019-06-28T23:00:00.000,35,13,22
2019-06-29T00:00:00.000,28,11,17
2019-06-29T01:00:00.000,11,5,6
2019-06-29T02:00:00.000,3,2,1
2019-06-29T03:00:00.000,5,3,2
2019-06-29T04:00:00.000,1,0,1
2019-06-29T05:00:00.000,19,9,10
2019-06-29T06:00:00.000,31,9,22
2019-06-29T07:00:00.000,57,26,31
2019-06-29T08:00:00.000,112,51,61
2019-06-29T09:00:00.000,149,65,84
2019-06-29T10:00:00.000,165,75,90
2019-06-29T11:00:00.000,253,105,148
2019-06-29T12:00:00.000,272,114,158
2019-06-29T13:00:00.000,293,137,156
2019-06-29T14:00:00.000,308,145,163
2019-06-29T15:00:00.000,282,137,145
2019-06-29T16:00:00.000,308,134,174
2019-06-29T17:00:00.000,252,122,130
2019-06-29T18:00:00.000,210,107,103
2019-06-29T19:00:00.000,130,57,73
2019-06-29T20:00:00.000,114,51,63
2019-06-29T21:00:00.000,86,41,45
2019-06-29T22:00:00.000,57,17,40
2019-06-29T23:00:00.000,37,12,25
2019-06-30T00:00:00.000,27,9,18
2019-06-30T01:00:00.000,21,11,10
2019-06-30T02:00:00.000,15,8,7
2019-06-30T03:00:00.000,2,2,0
2019-06-30T04:00:00.000,3,1,2
2019-06-30T05:00:00.000,9,5,4
2019-06-30T06:00:00.000,26,10,16
2019-06-30T07:00:00.000,44,19,25
2019-06-30T08:00:00.000,110,54,56
2019-06-30T09:00:00.000,169,77,92
2019-06-30T10:00:00.000,258,117,141
2019-06-30T11:00:00.000,330,182,148
2019-06-30T12:00:00.000,336,149,187
2019-06-30T13:00:00.000,338,148,190
2019-06-30T14:00:00.000,315,116,199
2019-06-30T15:00:00.000,361,145,216
2019-06-30T16:00:00.000,331,148,183
2019-06-30T17:00:00.000,232,84,148
2019-06-30T18:00:00.000,207,68,139
2019-06-30T19:00:00.000,135,58,77
2019-06-30T20:00:00.000,130,72,58
2019-06-30T21:00:00.000,63,31,32
2019-06-30T22:00:00.000,50,20,30
2019-06-30T23:00:00.000,22,7,15
2019-07-01T00:00:00.000,10,5,5
2019-07-01T01:00:00.000,6,3,3
2019-07-01T02:00:00.000,3,1,2
2019-07-01T03:00:00.000,2,1,1
2019-07-01T04:00:00.000,12,2,10
2019-07-01T05:00:00.000,55,30,25
2019-07-01T06:00:00.000,170,78,92
2019-07-01T07:00:00.000,498,246,252
2019-07-01T08:00:00.000,752,323,429
2019-07-01T09:00:00.000,415,178,237
2019-07-01T10:00:00.000,192,75,117
2019-07-01T11:00:00.000,157,76,81
2019-07-01T12:00:00.000,144,61,83
2019-07-01T13:00:00.000,160,70,90
2019-07-01T14:00:00.000,166,56,110
2019-07-01T15:00:00.000,234,100,134
2019-07-01T16:00:00.000,532,141,391
2019-07-01T17:00:00.000,900,196,704
2019-07-01T18:00:00.000,598,190,408
2019-07-01T19:00:00.000,302,109,193
2019-07-01T20:00:00.000,186,78,108
2019-07-01T21:00:00.000,118,58,60
2019-07-01T22:00:00.000,61,23,38
2019-07-01T23:00:00.000,32,11,21
2019-07-02T00:00:00.000,9,4,5
2019-07-02T01:00:00.000,2,1,1
2019-07-02T02:00:00.000,7,0,7
2019-07-02T03:00:00.000,4,1,3
2019-07-02T04:00:00.000,12,6,6
2019-07-02T05:00:00.000,42,22,20
2019-07-02T06:00:00.000,178,89,89
2019-07-02T07:00:00.000,398,203,195
2019-07-02T08:00:00.000,567,238,329
2019-07-02T09:00:00.000,313,133,180
2019-07-02T10:00:00.000,101,38,63
2019-07-02T11:00:00.000,91,38,53
2019-07-02T12:00:00.000,97,36,61
2019-07-02T13:00:00.000,71,26,45
2019-07-02T14:00:00.000,88,30,58
2019-07-02T15:00:00.000,96,30,66
2019-07-02T16:00:00.000,255,57,198
2019-07-02T17:00:00.000,571,129,442
2019-07-02T18:00:00.000,347,80,267
2019-07-02T19:00:00.000,114,33,81
2019-07-02T20:00:00.000,58,18,40
2019-07-02T21:00:00.000,39,15,24
2019-07-02T22:00:00.000,19,6,13
2019-07-02T23:00:00.000,16,10,6
2019-07-03T00:00:00.000,5,2,3
2019-07-03T01:00:00.000,3,1,2
2019-07-03T02:00:00.000,0,0,0
2019-07-03T03:00:00.000,1,0,1
2019-07-03T04:00:00.000,7,5,2
2019-07-03T05:00:00.000,47,28,19
2019-07-03T06:00:00.000,133,64,69
2019-07-03T07:00:00.000,336,147,189
2019-07-03T08:00:00.000,445,189,256
2019-07-03T09:00:00.000,287,118,169
2019-07-03T10:00:00.000,96,43,53
2019-07-03T11:00:00.000,95,39,56
2019-07-03T12:00:00.000,90,31,59
2019-07-03T13:00:00.000,134,65,69
2019-07-03T14:00:00.000,134,42,92
2019-07-03T15:00:00.000,282,98,184
2019-07-03T16:00:00.000,427,128,299
2019-07-03T17:00:00.000,586,151,435
2019-07-03T18:00:00.000,385,136,249
2019-07-03T19:00:00.000,204,73,131
2019-07-03T20:00:00.000,113,44,69
2019-07-03T21:00:00.000,91,42,49
2019-07-03T22:00:00.000,61,24,37
2019-07-03T23:00:00.000,36,18,18
2019-07-04T00:00:00.000,14,5,9
2019-07-04T01:00:00.000,11,6,5
2019-07-04T02:00:00.000,7,5,2
2019-07-04T03:00:00.000,4,1,3
2019-07-04T04:00:00.000,4,1,3
2019-07-04T05:00:00.000,8,3,5
2019-07-04T06:00:00.000,40,17,23
2019-07-04T07:00:00.000,52,24,28
2019-07-04T08:00:00.000,115,50,65
2019-07-04T09:00:00.000,140,68,72
2019-07-04T10:00:00.000,174,82,92
2019-07-04T11:00:00.000,215,93,122
2019-07-04T12:00:00.000,257,130,127
2019-07-04T13:00:00.000,307,109,198
2019-07-04T14:00:00.000,351,144,207
2019-07-04T15:00:00.000,289,118,171
2019-07-04T16:00:00.000,310,115,195
2019-07-04T17:00:00.000,295,138,157
2019-07-04T18:00:00.000,281,119,162
2019-07-04T19:00:00.000,272,108,164
2019-07-04T20:00:00.000,210,85,125
2019-07-04T21:00:00.000,173,91,82
2019-07-04T22:00:00.000,113,44,69
2019-07-04T23:00:00.000,320,120,200
2019-07-05T00:00:00.000,60,28,32
2019-07-05T01:00:00.000,18,6,12
2019-07-05T02:00:00.000,10,4,6
2019-07-05T03:00:00.000,5,3,2
2019-07-05T04:00:00.000,5,1,4
2019-07-05T05:00:00.000,30,20,10
2019-07-05T06:00:00.000,68,31,37
2019-07-05T07:00:00.000,128,64,64
2019-07-05T08:00:00.000,187,77,110
2019-07-05T09:00:00.000,169,55,114
2019-07-05T10:00:00.000,112,56,56
2019-07-05T11:00:00.000,139,60,79
2019-07-05T12:00:00.000,155,59,96
2019-07-05T13:00:00.000,159,69,90
2019-07-05T14:00:00.000,167,59,108
2019-07-05T15:00:00.000,249,85,164
2019-07-05T16:00:00.000,263,80,183
2019-07-05T17:00:00.000,292,100,192
2019-07-05T18:00:00.000,202,61,141
2019-07-05T19:00:00.000,112,52,60
2019-07-05T20:00:00.000,65,24,41
2019-07-05T21:00:00.000,58,29,29
2019-07-05T22:00:00.000,36,16,20
2019-07-05T23:00:00.000,26,13,13
2019-07-06T00:00:00.000,17,5,12
2019-07-06T01:00:00.000,3,1,2
2019-07-06T02:00:00.000,5,1,4
2019-07-06T03:00:00.000,7,2,5
2019-07-06T04:00:00.000,8,6,2
2019-07-06T05:00:00.000,14,5,9
2019-07-06T06:00:00.000,37,14,23
2019-07-06T07:00:00.000,55,18,37
2019-07-06T08:00:00.000,72,31,41
2019-07-06T09:00:00.000,104,51,53
2019-07-06T10:00:00.000,220,119,101
2019-07-06T11:00:00.000,214,85,129
2019-07-06T12:00:00.000,256,123,133
2019-07-06T13:00:00.000,242,117,125
2019-07-06T14:00:00.000,304,127,177
2019-07-06T15:00:00.000,305,134,171
2019-07-06T16:00:00.000,302,145,157
2019-07-06T17:00:00.000,231,114,117
2019-07-06T18:00:00.000,198,76,122
2019-07-06T19:00:00.000,140,61,79
2019-07-06T20:00:00.000,84,34,50
2019-07-06T21:00:00.000,73,26,47
2019-07-06T22:00:00.000,48,14,34
2019-07-06T23:00:00.000,35,19,16
2019-07-07T00:00:00.000,24,4,20
2019-07-07T01:00:00.000,13,5,8
2019-07-07T02:00:00.000,10,6,4
2019-07-07T03:00:00.000,1,0,1
2019-07-07T04:00:00.000,4,2,2
2019-07-07T05:00:00.000,4,1,3
2019-07-07T06:00:00.000,16,3,13
2019-07-07T07:00:00.000,43,16,27
2019-07-07T08:00:00.000,56,27,29
2019-07-07T09:00:00.000,88,42,46
2019-07-07T10:00:00.000,154,79,75
2019-07-07T11:00:00.000,199,111,88
2019-07-07T12:00:00.000,239,91,148
2019-07-07T13:00:00.000,233,96,137
2019-07-07T14:00:00.000,251,114,137
2019-07-07T15:00:00.000,203,111,92
2019-07-07T16:00:00.000,192,100,92
2019-07-07T17:00:00.000,115,54,61
2019-07-07T18:00:00.000,103,43,60
2019-07-07T19:00:00.000,52,25,27
2019-07-07T20:00:00.000,17,9,8
2019-07-07T21:00:00.000,20,6,14
2019-07-07T22:00:00.000,15,9,6
2019-07-07T23:00:00.000,12,5,7
2019-07-08T00:00:00.000,5,2,3
2019-07-08T01:00:00.000,3,1,2
2019-07-08T02:00:00.000,1,1,0
2019-07-08T03:00:00.000,0,0,0
2019-07-08T04:00:00.000,5,3,2
2019-07-08T05:00:00.000,43,23,20
2019-07-08T06:00:00.000,130,61,69
2019-07-08T07:00:00.000,427,199,228
2019-07-08T08:00:00.000,609,288,321
2019-07-08T09:00:00.000,323,131,192
2019-07-08T10:00:00.000,136,52,84
2019-07-08T11:00:00.000,92,40,52
2019-07-08T12:00:00.000,86,34,52
2019-07-08T13:00:00.000,132,58,74
2019-07-08T14:00:00.000,115,56,59
2019-07-08T15:00:00.000,184,66,118
2019-07-08T16:00:00.000,437,140,297
2019-07-08T17:00:00.000,807,194,613
2019-07-08T18:00:00.000,543,171,372
2019-07-08T19:00:00.000,273,102,171
2019-07-08T20:00:00.000,186,63,123
2019-07-08T21:00:00.000,93,38,55
2019-07-08T22:00:00.000,63,19,44
2019-07-08T23:00:00.000,21,6,15
2019-07-09T00:00:00.000,9,4,5
2019-07-09T01:00:00.000,4,2,2
2019-07-09T02:00:00.000,4,0,4
2019-07-09T03:00:00.000,2,0,2
2019-07-09T04:00:00.000,9,6,3
2019-07-09T05:00:00.000,54,21,33
2019-07-09T06:00:00.000,211,108,103
2019-07-09T07:00:00.000,554,258,296
2019-07-09T08:00:00.000,675,317,358
2019-07-09T09:00:00.000,402,157,245
2019-07-09T10:00:00.000,138,60,78
2019-07-09T11:00:00.000,114,58,56
2019-07-09T12:00:00.000,116,44,72
2019-07-09T13:00:00.000,145,65,80
2019-07-09T14:00:00.000,126,39,87
2019-07-09T15:00:00.000,210,81,129
2019-07-09T16:00:00.000,455,127,328
2019-07-09T17:00:00.000,888,217,671
2019-07-09T18:00:00.000,499,148,351
2019-07-09T19:00:00.000,209,50,159
2019-07-09T20:00:00.000,127,43,84
2019-07-09T21:00:00.000,58,29,29
2019-07-09T22:00:00.000,26,4,22
2019-07-09T23:00:00.000,16,3,13
2019-07-10T00:00:00.000,10,3,7
2019-07-10T01:00:00.000,3,0,3
2019-07-10T02:00:00.000,1,1,0
2019-07-10T03:00:00.000,3,3,0
2019-07-10T04:00:00.000,8,5,3
2019-07-10T05:00:00.000,32,12,20
2019-07-10T06:00:00.000,94,46,48
2019-07-10T07:00:00.000,308,145,163
2019-07-10T08:00:00.000,383,168,215
2019-07-10T09:00:00.000,221,94,127
2019-07-10T10:00:00.000,102,37,65
2019-07-10T11:00:00.000,62,38,24
2019-07-10T12:00:00.000,75,26,49
2019-07-10T13:00:00.000,50,23,27
2019-07-10T14:00:00.000,59,24,35
2019-07-10T15:00:00.000,70,26,44
2019-07-10T16:00:00.000,244,73,171
2019-07-10T17:00:00.000,550,139,411
2019-07-10T18:00:00.000,406,117,289
2019-07-10T19:00:00.000,217,78,139
2019-07-10T20:00:00.000,129,43,86
2019-07-10T21:00:00.000,76,29,47
2019-07-10T22:00:00.000,39,26,13
2019-07-10T23:00:00.000,24,7,17
2019-07-11T00:00:00.000,10,6,4
2019-07-11T01:00:00.000,6,1,5
2019-07-11T02:00:00.000,5,2,3
2019-07-11T03:00:00.000,5,3,2
2019-07-11T04:00:00.000,8,6,2
2019-07-11T05:00:00.000,50,16,34
2019-07-11T06:00:00.000,171,83,88
2019-07-11T07:00:00.000,506,230,276
2019-07-11T08:00:00.000,735,312,423
2019-07-11T09:00:00.000,392,163,229
2019-07-11T10:00:00.000,178,67,111
2019-07-11T11:00:00.000,123,64,59
2019-07-11T12:00:00.000,151,64,87
2019-07-11T13:00:00.000,155,67,88
2019-07-11T14:00:00.000,152,64,88
2019-07-11T15:00:00.000,211,73,138
2019-07-11T16:00:00.000,522,137,385
2019-07-11T17:00:00.000,871,220,651
2019-07-11T18:00:00.000,551,196,355
2019-07-11T19:00:00.000,327,120,207
2019-07-11T20:00:00.000,217,87,130
2019-07-11T21:00:00.000,125,56,69
2019-07-11T22:00:00.000,69,30,39
2019-07-11T23:00:00.000,25,6,19
2019-07-12T00:00:00.000,14,4,10
2019-07-12T01:00:00.000,11,5,6
2019-07-12T02:00:00.000,4,2,2
2019-07-12T03:00:00.000,2,2,0
2019-07-12T04:00:00.000,12,4,8
2019-07-12T05:00:00.000,24,11,13
2019-07-12T06:00:00.000,165,69,96
2019-07-12T07:00:00.000,411,189,222
2019-07-12T08:00:00.000,590,256,334
2019-07-12T09:00:00.000,373,156,217
2019-07-12T10:00:00.000,126,58,68
2019-07-12T11:00:00.000,142,68,74
2019-07-12T12:00:00.000,154,62,92
2019-07-12T13:00:00.000,191,86,105
2019-07-12T14:00:00.000,211,77,134
2019-07-12T15:00:00.000,338,132,206
2019-07-12T16:00:00.000,545,139,406
2019-07-12T17:00:00.000,730,213,517
2019-07-12T18:00:00.000,449,153,296
2019-07-12T19:00:00.000,280,110,170
2019-07-12T20:00:00.000,161,64,97
2019-07-12T21:00:00.000,124,52,72
2019-07-12T22:00:00.000,83,30,53
2019-07-12T23:00:00.000,38,15,23
2019-07-13T00:00:00.000,33,17,16
2019-07-13T01:00:00.000,17,7,10
2019-07-13T02:00:00.000,9,3,6
2019-07-13T03:00:00.000,9,3,6
2019-07-13T04:00:00.000,35,6,29
2019-07-13T05:00:00.000,56,17,39
2019-07-13T06:00:00.000,46,11,35
2019-07-13T07:00:00.000,63,24,39
2019-07-13T08:00:00.000,91,47,44
2019-07-13T09:00:00.000,144,62,82
2019-07-13T10:00:00.000,195,97,98
2019-07-13T11:00:00.000,205,84,121
2019-07-13T12:00:00.000,259,124,135
2019-07-13T13:00:00.000,284,130,154
2019-07-13T14:00:00.000,310,145,165
2019-07-13T15:00:00.000,241,122,119
2019-07-13T16:00:00.000,273,128,145
2019-07-13T17:00:00.000,222,102,120
2019-07-13T18:00:00.000,176,81,95
2019-07-13T19:00:00.000,150,66,84
2019-07-13T20:00:00.000,103,54,49
2019-07-13T21:00:00.000,63,29,34
2019-07-13T22:00:00.000,60,30,30
2019-07-13T23:00:00.000,42,14,28
2019-07-14T00:00:00.000,21,11,10
2019-07-14T01:00:00.000,16,6,10
2019-07-14T02:00:00.000,7,2,5
2019-07-14T03:00:00.000,3,0,3
2019-07-14T04:00:00.000,4,1,3
2019-07-14T05:00:00.000,8,1,7
2019-07-14T06:00:00.000,27,8,19
2019-07-14T07:00:00.000,52,21,31
2019-07-14T08:00:00.000,114,44,70
2019-07-14T09:00:00.000,147,62,85
2019-07-14T10:00:00.000,159,82,77
2019-07-14T11:00:00.000,237,97,140
2019-07-14T12:00:00.000,292,114,178
2019-07-14T13:00:00.000,295,120,175
2019-07-14T14:00:00.000,297,139,158
2019-07-14T15:00:00.000,286,123,163
2019-07-14T16:00:00.000,328,150,178
2019-07-14T17:00:00.000,236,105,131
2019-07-14T18:00:00.000,179,75,104
2019-07-14T19:00:00.000,162,86,76
2019-07-14T20:00:00.000,110,46,64
2019-07-14T21:00:00.000,72,42,30
2019-07-14T22:00:00.000,46,16,30
2019-07-14T23:00:00.000,24,8,16
2019-07-15T00:00:00.000,8,7,1
2019-07-15T01:00:00.000,11,4,7
2019-07-15T02:00:00.000,5,4,1
2019-07-15T03:00:00.000,1,1,0
2019-07-15T04:00:00.000,10,4,6
2019-07-15T05:00:00.000,67,33,34
2019-07-15T06:00:00.000,172,78,94
2019-07-15T07:00:00.000,475,236,239
2019-07-15T08:00:00.000,708,325,383
2019-07-15T09:00:00.000,385,161,224
2019-07-15T10:00:00.000,126,42,84
2019-07-15T11:00:00.000,90,42,48
2019-07-15T12:00:00.000,76,35,41
2019-07-15T13:00:00.000,78,37,41
2019-07-15T14:00:00.000,101,42,59
2019-07-15T15:00:00.000,173,56,117
2019-07-15T16:00:00.000,423,115,308
2019-07-15T17:00:00.000,815,175,640
2019-07-15T18:00:00.000,518,147,371
2019-07-15T19:00:00.000,242,91,151
2019-07-15T20:00:00.000,140,43,97
2019-07-15T21:00:00.000,68,22,46
2019-07-15T22:00:00.000,39,19,20
2019-07-15T23:00:00.000,29,16,13
2019-07-16T00:00:00.000,4,2,2
2019-07-16T01:00:00.000,3,3,0
2019-07-16T02:00:00.000,3,1,2
2019-07-16T03:00:00.000,3,3,0
2019-07-16T04:00:00.000,9,4,5
2019-07-16T05:00:00.000,44,17,27
2019-07-16T06:00:00.000,190,89,101
2019-07-16T07:00:00.000,567,284,283
2019-07-16T08:00:00.000,792,349,443
2019-07-16T09:00:00.000,386,158,228
2019-07-16T10:00:00.000,163,77,86
2019-07-16T11:00:00.000,147,58,89
2019-07-16T12:00:00.000,120,63,57
2019-07-16T13:00:00.000,144,55,89
2019-07-16T14:00:00.000,158,69,89
2019-07-16T15:00:00.000,216,68,148
2019-07-16T16:00:00.000,537,162,375
2019-07-16T17:00:00.000,914,232,682
2019-07-16T18:00:00.000,597,185,412
2019-07-16T19:00:00.000,338,117,221
2019-07-16T20:00:00.000,214,74,140
2019-07-16T21:00:00.000,111,50,61
2019-07-16T22:00:00.000,51,21,30
2019-07-16T23:00:00.000,26,10,16
2019-07-17T00:00:00.000,13,7,6
2019-07-17T01:00:00.000,6,2,4
2019-07-17T02:00:00.000,7,4,3
2019-07-17T03:00:00.000,4,2,2
2019-07-17T04:00:00.000,15,10,5
2019-07-17T05:00:00.000,43,19,24
2019-07-17T06:00:00.000,122,64,58
2019-07-17T07:00:00.000,340,171,169
2019-07-17T08:00:00.000,511,212,299
2019-07-17T09:00:00.000,332,133,199
2019-07-17T10:00:00.000,142,61,81
2019-07-17T11:00:00.000,100,51,49
2019-07-17T12:00:00.000,93,54,39
2019-07-17T13:00:00.000,78,24,54
2019-07-17T14:00:00.000,88,24,64
2019-07-17T15:00:00.000,141,48,93
2019-07-17T16:00:00.000,350,109,241
2019-07-17T17:00:00.000,672,172,500
2019-07-17T18:00:00.000,433,122,311
2019-07-17T19:00:00.000,208,83,125
2019-07-17T20:00:00.000,128,54,74
2019-07-17T21:00:00.000,71,34,37
2019-07-17T22:00:00.000,39,16,23
2019-07-17T23:00:00.000,18,7,11
2019-07-18T00:00:00.000,9,3,6
2019-07-18T01:00:00.000,8,6,2
2019-07-18T02:00:00.000,1,0,1
2019-07-18T03:00:00.000,3,1,2
2019-07-18T04:00:00.000,10,5,5
2019-07-18T05:00:00.000,47,18,29
2019-07-18T06:00:00.000,157,74,83
2019-07-18T07:00:00.000,407,200,207
2019-07-18T08:00:00.000,649,277,372
2019-07-18T09:00:00.000,379,159,220
2019-07-18T10:00:00.000,159,66,93
2019-07-18T11:00:00.000,150,62,88
2019-07-18T12:00:00.000,128,59,69
2019-07-18T13:00:00.000,154,73,81
2019-07-18T14:00:00.000,166,66,100
2019-07-18T15:00:00.000,220,98,122
2019-07-18T16:00:00.000,429,130,299
2019-07-18T17:00:00.000,774,178,596
2019-07-18T18:00:00.000,450,123,327
2019-07-18T19:00:00.000,192,78,114
2019-07-18T20:00:00.000,105,35,70
2019-07-18T21:00:00.000,51,14,37
2019-07-18T22:00:00.000,17,8,9
2019-07-18T23:00:00.000,13,5,8
2019-07-19T00:00:00.000,6,1,5
2019-07-19T01:00:00.000,7,2,5
2019-07-19T02:00:00.000,1,0,1
2019-07-19T03:00:00.000,6,3,3
2019-07-19T04:00:00.000,6,3,3
2019-07-19T05:00:00.000,34,13,21
2019-07-19T06:00:00.000,155,71,84
2019-07-19T07:00:00.000,363,177,186
2019-07-19T08:00:00.000,543,218,325
2019-07-19T09:00:00.000,319,126,193
2019-07-19T10:00:00.000,134,55,79
2019-07-19T11:00:00.000,143,57,86
2019-07-19T12:00:00.000,151,50,101
2019-07-19T13:00:00.000,157,64,93
2019-07-19T14:00:00.000,235,110,125
2019-07-19T15:00:00.000,303,109,194
2019-07-19T16:00:00.000,500,155,345
2019-07-19T17:00:00.000,640,158,482
2019-07-19T18:00:00.000,400,117,283
2019-07-19T19:00:00.000,249,107,142
2019-07-19T20:00:00.000,150,54,96
2019-07-19T21:00:00.000,98,44,54
2019-07-19T22:00:00.000,73,20,53
2019-07-19T23:00:00.000,40,17,23
2019-07-20T00:00:00.000,26,8,18
2019-07-20T01:00:00.000,26,13,13
2019-07-20T02:00:00.000,11,4,7
2019-07-20T03:00:00.000,4,4,0
2019-07-20T04:00:00.000,4,0,4
2019-07-20T05:00:00.000,10,6,4
2019-07-20T06:00:00.000,27,10,17
2019-07-20T07:00:00.000,61,26,35
2019-07-20T08:00:00.000,107,45,62
2019-07-20T09:00:00.000,168,73,95
2019-07-20T10:00:00.000,188,73,115
2019-07-20T11:00:00.000,235,111,124
2019-07-20T12:00:00.000,318,153,165
2019-07-20T13:00:00.000,342,121,221
2019-07-20T14:00:00.000,259,124,135
2019-07-20T15:00:00.000,281,131,150
2019-07-20T16:00:00.000,293,139,154
2019-07-20T17:00:00.000,218,85,133
2019-07-20T18:00:00.000,195,86,109
2019-07-20T19:00:00.000,173,89,84
2019-07-20T20:00:00.000,117,43,74
2019-07-20T21:00:00.000,66,30,36
2019-07-20T22:00:00.000,60,27,33
2019-07-20T23:00:00.000,63,20,43
2019-07-21T00:00:00.000,22,7,15
2019-07-21T01:00:00.000,18,5,13
2019-07-21T02:00:00.000,7,1,6
2019-07-21T03:00:00.000,5,2,3
2019-07-21T04:00:00.000,4,1,3
2019-07-21T05:00:00.000,9,4,5
2019-07-21T06:00:00.000,25,9,16
2019-07-21T07:00:00.000,61,32,29
2019-07-21T08:00:00.000,110,51,59
2019-07-21T09:00:00.000,142,66,76
2019-07-21T10:00:00.000,222,113,109
2019-07-21T11:00:00.000,298,154,144
2019-07-21T12:00:00.000,258,128,130
2019-07-21T13:00:00.000,287,124,163
2019-07-21T14:00:00.000,288,133,155
2019-07-21T15:00:00.000,306,149,157
2019-07-21T16:00:00.000,251,132,119
2019-07-21T17:00:00.000,186,91,95
2019-07-21T18:00:00.000,164,81,83
2019-07-21T19:00:00.000,119,55,64
2019-07-21T20:00:00.000,99,44,55
2019-07-21T21:00:00.000,90,30,60
2019-07-21T22:00:00.000,37,15,22
2019-07-21T23:00:00.000,25,6,19
2019-07-22T00:00:00.000,10,3,7
2019-07-22T01:00:00.000,2,2,0
2019-07-22T02:00:00.000,2,0,2
2019-07-22T03:00:00.000,9,3,6
2019-07-22T04:00:00.000,15,6,9
2019-07-22T05:00:00.000,53,27,26
2019-07-22T06:00:00.000,195,89,106
2019-07-22T07:00:00.000,563,274,289
2019-07-22T08:00:00.000,776,343,433
2019-07-22T09:00:00.000,415,173,242
2019-07-22T10:00:00.000,193,81,112
2019-07-22T11:00:00.000,106,43,63
2019-07-22T12:00:00.000,136,66,70
2019-07-22T13:00:00.000,135,56,79
2019-07-22T14:00:00.000,153,52,101
2019-07-22T15:00:00.000,249,99,150
2019-07-22T16:00:00.000,547,153,394
2019-07-22T17:00:00.000,877,177,700
2019-07-22T18:00:00.000,613,150,463
2019-07-22T19:00:00.000,330,116,214
2019-07-22T20:00:00.000,176,62,114
2019-07-22T21:00:00.000,100,38,62
2019-07-22T22:00:00.000,48,17,31
2019-07-22T23:00:00.000,26,14,12
2019-07-23T00:00:00.000,10,4,6
2019-07-23T01:00:00.000,9,2,7
2019-07-23T02:00:00.000,7,3,4
2019-07-23T03:00:00.000,3,2,1
2019-07-23T04:00:00.000,15,5,10
2019-07-23T05:00:00.000,55,22,33
2019-07-23T06:00:00.000,191,90,101
2019-07-23T07:00:00.000,594,264,330
2019-07-23T08:00:00.000,774,350,424
2019-07-23T09:00:00.000,442,187,255
2019-07-23T10:00:00.000,205,80,125
2019-07-23T11:00:00.000,129,65,64
2019-07-23T12:00:00.000,147,55,92
2019-07-23T13:00:00.000,117,50,67
2019-07-23T14:00:00.000,123,41,82
2019-07-23T15:00:00.000,208,69,139
2019-07-23T16:00:00.000,508,137,371
2019-07-23T17:00:00.000,900,224,676
2019-07-23T18:00:00.000,659,196,463
2019-07-23T19:00:00.000,271,83,188
2019-07-23T20:00:00.000,187,74,113
2019-07-23T21:00:00.000,107,49,58
2019-07-23T22:00:00.000,51,22,29
2019-07-23T23:00:00.000,27,15,12
2019-07-24T00:00:00.000,13,3,10
2019-07-24T01:00:00.000,9,4,5
2019-07-24T02:00:00.000,3,0,3
2019-07-24T03:00:00.000,6,1,5
2019-07-24T04:00:00.000,14,7,7
2019-07-24T05:00:00.000,54,31,23
2019-07-24T06:00:00.000,214,115,99
2019-07-24T07:00:00.000,534,238,296
2019-07-24T08:00:00.000,752,326,426
2019-07-24T09:00:00.000,420,171,249
2019-07-24T10:00:00.000,167,66,101
2019-07-24T11:00:00.000,150,56,94
2019-07-24T12:00:00.000,135,63,72
2019-07-24T13:00:00.000,153,73,80
2019-07-24T14:00:00.000,160,55,105
2019-07-24T15:00:00.000,206,73,133
2019-07-24T16:00:00.000,561,167,394
2019-07-24T17:00:00.000,920,220,700
2019-07-24T18:00:00.000,650,182,468
2019-07-24T19:00:00.000,328,112,216
2019-07-24T20:00:00.000,192,82,110
2019-07-24T21:00:00.000,116,58,58
2019-07-24T22:00:00.000,61,28,33
2019-07-24T23:00:00.000,39,17,22
2019-07-25T00:00:00.000,21,16,5
2019-07-25T01:00:00.000,14,6,8
2019-07-25T02:00:00.000,9,3,6
2019-07-25T03:00:00.000,8,3,5
2019-07-25T04:00:00.000,7,7,0
2019-07-25T05:00:00.000,61,29,32
2019-07-25T06:00:00.000,182,88,94
2019-07-25T07:00:00.000,496,248,248
2019-07-25T08:00:00.000,727,307,420
2019-07-25T09:00:00.000,418,169,249
2019-07-25T10:00:00.000,197,81,116
2019-07-25T11:00:00.000,156,69,87
2019-07-25T12:00:00.000,151,68,83
2019-07-25T13:00:00.000,167,90,77
2019-07-25T14:00:00.000,135,60,75
2019-07-25T15:00:00.000,272,83,189
2019-07-25T16:00:00.000,544,187,357
2019-07-25T17:00:00.000,909,228,681
2019-07-25T18:00:00.000,557,171,386
2019-07-25T19:00:00.000,301,97,204
2019-07-25T20:00:00.000,272,117,155
2019-07-25T21:00:00.000,132,50,82
2019-07-25T22:00:00.000,56,28,28
2019-07-25T23:00:00.000,42,15,27
2019-07-26T00:00:00.000,13,4,9
2019-07-26T01:00:00.000,7,1,6
2019-07-26T02:00:00.000,1,1,0
2019-07-26T03:00:00.000,4,1,3
2019-07-26T04:00:00.000,12,6,6
2019-07-26T05:00:00.000,34,15,19
2019-07-26T06:00:00.000,165,72,93
2019-07-26T07:00:00.000,437,213,224
2019-07-26T08:00:00.000,641,255,386
2019-07-26T09:00:00.000,362,147,215
2019-07-26T10:00:00.000,195,77,118
2019-07-26T11:00:00.000,142,65,77
2019-07-26T12:00:00.000,194,74,120
2019-07-26T13:00:00.000,167,65,102
2019-07-26T14:00:00.000,241,91,150
2019-07-26T15:00:00.000,296,89,207
2019-07-26T16:00:00.000,555,140,415
2019-07-26T17:00:00.000,719,169,550
2019-07-26T18:00:00.000,434,146,288
2019-07-26T19:00:00.000,290,107,183
2019-07-26T20:00:00.000,182,80,102
2019-07-26T21:00:00.000,620,541,79
2019-07-26T22:00:00.000,523,41,482
2019-07-26T23:00:00.000,135,32,103
2019-07-27T00:00:00.000,51,18,33
2019-07-27T01:00:00.000,28,18,10
2019-07-27T02:00:00.000,10,0,10
2019-07-27T03:00:00.000,8,3,5
2019-07-27T04:00:00.000,6,0,6
2019-07-27T05:00:00.000,10,4,6
2019-07-27T06:00:00.000,22,11,11
2019-07-27T07:00:00.000,48,25,23
2019-07-27T08:00:00.000,83,37,46
2019-07-27T09:00:00.000,126,66,60
2019-07-27T10:00:00.000,130,69,61
2019-07-27T11:00:00.000,173,91,82
2019-07-27T12:00:00.000,185,79,106
2019-07-27T13:00:00.000,197,85,112
2019-07-27T14:00:00.000,203,100,103
2019-07-27T15:00:00.000,166,65,101
2019-07-27T16:00:00.000,223,106,117
2019-07-27T17:00:00.000,180,75,105
2019-07-27T18:00:00.000,143,69,74
2019-07-27T19:00:00.000,107,46,61
2019-07-27T20:00:00.000,119,52,67
2019-07-27T21:00:00.000,62,22,40
2019-07-27T22:00:00.000,43,21,22
2019-07-27T23:00:00.000,43,12,31
2019-07-28T00:00:00.000,17,7,10
2019-07-28T01:00:00.000,10,2,8
2019-07-28T02:00:00.000,14,5,9
2019-07-28T03:00:00.000,2,2,0
2019-07-28T04:00:00.000,0,0,0
2019-07-28T05:00:00.000,9,3,6
2019-07-28T06:00:00.000,21,12,9
2019-07-28T07:00:00.000,47,19,28
2019-07-28T08:00:00.000,103,51,52
2019-07-28T09:00:00.000,138,69,69
2019-07-28T10:00:00.000,194,93,101
2019-07-28T11:00:00.000,255,126,129
2019-07-28T12:00:00.000,287,133,154
2019-07-28T13:00:00.000,280,135,145
2019-07-28T14:00:00.000,297,160,137
2019-07-28T15:00:00.000,270,121,149
2019-07-28T16:00:00.000,310,145,165
2019-07-28T17:00:00.000,259,132,127
2019-07-28T18:00:00.000,191,85,106
2019-07-28T19:00:00.000,147,69,78
2019-07-28T20:00:00.000,135,54,81
2019-07-28T21:00:00.000,65,31,34
2019-07-28T22:00:00.000,43,26,17
2019-07-28T23:00:00.000,22,10,12
2019-07-29T00:00:00.000,7,1,6
2019-07-29T01:00:00.000,6,3,3
2019-07-29T02:00:00.000,0,0,0
2019-07-29T03:00:00.000,5,4,1
2019-07-29T04:00:00.000,14,9,5
2019-07-29T05:00:00.000,55,25,30
2019-07-29T06:00:00.000,188,83,105
2019-07-29T07:00:00.000,571,270,301
2019-07-29T08:00:00.000,778,342,436
2019-07-29T09:00:00.000,437,189,248
2019-07-29T10:00:00.000,215,90,125
2019-07-29T11:00:00.000,146,69,77
2019-07-29T12:00:00.000,145,60,85
2019-07-29T13:00:00.000,143,71,72
2019-07-29T14:00:00.000,170,70,100
2019-07-29T15:00:00.000,244,99,145
2019-07-29T16:00:00.000,539,157,382
2019-07-29T17:00:00.000,964,203,761
2019-07-29T18:00:00.000,618,177,441
2019-07-29T19:00:00.000,301,91,210
2019-07-29T20:00:00.000,151,66,85
2019-07-29T21:00:00.000,89,25,64
2019-07-29T22:00:00.000,39,16,23
2019-07-29T23:00:00.000,34,15,19
2019-07-30T00:00:00.000,16,4,12
2019-07-30T01:00:00.000,2,1,1
2019-07-30T02:00:00.000,2,0,2
2019-07-30T03:00:00.000,2,2,0
2019-07-30T04:00:00.000,22,10,12
2019-07-30T05:00:00.000,51,23,28
2019-07-30T06:00:00.000,232,123,109
2019-07-30T07:00:00.000,557,262,295
2019-07-30T08:00:00.000,750,317,433
2019-07-30T09:00:00.000,438,178,260
2019-07-30T10:00:00.000,160,62,98
2019-07-30T11:00:00.000,115,48,67
2019-07-30T12:00:00.000,112,52,60
2019-07-30T13:00:00.000,126,59,67
2019-07-30T14:00:00.000,168,71,97
2019-07-30T15:00:00.000,205,82,123
2019-07-30T16:00:00.000,530,133,397
2019-07-30T17:00:00.000,967,217,750
2019-07-30T18:00:00.000,597,187,410
2019-07-30T19:00:00.000,323,111,212
2019-07-30T20:00:00.000,170,76,94
2019-07-30T21:00:00.000,114,49,65
2019-07-30T22:00:00.000,75,23,52
2019-07-30T23:00:00.000,35,15,20
2019-07-31T00:00:00.000,10,4,6
2019-07-31T01:00:00.000,18,10,8
2019-07-31T02:00:00.000,4,2,2
2019-07-31T03:00:00.000,1,1,0
2019-07-31T04:00:00.000,20,10,10
2019-07-31T05:00:00.000,63,28,35
2019-07-31T06:00:00.000,201,100,101
2019-07-31T07:00:00.000,565,274,291
2019-07-31T08:00:00.000,780,337,443
2019-07-31T09:00:00.000,458,185,273
2019-07-31T10:00:00.000,196,75,121
2019-07-31T11:00:00.000,149,63,86
2019-07-31T12:00:00.000,156,70,86
2019-07-31T13:00:00.000,163,83,80
2019-07-31T14:00:00.000,197,80,117
2019-07-31T15:00:00.000,262,102,160
2019-07-31T16:00:00.000,534,163,371
2019-07-31T17:00:00.000,967,230,737
2019-07-31T18:00:00.000,621,195,426
2019-07-31T19:00:00.000,315,115,200
2019-07-31T20:00:00.000,209,85,124
2019-07-31T21:00:00.000,156,70,86
2019-07-31T22:00:00.000,60,32,28
2019-07-31T23:00:00.000,49,22,27
2019-08-01T00:00:00.000,15,8,7
2019-08-01T01:00:00.000,6,1,5
2019-08-01T02:00:00.000,8,2,6
2019-08-01T03:00:00.000,4,1,3
2019-08-01T04:00:00.000,15,7,8
2019-08-01T05:00:00.000,65,28,37
2019-08-01T06:00:00.000,206,106,100
2019-08-01T07:00:00.000,526,254,272
2019-08-01T08:00:00.000,773,318,455
2019-08-01T09:00:00.000,419,175,244
2019-08-01T10:00:00.000,196,85,111
2019-08-01T11:00:00.000,132,50,82
2019-08-01T12:00:00.000,155,74,81
2019-08-01T13:00:00.000,182,75,107
2019-08-01T14:00:00.000,206,74,132
2019-08-01T15:00:00.000,258,81,177
2019-08-01T16:00:00.000,528,157,371
2019-08-01T17:00:00.000,961,232,729
2019-08-01T18:00:00.000,611,175,436
2019-08-01T19:00:00.000,310,99,211
2019-08-01T20:00:00.000,242,91,151
2019-08-01T21:00:00.000,129,58,71
2019-08-01T22:00:00.000,61,30,31
2019-08-01T23:00:00.000,43,22,21
2019-08-02T00:00:00.000,14,5,9
2019-08-02T01:00:00.000,10,3,7
2019-08-02T02:00:00.000,6,3,3
2019-08-02T03:00:00.000,4,2,2
2019-08-02T04:00:00.000,3,2,1
2019-08-02T05:00:00.000,33,14,19
2019-08-02T06:00:00.000,110,49,61
2019-08-02T07:00:00.000,331,156,175
2019-08-02T08:00:00.000,579,239,340
2019-08-02T09:00:00.000,343,136,207
2019-08-02T10:00:00.000,160,58,102
2019-08-02T11:00:00.000,147,59,88
2019-08-02T12:00:00.000,164,69,95
2019-08-02T13:00:00.000,143,55,88
2019-08-02T14:00:00.000,160,65,95
2019-08-02T15:00:00.000,263,108,155
2019-08-02T16:00:00.000,494,142,352
2019-08-02T17:00:00.000,636,169,467
2019-08-02T18:00:00.000,425,150,275
2019-08-02T19:00:00.000,223,85,138
2019-08-02T20:00:00.000,163,56,107
2019-08-02T21:00:00.000,108,30,78
2019-08-02T22:00:00.000,85,34,51
2019-08-02T23:00:00.000,48,23,25
2019-08-03T00:00:00.000,27,6,21
2019-08-03T01:00:00.000,11,5,6
2019-08-03T02:00:00.000,4,2,2
2019-08-03T03:00:00.000,3,1,2
2019-08-03T04:00:00.000,7,2,5
2019-08-03T05:00:00.000,18,9,9
2019-08-03T06:00:00.000,39,11,28
2019-08-03T07:00:00.000,60,26,34
2019-08-03T08:00:00.000,141,66,75
2019-08-03T09:00:00.000,185,73,112
2019-08-03T10:00:00.000,207,100,107
2019-08-03T11:00:00.000,253,112,141
2019-08-03T12:00:00.000,268,108,160
2019-08-03T13:00:00.000,255,111,144
2019-08-03T14:00:00.000,302,110,192
2019-08-03T15:00:00.000,264,92,172
2019-08-03T16:00:00.000,313,152,161
2019-08-03T17:00:00.000,199,94,105
2019-08-03T18:00:00.000,160,77,83
2019-08-03T19:00:00.000,122,56,66
2019-08-03T20:00:00.000,74,40,34
2019-08-03T21:00:00.000,96,40,56
2019-08-03T22:00:00.000,49,18,31
2019-08-03T23:00:00.000,55,19,36
2019-08-04T00:00:00.000,48,16,32
2019-08-04T01:00:00.000,20,4,16
2019-08-04T02:00:00.000,18,9,9
2019-08-04T03:00:00.000,2,1,1
2019-08-04T04:00:00.000,5,3,2
2019-08-04T05:00:00.000,11,7,4
2019-08-04T06:00:00.000,27,10,17
2019-08-04T07:00:00.000,50,20,30
2019-08-04T08:00:00.000,117,58,59
2019-08-04T09:00:00.000,152,52,100
2019-08-04T10:00:00.000,185,81,104
2019-08-04T11:00:00.000,232,126,106
2019-08-04T12:00:00.000,244,112,132
2019-08-04T13:00:00.000,267,134,133
2019-08-04T14:00:00.000,254,137,117
2019-08-04T15:00:00.000,249,127,122
2019-08-04T16:00:00.000,267,146,121
2019-08-04T17:00:00.000,256,147,109
2019-08-04T18:00:00.000,160,73,87
2019-08-04T19:00:00.000,115,56,59
2019-08-04T20:00:00.000,108,43,65
2019-08-04T21:00:00.000,86,39,47
2019-08-04T22:00:00.000,33,16,17
2019-08-04T23:00:00.000,27,11,16
2019-08-05T00:00:00.000,24,14,10
2019-08-05T01:00:00.000,7,2,5
2019-08-05T02:00:00.000,2,2,0
2019-08-05T03:00:00.000,4,1,3
2019-08-05T04:00:00.000,14,5,9
2019-08-05T05:00:00.000,60,36,24
2019-08-05T06:00:00.000,187,88,99
2019-08-05T07:00:00.000,472,215,257
2019-08-05T08:00:00.000,872,334,538
2019-08-05T09:00:00.000,434,162,272
2019-08-05T10:00:00.000,180,84,96
2019-08-05T11:00:00.000,141,74,67
2019-08-05T12:00:00.000,146,65,81
2019-08-05T13:00:00.000,126,50,76
2019-08-05T14:00:00.000,142,55,87
2019-08-05T15:00:00.000,221,83,138
2019-08-05T16:00:00.000,506,147,359
2019-08-05T17:00:00.000,972,222,750
2019-08-05T18:00:00.000,590,179,411
2019-08-05T19:00:00.000,311,118,193
2019-08-05T20:00:00.000,191,72,119
2019-08-05T21:00:00.000,110,47,63
2019-08-05T22:00:00.000,70,32,38
2019-08-05T23:00:00.000,25,12,13
2019-08-06T00:00:00.000,15,7,8
2019-08-06T01:00:00.000,5,1,4
2019-08-06T02:00:00.000,4,1,3
2019-08-06T03:00:00.000,2,2,0
2019-08-06T04:00:00.000,17,7,10
2019-08-06T05:00:00.000,47,20,27
2019-08-06T06:00:00.000,228,95,133
2019-08-06T07:00:00.000,558,251,307
2019-08-06T08:00:00.000,834,357,477
2019-08-06T09:00:00.000,408,181,227
2019-08-06T10:00:00.000,180,61,119
2019-08-06T11:00:00.000,130,55,75
2019-08-06T12:00:00.000,131,59,72
2019-08-06T13:00:00.000,119,37,82
2019-08-06T14:00:00.000,147,54,93
2019-08-06T15:00:00.000,196,64,132
2019-08-06T16:00:00.000,529,129,400
2019-08-06T17:00:00.000,962,204,758
2019-08-06T18:00:00.000,575,190,385
2019-08-06T19:00:00.000,309,95,214
2019-08-06T20:00:00.000,218,89,129
2019-08-06T21:00:00.000,119,59,60
2019-08-06T22:00:00.000,81,28,53
2019-08-06T23:00:00.000,31,4,27
2019-08-07T00:00:00.000,30,0,30
2019-08-07T01:00:00.000,10,3,7
2019-08-07T02:00:00.000,0,0,0
2019-08-07T03:00:00.000,5,3,2
2019-08-07T04:00:00.000,10,3,7
2019-08-07T05:00:00.000,38,16,22
2019-08-07T06:00:00.000,210,96,114
2019-08-07T07:00:00.000,502,230,272
2019-08-07T08:00:00.000,708,286,422
2019-08-07T09:00:00.000,413,157,256
2019-08-07T10:00:00.000,176,63,113
2019-08-07T11:00:00.000,138,59,79
2019-08-07T12:00:00.000,112,40,72
2019-08-07T13:00:00.000,105,50,55
2019-08-07T14:00:00.000,142,63,79
2019-08-07T15:00:00.000,255,101,154
2019-08-07T16:00:00.000,493,140,353
2019-08-07T17:00:00.000,921,220,701
2019-08-07T18:00:00.000,600,207,393
2019-08-07T19:00:00.000,330,133,197
2019-08-07T20:00:00.000,205,74,131
2019-08-07T21:00:00.000,131,57,74
2019-08-07T22:00:00.000,67,34,33
2019-08-07T23:00:00.000,33,16,17
2019-08-08T00:00:00.000,65,14,51
2019-08-08T01:00:00.000,38,2,36
2019-08-08T02:00:00.000,9,2,7
2019-08-08T03:00:00.000,5,3,2
2019-08-08T04:00:00.000,7,3,4
2019-08-08T05:00:00.000,56,26,30
2019-08-08T06:00:00.000,193,90,103
2019-08-08T07:00:00.000,458,207,251
2019-08-08T08:00:00.000,706,329,377
2019-08-08T09:00:00.000,410,151,259
2019-08-08T10:00:00.000,177,60,117
2019-08-08T11:00:00.000,136,69,67
2019-08-08T12:00:00.000,151,54,97
2019-08-08T13:00:00.000,157,69,88
2019-08-08T14:00:00.000,147,67,80
2019-08-08T15:00:00.000,203,79,124
2019-08-08T16:00:00.000,471,136,335
2019-08-08T17:00:00.000,851,200,651
2019-08-08T18:00:00.000,600,199,401
2019-08-08T19:00:00.000,301,88,213
2019-08-08T20:00:00.000,147,56,91
2019-08-08T21:00:00.000,96,36,60
2019-08-08T22:00:00.000,55,19,36
2019-08-08T23:00:00.000,36,9,27
2019-08-09T00:00:00.000,14,7,7
2019-08-09T01:00:00.000,12,4,8
2019-08-09T02:00:00.000,8,4,4
2019-08-09T03:00:00.000,7,4,3
2019-08-09T04:00:00.000,12,6,6
2019-08-09T05:00:00.000,31,14,17
2019-08-09T06:00:00.000,128,62,66
2019-08-09T07:00:00.000,347,151,196
2019-08-09T08:00:00.000,604,253,351
2019-08-09T09:00:00.000,379,157,222
2019-08-09T10:00:00.000,173,74,99
2019-08-09T11:00:00.000,128,54,74
2019-08-09T12:00:00.000,154,58,96
2019-08-09T13:00:00.000,171,67,104
2019-08-09T14:00:00.000,182,74,108
2019-08-09T15:00:00.000,327,105,222
2019-08-09T16:00:00.000,514,131,383
2019-08-09T17:00:00.000,782,190,592
2019-08-09T18:00:00.000,414,139,275
2019-08-09T19:00:00.000,263,99,164
2019-08-09T20:00:00.000,145,47,98
2019-08-09T21:00:00.000,111,37,74
2019-08-09T22:00:00.000,80,40,40
2019-08-09T23:00:00.000,55,18,37
2019-08-10T00:00:00.000,24,6,18
2019-08-10T01:00:00.000,15,8,7
2019-08-10T02:00:00.000,19,6,13
2019-08-10T03:00:00.000,7,2,5
2019-08-10T04:00:00.000,3,2,1
2019-08-10T05:00:00.000,17,5,12
2019-08-10T06:00:00.000,19,6,13
2019-08-10T07:00:00.000,22,5,17
2019-08-10T08:00:00.000,22,10,12
2019-08-10T09:00:00.000,28,12,16
2019-08-10T10:00:00.000,111,22,89
2019-08-10T11:00:00.000,524,59,465
2019-08-10T12:00:00.000,542,82,460
2019-08-10T13:00:00.000,468,88,380
2019-08-10T14:00:00.000,392,94,298
2019-08-10T15:00:00.000,285,92,193
2019-08-10T16:00:00.000,239,101,138
2019-08-10T17:00:00.000,243,116,127
2019-08-10T18:00:00.000,168,67,101
2019-08-10T19:00:00.000,126,59,67
2019-08-10T20:00:00.000,75,30,45
2019-08-10T21:00:00.000,51,34,17
2019-08-10T22:00:00.000,51,20,31
2019-08-10T23:00:00.000,46,13,33
2019-08-11T00:00:00.000,34,19,15
2019-08-11T01:00:00.000,16,8,8
2019-08-11T02:00:00.000,9,3,6
2019-08-11T03:00:00.000,9,3,6
2019-08-11T04:00:00.000,1,0,1
2019-08-11T05:00:00.000,7,2,5
2019-08-11T06:00:00.000,29,7,22
2019-08-11T07:00:00.000,63,34,29
2019-08-11T08:00:00.000,101,39,62
2019-08-11T09:00:00.000,134,49,85
2019-08-11T10:00:00.000,186,92,94
2019-08-11T11:00:00.000,182,77,105
2019-08-11T12:00:00.000,210,105,105
2019-08-11T13:00:00.000,237,121,116
2019-08-11T14:00:00.000,233,94,139
2019-08-11T15:00:00.000,211,106,105
2019-08-11T16:00:00.000,282,184,98
2019-08-11T17:00:00.000,128,45,83
2019-08-11T18:00:00.000,119,53,66
2019-08-11T19:00:00.000,79,39,40
2019-08-11T20:00:00.000,63,37,26
2019-08-11T21:00:00.000,32,13,19
2019-08-11T22:00:00.000,33,11,22
2019-08-11T23:00:00.000,13,6,7
2019-08-12T00:00:00.000,14,1,13
2019-08-12T01:00:00.000,4,3,1
2019-08-12T02:00:00.000,1,0,1
2019-08-12T03:00:00.000,4,2,2
2019-08-12T04:00:00.000,8,3,5
2019-08-12T05:00:00.000,47,25,22
2019-08-12T06:00:00.000,181,86,95
2019-08-12T07:00:00.000,512,236,276
2019-08-12T08:00:00.000,739,313,426
2019-08-12T09:00:00.000,421,163,258
2019-08-12T10:00:00.000,181,66,115
2019-08-12T11:00:00.000,122,64,58
2019-08-12T12:00:00.000,132,67,65
2019-08-12T13:00:00.000,141,71,70
2019-08-12T14:00:00.000,154,73,81
2019-08-12T15:00:00.000,226,80,146
2019-08-12T16:00:00.000,500,144,356
2019-08-12T17:00:00.000,916,189,727
2019-08-12T18:00:00.000,650,181,469
2019-08-12T19:00:00.000,320,108,212
2019-08-12T20:00:00.000,200,101,99
2019-08-12T21:00:00.000,106,48,58
2019-08-12T22:00:00.000,67,34,33
2019-08-12T23:00:00.000,29,9,20
2019-08-13T00:00:00.000,7,4,3
2019-08-13T01:00:00.000,6,4,2
2019-08-13T02:00:00.000,5,2,3
2019-08-13T03:00:00.000,4,1,3
2019-08-13T04:00:00.000,9,5,4
2019-08-13T05:00:00.000,54,19,35
2019-08-13T06:00:00.000,232,103,129
2019-08-13T07:00:00.000,595,262,333
2019-08-13T08:00:00.000,849,361,488
2019-08-13T09:00:00.000,447,174,273
2019-08-13T10:00:00.000,187,66,121
2019-08-13T11:00:00.000,123,56,67
2019-08-13T12:00:00.000,141,69,72
2019-08-13T13:00:00.000,152,66,86
2019-08-13T14:00:00.000,154,61,93
2019-08-13T15:00:00.000,268,94,174
2019-08-13T16:00:00.000,522,156,366
2019-08-13T17:00:00.000,998,218,780
2019-08-13T18:00:00.000,659,184,475
2019-08-13T19:00:00.000,324,119,205
2019-08-13T20:00:00.000,197,70,127
2019-08-13T21:00:00.000,105,38,67
2019-08-13T22:00:00.000,78,44,34
2019-08-13T23:00:00.000,35,12,23
2019-08-14T00:00:00.000,18,5,13
2019-08-14T01:00:00.000,10,5,5
2019-08-14T02:00:00.000,0,0,0
2019-08-14T03:00:00.000,6,3,3
2019-08-14T04:00:00.000,12,6,6
2019-08-14T05:00:00.000,45,18,27
2019-08-14T06:00:00.000,197,77,120
2019-08-14T07:00:00.000,570,254,316
2019-08-14T08:00:00.000,833,359,474
2019-08-14T09:00:00.000,431,175,256
2019-08-14T10:00:00.000,194,86,108
2019-08-14T11:00:00.000,160,65,95
2019-08-14T12:00:00.000,151,63,88
2019-08-14T13:00:00.000,151,63,88
2019-08-14T14:00:00.000,176,69,107
2019-08-14T15:00:00.000,261,105,156
2019-08-14T16:00:00.000,546,147,399
2019-08-14T17:00:00.000,989,252,737
2019-08-14T18:00:00.000,659,190,469
2019-08-14T19:00:00.000,341,103,238
2019-08-14T20:00:00.000,211,83,128
2019-08-14T21:00:00.000,126,42,84
2019-08-14T22:00:00.000,42,14,28
2019-08-14T23:00:00.000,44,15,29
2019-08-15T00:00:00.000,19,5,14
2019-08-15T01:00:00.000,8,1,7
2019-08-15T02:00:00.000,2,0,2
2019-08-15T03:00:00.000,7,2,5
2019-08-15T04:00:00.000,8,3,5
2019-08-15T05:00:00.000,46,21,25
2019-08-15T06:00:00.000,189,86,103
2019-08-15T07:00:00.000,528,245,283
2019-08-15T08:00:00.000,762,321,441
2019-08-15T09:00:00.000,412,157,255
2019-08-15T10:00:00.000,181,71,110
2019-08-15T11:00:00.000,126,56,70
2019-08-15T12:00:00.000,155,68,87
2019-08-15T13:00:00.000,151,71,80
2019-08-15T14:00:00.000,170,51,119
2019-08-15T15:00:00.000,233,71,162
2019-08-15T16:00:00.000,500,129,371
2019-08-15T17:00:00.000,954,247,707
2019-08-15T18:00:00.000,574,170,404
2019-08-15T19:00:00.000,340,111,229
2019-08-15T20:00:00.000,213,95,118
2019-08-15T21:00:00.000,135,52,83
2019-08-15T22:00:00.000,71,37,34
2019-08-15T23:00:00.000,39,11,28
2019-08-16T00:00:00.000,22,7,15
2019-08-16T01:00:00.000,12,1,11
2019-08-16T02:00:00.000,9,4,5
2019-08-16T03:00:00.000,4,3,1
2019-08-16T04:00:00.000,9,4,5
2019-08-16T05:00:00.000,23,11,12
2019-08-16T06:00:00.000,136,65,71
2019-08-16T07:00:00.000,392,182,210
2019-08-16T08:00:00.000,571,239,332
2019-08-16T09:00:00.000,378,149,229
2019-08-16T10:00:00.000,194,70,124
2019-08-16T11:00:00.000,136,63,73
2019-08-16T12:00:00.000,140,53,87
2019-08-16T13:00:00.000,161,72,89
2019-08-16T14:00:00.000,173,57,116
2019-08-16T15:00:00.000,279,98,181
2019-08-16T16:00:00.000,492,127,365
2019-08-16T17:00:00.000,681,162,519
2019-08-16T18:00:00.000,398,128,270
2019-08-16T19:00:00.000,164,49,115
2019-08-16T20:00:00.000,156,56,100
2019-08-16T21:00:00.000,78,20,58
2019-08-16T22:00:00.000,66,28,38
2019-08-16T23:00:00.000,46,18,28
2019-08-17T00:00:00.000,26,10,16
2019-08-17T01:00:00.000,12,5,7
2019-08-17T02:00:00.000,14,6,8
2019-08-17T03:00:00.000,4,3,1
2019-08-17T04:00:00.000,6,2,4
2019-08-17T05:00:00.000,17,12,5
2019-08-17T06:00:00.000,40,14,26
2019-08-17T07:00:00.000,43,25,18
2019-08-17T08:00:00.000,134,70,64
2019-08-17T09:00:00.000,152,58,94
2019-08-17T10:00:00.000,182,80,102
2019-08-17T11:00:00.000,190,98,92
2019-08-17T12:00:00.000,213,108,105
2019-08-17T13:00:00.000,249,93,156
2019-08-17T14:00:00.000,202,96,106
2019-08-17T15:00:00.000,234,95,139
2019-08-17T16:00:00.000,228,98,130
2019-08-17T17:00:00.000,219,97,122
2019-08-17T18:00:00.000,158,76,82
2019-08-17T19:00:00.000,124,54,70
2019-08-17T20:00:00.000,103,48,55
2019-08-17T21:00:00.000,61,31,30
2019-08-17T22:00:00.000,34,11,23
2019-08-17T23:00:00.000,35,17,18
2019-08-18T00:00:00.000,18,7,11
2019-08-18T01:00:00.000,11,4,7
2019-08-18T02:00:00.000,6,4,2
2019-08-18T03:00:00.000,6,4,2
2019-08-18T04:00:00.000,8,4,4
2019-08-18T05:00:00.000,7,3,4
2019-08-18T06:00:00.000,26,13,13
2019-08-18T07:00:00.000,38,11,27
2019-08-18T08:00:00.000,86,33,53
2019-08-18T09:00:00.000,145,59,86
2019-08-18T10:00:00.000,161,80,81
2019-08-18T11:00:00.000,220,107,113
2019-08-18T12:00:00.000,259,138,121
2019-08-18T13:00:00.000,247,108,139
2019-08-18T14:00:00.000,246,104,142
2019-08-18T15:00:00.000,220,87,133
2019-08-18T16:00:00.000,253,123,130
2019-08-18T17:00:00.000,193,81,112
2019-08-18T18:00:00.000,191,88,103
2019-08-18T19:00:00.000,133,58,75
2019-08-18T20:00:00.000,94,39,55
2019-08-18T21:00:00.000,29,15,14
2019-08-18T22:00:00.000,31,15,16
2019-08-18T23:00:00.000,14,2,12
2019-08-19T00:00:00.000,17,7,10
2019-08-19T01:00:00.000,5,1,4
2019-08-19T02:00:00.000,6,4,2
2019-08-19T03:00:00.000,4,2,2
2019-08-19T04:00:00.000,15,5,10
2019-08-19T05:00:00.000,41,21,20
2019-08-19T06:00:00.000,186,94,92
2019-08-19T07:00:00.000,484,200,284
2019-08-19T08:00:00.000,730,300,430
2019-08-19T09:00:00.000,412,163,249
2019-08-19T10:00:00.000,109,41,68
2019-08-19T11:00:00.000,116,43,73
2019-08-19T12:00:00.000,122,56,66
2019-08-19T13:00:00.000,112,47,65
2019-08-19T14:00:00.000,130,47,83
2019-08-19T15:00:00.000,220,84,136
2019-08-19T16:00:00.000,484,119,365
2019-08-19T17:00:00.000,895,193,702
2019-08-19T18:00:00.000,624,177,447
2019-08-19T19:00:00.000,312,77,235
2019-08-19T20:00:00.000,160,54,106
2019-08-19T21:00:00.000,76,43,33
2019-08-19T22:00:00.000,43,21,22
2019-08-19T23:00:00.000,18,11,7
2019-08-20T00:00:00.000,20,10,10
2019-08-20T01:00:00.000,6,1,5
2019-08-20T02:00:00.000,7,5,2
2019-08-20T03:00:00.000,8,3,5
2019-08-20T04:00:00.000,11,5,6
2019-08-20T05:00:00.000,46,24,22
2019-08-20T06:00:00.000,190,79,111
2019-08-20T07:00:00.000,529,242,287
2019-08-20T08:00:00.000,813,337,476
2019-08-20T09:00:00.000,414,151,263
2019-08-20T10:00:00.000,177,67,110
2019-08-20T11:00:00.000,137,72,65
2019-08-20T12:00:00.000,167,66,101
2019-08-20T13:00:00.000,151,57,94
2019-08-20T14:00:00.000,200,73,127
2019-08-20T15:00:00.000,227,63,164
2019-08-20T16:00:00.000,516,155,361
2019-08-20T17:00:00.000,919,221,698
2019-08-20T18:00:00.000,555,167,388
2019-08-20T19:00:00.000,280,99,181
2019-08-20T20:00:00.000,145,56,89
2019-08-20T21:00:00.000,81,34,47
2019-08-20T22:00:00.000,53,18,35
2019-08-20T23:00:00.000,59,14,45
2019-08-21T00:00:00.000,15,3,12
2019-08-21T01:00:00.000,6,1,5
2019-08-21T02:00:00.000,8,5,3
2019-08-21T03:00:00.000,4,3,1
2019-08-21T04:00:00.000,11,6,5
2019-08-21T05:00:00.000,39,15,24
2019-08-21T06:00:00.000,117,50,67
2019-08-21T07:00:00.000,261,107,154
2019-08-21T08:00:00.000,377,161,216
2019-08-21T09:00:00.000,185,68,117
2019-08-21T10:00:00.000,88,35,53
2019-08-21T11:00:00.000,66,26,40
2019-08-21T12:00:00.000,81,37,44
2019-08-21T13:00:00.000,69,31,38
2019-08-21T14:00:00.000,78,22,56
2019-08-21T15:00:00.000,140,39,101
2019-08-21T16:00:00.000,278,89,189
2019-08-21T17:00:00.000,524,174,350
2019-08-21T18:00:00.000,286,92,194
2019-08-21T19:00:00.000,134,46,88
2019-08-21T20:00:00.000,66,21,45
2019-08-21T21:00:00.000,56,17,39
2019-08-21T22:00:00.000,29,14,15
2019-08-21T23:00:00.000,15,1,14
2019-08-22T00:00:00.000,7,2,5
2019-08-22T01:00:00.000,5,1,4
2019-08-22T02:00:00.000,0,0,0
2019-08-22T03:00:00.000,4,2,2
2019-08-22T04:00:00.000,11,5,6
2019-08-22T05:00:00.000,43,18,25
2019-08-22T06:00:00.000,159,68,91
2019-08-22T07:00:00.000,478,226,252
2019-08-22T08:00:00.000,699,279,420
2019-08-22T09:00:00.000,382,149,233
2019-08-22T10:00:00.000,164,67,97
2019-08-22T11:00:00.000,115,47,68
2019-08-22T12:00:00.000,137,66,71
2019-08-22T13:00:00.000,137,55,82
2019-08-22T14:00:00.000,148,54,94
2019-08-22T15:00:00.000,231,78,153
2019-08-22T16:00:00.000,484,142,342
2019-08-22T17:00:00.000,825,210,615
2019-08-22T18:00:00.000,584,196,388
2019-08-22T19:00:00.000,293,93,200
2019-08-22T20:00:00.000,212,83,129
2019-08-22T21:00:00.000,80,36,44
2019-08-22T22:00:00.000,72,30,42
2019-08-22T23:00:00.000,34,15,19
2019-08-23T00:00:00.000,17,3,14
2019-08-23T01:00:00.000,9,1,8
2019-08-23T02:00:00.000,8,4,4
2019-08-23T03:00:00.000,3,1,2
2019-08-23T04:00:00.000,10,3,7
2019-08-23T05:00:00.000,70,25,45
2019-08-23T06:00:00.000,157,52,105
2019-08-23T07:00:00.000,368,167,201
2019-08-23T08:00:00.000,563,234,329
2019-08-23T09:00:00.000,353,125,228
2019-08-23T10:00:00.000,165,64,101
2019-08-23T11:00:00.000,116,64,52
2019-08-23T12:00:00.000,151,57,94
2019-08-23T13:00:00.000,161,67,94
2019-08-23T14:00:00.000,218,72,146
2019-08-23T15:00:00.000,233,82,151
2019-08-23T16:00:00.000,433,112,321
2019-08-23T17:00:00.000,611,141,470
2019-08-23T18:00:00.000,388,112,276
2019-08-23T19:00:00.000,187,76,111
2019-08-23T20:00:00.000,102,43,59
2019-08-23T21:00:00.000,66,18,48
2019-08-23T22:00:00.000,46,20,26
2019-08-23T23:00:00.000,42,12,30
2019-08-24T00:00:00.000,27,12,15
2019-08-24T01:00:00.000,12,4,8
2019-08-24T02:00:00.000,13,11,2
2019-08-24T03:00:00.000,6,0,6
2019-08-24T04:00:00.000,5,0,5
2019-08-24T05:00:00.000,13,9,4
2019-08-24T06:00:00.000,18,8,10
2019-08-24T07:00:00.000,55,25,30
2019-08-24T08:00:00.000,96,46,50
2019-08-24T09:00:00.000,131,64,67
2019-08-24T10:00:00.000,139,65,74
2019-08-24T11:00:00.000,159,70,89
2019-08-24T12:00:00.000,244,88,156
2019-08-24T13:00:00.000,252,115,137
2019-08-24T14:00:00.000,234,115,119
2019-08-24T15:00:00.000,259,136,123
2019-08-24T16:00:00.000,259,104,155
2019-08-24T17:00:00.000,171,74,97
2019-08-24T18:00:00.000,127,59,68
2019-08-24T19:00:00.000,81,34,47
2019-08-24T20:00:00.000,68,32,36
2019-08-24T21:00:00.000,62,22,40
2019-08-24T22:00:00.000,40,27,13
2019-08-24T23:00:00.000,33,10,23
2019-08-25T00:00:00.000,29,15,14
2019-08-25T01:00:00.000,13,6,7
2019-08-25T02:00:00.000,11,4,7
2019-08-25T03:00:00.000,10,4,6
2019-08-25T04:00:00.000,2,1,1
2019-08-25T05:00:00.000,7,2,5
2019-08-25T06:00:00.000,19,7,12
2019-08-25T07:00:00.000,28,13,15
2019-08-25T08:00:00.000,71,27,44
2019-08-25T09:00:00.000,108,54,54
2019-08-25T10:00:00.000,174,73,101
2019-08-25T11:00:00.000,176,84,92
2019-08-25T12:00:00.000,306,161,145
2019-08-25T13:00:00.000,319,150,169
2019-08-25T14:00:00.000,297,134,163
2019-08-25T15:00:00.000,288,116,172
2019-08-25T16:00:00.000,317,119,198
2019-08-25T17:00:00.000,223,81,142
2019-08-25T18:00:00.000,194,67,127
2019-08-25T19:00:00.000,119,41,78
2019-08-25T20:00:00.000,90,35,55
2019-08-25T21:00:00.000,57,19,38
2019-08-25T22:00:00.000,31,18,13
2019-08-25T23:00:00.000,13,3,10
2019-08-26T00:00:00.000,8,0,8
2019-08-26T01:00:00.000,7,3,4
2019-08-26T02:00:00.000,6,5,1
2019-08-26T03:00:00.000,4,2,2
2019-08-26T04:00:00.000,12,7,5
2019-08-26T05:00:00.000,40,20,20
2019-08-26T06:00:00.000,159,79,80
2019-08-26T07:00:00.000,510,231,279
2019-08-26T08:00:00.000,833,372,461
2019-08-26T09:00:00.000,421,151,270
2019-08-26T10:00:00.000,179,66,113
2019-08-26T11:00:00.000,133,49,84
2019-08-26T12:00:00.000,151,63,88
2019-08-26T13:00:00.000,145,60,85
2019-08-26T14:00:00.000,142,49,93
2019-08-26T15:00:00.000,238,89,149
2019-08-26T16:00:00.000,495,138,357
2019-08-26T17:00:00.000,926,199,727
2019-08-26T18:00:00.000,560,153,407
2019-08-26T19:00:00.000,275,84,191
2019-08-26T20:00:00.000,152,54,98
2019-08-26T21:00:00.000,70,26,44
2019-08-26T22:00:00.000,49,15,34
2019-08-26T23:00:00.000,29,15,14
2019-08-27T00:00:00.000,16,9,7
2019-08-27T01:00:00.000,7,3,4
2019-08-27T02:00:00.000,8,2,6
2019-08-27T03:00:00.000,5,0,5
2019-08-27T04:00:00.000,13,8,5
2019-08-27T05:00:00.000,52,27,25
2019-08-27T06:00:00.000,203,90,113
2019-08-27T07:00:00.000,602,284,318
2019-08-27T08:00:00.000,886,354,532
2019-08-27T09:00:00.000,421,173,248
2019-08-27T10:00:00.000,196,84,112
2019-08-27T11:00:00.000,127,57,70
2019-08-27T12:00:00.000,172,84,88
2019-08-27T13:00:00.000,165,70,95
2019-08-27T14:00:00.000,161,59,102
2019-08-27T15:00:00.000,246,81,165
2019-08-27T16:00:00.000,523,134,389
2019-08-27T17:00:00.000,1071,245,826
2019-08-27T18:00:00.000,654,201,453
2019-08-27T19:00:00.000,348,120,228
2019-08-27T20:00:00.000,163,56,107
2019-08-27T21:00:00.000,87,38,49
2019-08-27T22:00:00.000,52,18,34
2019-08-27T23:00:00.000,32,10,22
2019-08-28T00:00:00.000,10,5,5
2019-08-28T01:00:00.000,9,1,8
2019-08-28T02:00:00.000,5,2,3
2019-08-28T03:00:00.000,6,1,5
2019-08-28T04:00:00.000,8,5,3
2019-08-28T05:00:00.000,42,28,14
2019-08-28T06:00:00.000,195,76,119
2019-08-28T07:00:00.000,573,279,294
2019-08-28T08:00:00.000,726,309,417
2019-08-28T09:00:00.000,408,160,248
2019-08-28T10:00:00.000,166,67,99
2019-08-28T11:00:00.000,142,52,90
2019-08-28T12:00:00.000,143,49,94
2019-08-28T13:00:00.000,142,53,89
2019-08-28T14:00:00.000,149,50,99
2019-08-28T15:00:00.000,254,71,183
2019-08-28T16:00:00.000,505,146,359
2019-08-28T17:00:00.000,925,223,702
2019-08-28T18:00:00.000,591,178,413
2019-08-28T19:00:00.000,286,100,186
2019-08-28T20:00:00.000,205,76,129
2019-08-28T21:00:00.000,103,42,61
2019-08-28T22:00:00.000,63,35,28
2019-08-28T23:00:00.000,39,11,28
2019-08-29T00:00:00.000,16,4,12
2019-08-29T01:00:00.000,8,1,7
2019-08-29T02:00:00.000,7,2,5
2019-08-29T03:00:00.000,5,3,2
2019-08-29T04:00:00.000,9,4,5
2019-08-29T05:00:00.000,46,25,21
2019-08-29T06:00:00.000,174,83,91
2019-08-29T07:00:00.000,489,223,266
2019-08-29T08:00:00.000,733,296,437
2019-08-29T09:00:00.000,388,153,235
2019-08-29T10:00:00.000,189,81,108
2019-08-29T11:00:00.000,140,71,69
2019-08-29T12:00:00.000,107,39,68
2019-08-29T13:00:00.000,127,36,91
2019-08-29T14:00:00.000,136,57,79
2019-08-29T15:00:00.000,215,67,148
2019-08-29T16:00:00.000,516,147,369
2019-08-29T17:00:00.000,814,164,650
2019-08-29T18:00:00.000,424,132,292
2019-08-29T19:00:00.000,149,52,97
2019-08-29T20:00:00.000,77,22,55
2019-08-29T21:00:00.000,48,10,38
2019-08-29T22:00:00.000,36,15,21
2019-08-29T23:00:00.000,23,5,18
2019-08-30T00:00:00.000,5,2,3
2019-08-30T01:00:00.000,10,2,8
2019-08-30T02:00:00.000,0,0,0
2019-08-30T03:00:00.000,3,0,3
2019-08-30T04:00:00.000,9,4,5
2019-08-30T05:00:00.000,34,18,16
2019-08-30T06:00:00.000,115,52,63
2019-08-30T07:00:00.000,311,155,156
2019-08-30T08:00:00.000,481,177,304
2019-08-30T09:00:00.000,306,129,177
2019-08-30T10:00:00.000,148,49,99
2019-08-30T11:00:00.000,119,45,74
2019-08-30T12:00:00.000,162,68,94
2019-08-30T13:00:00.000,174,58,116
2019-08-30T14:00:00.000,194,76,118
2019-08-30T15:00:00.000,319,88,231
2019-08-30T16:00:00.000,462,121,341
2019-08-30T17:00:00.000,514,127,387
2019-08-30T18:00:00.000,317,92,225
2019-08-30T19:00:00.000,189,73,116
2019-08-30T20:00:00.000,113,44,69
2019-08-30T21:00:00.000,57,21,36
2019-08-30T22:00:00.000,46,12,34
2019-08-30T23:00:00.000,42,10,32
2019-08-31T00:00:00.000,27,5,22
2019-08-31T01:00:00.000,14,7,7
2019-08-31T02:00:00.000,9,6,3
2019-08-31T03:00:00.000,6,2,4
2019-08-31T04:00:00.000,5,0,5
2019-08-31T05:00:00.000,14,8,6
2019-08-31T06:00:00.000,23,7,16
2019-08-31T07:00:00.000,49,19,30
2019-08-31T08:00:00.000,82,33,49
2019-08-31T09:00:00.000,130,58,72
2019-08-31T10:00:00.000,157,60,97
2019-08-31T11:00:00.000,200,95,105
2019-08-31T12:00:00.000,228,105,123
2019-08-31T13:00:00.000,199,90,109
2019-08-31T14:00:00.000,214,111,103
2019-08-31T15:00:00.000,268,143,125
2019-08-31T16:00:00.000,218,100,118
2019-08-31T17:00:00.000,148,56,92
2019-08-31T18:00:00.000,136,60,76
2019-08-31T19:00:00.000,116,60,56
2019-08-31T20:00:00.000,79,30,49
2019-08-31T21:00:00.000,73,35,38
2019-08-31T22:00:00.000,43,20,23
2019-08-31T23:00:00.000,47,9,38
2019-09-01T00:00:00.000,20,13,7
2019-09-01T01:00:00.000,5,3,2
2019-09-01T02:00:00.000,10,6,4
2019-09-01T03:00:00.000,9,1,8
2019-09-01T04:00:00.000,4,1,3
2019-09-01T05:00:00.000,13,2,11
2019-09-01T06:00:00.000,17,8,9
2019-09-01T07:00:00.000,39,14,25
2019-09-01T08:00:00.000,76,42,34
2019-09-01T09:00:00.000,121,60,61
2019-09-01T10:00:00.000,172,68,104
2019-09-01T11:00:00.000,172,68,104
2019-09-01T12:00:00.000,208,85,123
2019-09-01T13:00:00.000,231,119,112
2019-09-01T14:00:00.000,260,113,147
2019-09-01T15:00:00.000,233,120,113
2019-09-01T16:00:00.000,202,82,120
2019-09-01T17:00:00.000,195,89,106
2019-09-01T18:00:00.000,150,59,91
2019-09-01T19:00:00.000,124,69,55
2019-09-01T20:00:00.000,84,43,41
2019-09-01T21:00:00.000,44,19,25
2019-09-01T22:00:00.000,42,18,24
2019-09-01T23:00:00.000,23,10,13
2019-09-02T00:00:00.000,24,8,16
2019-09-02T01:00:00.000,12,11,1
2019-09-02T02:00:00.000,6,2,4
2019-09-02T03:00:00.000,7,3,4
2019-09-02T04:00:00.000,7,2,5
2019-09-02T05:00:00.000,12,8,4
2019-09-02T06:00:00.000,28,12,16
2019-09-02T07:00:00.000,59,25,34
2019-09-02T08:00:00.000,84,31,53
2019-09-02T09:00:00.000,162,78,84
2019-09-02T10:00:00.000,177,89,88
2019-09-02T11:00:00.000,196,98,98
2019-09-02T12:00:00.000,244,114,130
2019-09-02T13:00:00.000,276,117,159
2019-09-02T14:00:00.000,292,136,156
2019-09-02T15:00:00.000,275,121,154
2019-09-02T16:00:00.000,250,117,133
2019-09-02T17:00:00.000,299,171,128
2019-09-02T18:00:00.000,155,69,86
2019-09-02T19:00:00.000,136,67,69
2019-09-02T20:00:00.000,65,37,28
2019-09-02T21:00:00.000,41,22,19
2019-09-02T22:00:00.000,24,14,10
2019-09-02T23:00:00.000,21,9,12
2019-09-03T00:00:00.000,11,6,5
2019-09-03T01:00:00.000,4,1,3
2019-09-03T02:00:00.000,7,1,6
2019-09-03T03:00:00.000,3,0,3
2019-09-03T04:00:00.000,13,3,10
2019-09-03T05:00:00.000,52,21,31
2019-09-03T06:00:00.000,182,73,109
2019-09-03T07:00:00.000,573,268,305
2019-09-03T08:00:00.000,846,364,482
2019-09-03T09:00:00.000,415,169,246
2019-09-03T10:00:00.000,165,61,104
2019-09-03T11:00:00.000,107,47,60
2019-09-03T12:00:00.000,130,62,68
2019-09-03T13:00:00.000,164,70,94
2019-09-03T14:00:00.000,122,53,69
2019-09-03T15:00:00.000,219,81,138
2019-09-03T16:00:00.000,519,133,386
2019-09-03T17:00:00.000,972,217,755
2019-09-03T18:00:00.000,555,155,400
2019-09-03T19:00:00.000,261,93,168
2019-09-03T20:00:00.000,124,55,69
2019-09-03T21:00:00.000,69,30,39
2019-09-03T22:00:00.000,61,17,44
2019-09-03T23:00:00.000,29,8,21
2019-09-04T00:00:00.000,17,6,11
2019-09-04T01:00:00.000,5,2,3
2019-09-04T02:00:00.000,4,2,2
2019-09-04T03:00:00.000,2,0,2
2019-09-04T04:00:00.000,11,7,4
2019-09-04T05:00:00.000,47,17,30
2019-09-04T06:00:00.000,214,104,110
2019-09-04T07:00:00.000,572,271,301
2019-09-04T08:00:00.000,826,383,443
2019-09-04T09:00:00.000,433,162,271
2019-09-04T10:00:00.000,204,59,145
2019-09-04T11:00:00.000,98,55,43
2019-09-04T12:00:00.000,122,52,70
2019-09-04T13:00:00.000,120,56,64
2019-09-04T14:00:00.000,135,62,73
2019-09-04T15:00:00.000,283,100,183
2019-09-04T16:00:00.000,534,147,387
2019-09-04T17:00:00.000,997,207,790
2019-09-04T18:00:00.000,549,177,372
2019-09-04T19:00:00.000,307,99,208
2019-09-04T20:00:00.000,145,53,92
2019-09-04T21:00:00.000,73,35,38
2019-09-04T22:00:00.000,48,21,27
2019-09-04T23:00:00.000,34,15,19
2019-09-05T00:00:00.000,9,3,6
2019-09-05T01:00:00.000,9,3,6
2019-09-05T02:00:00.000,1,1,0
2019-09-05T03:00:00.000,7,1,6
2019-09-05T04:00:00.000,13,4,9
2019-09-05T05:00:00.000,46,24,22
2019-09-05T06:00:00.000,205,100,105
2019-09-05T07:00:00.000,569,258,311
2019-09-05T08:00:00.000,786,328,458
2019-09-05T09:00:00.000,427,173,254
2019-09-05T10:00:00.000,186,83,103
2019-09-05T11:00:00.000,165,85,80
2019-09-05T12:00:00.000,140,67,73
2019-09-05T13:00:00.000,139,63,76
2019-09-05T14:00:00.000,178,63,115
2019-09-05T15:00:00.000,238,82,156
2019-09-05T16:00:00.000,529,151,378
2019-09-05T17:00:00.000,891,210,681
2019-09-05T18:00:00.000,572,150,422
2019-09-05T19:00:00.000,301,85,216
2019-09-05T20:00:00.000,144,54,90
2019-09-05T21:00:00.000,83,36,47
2019-09-05T22:00:00.000,55,25,30
2019-09-05T23:00:00.000,25,7,18
2019-09-06T00:00:00.000,10,3,7
2019-09-06T01:00:00.000,14,7,7
2019-09-06T02:00:00.000,4,1,3
2019-09-06T03:00:00.000,3,0,3
2019-09-06T04:00:00.000,6,4,2
2019-09-06T05:00:00.000,43,19,24
2019-09-06T06:00:00.000,172,77,95
2019-09-06T07:00:00.000,472,226,246
2019-09-06T08:00:00.000,661,288,373
2019-09-06T09:00:00.000,384,152,232
2019-09-06T10:00:00.000,185,68,117
2019-09-06T11:00:00.000,141,68,73
2019-09-06T12:00:00.000,137,57,80
2019-09-06T13:00:00.000,177,60,117
2019-09-06T14:00:00.000,197,77,120
2019-09-06T15:00:00.000,296,87,209
2019-09-06T16:00:00.000,543,136,407
2019-09-06T17:00:00.000,785,172,613
2019-09-06T18:00:00.000,414,128,286
2019-09-06T19:00:00.000,240,77,163
2019-09-06T20:00:00.000,121,57,64
2019-09-06T21:00:00.000,87,18,69
2019-09-06T22:00:00.000,62,30,32
2019-09-06T23:00:00.000,37,11,26
2019-09-07T00:00:00.000,21,7,14
2019-09-07T01:00:00.000,18,9,9
2019-09-07T02:00:00.000,7,4,3
2019-09-07T03:00:00.000,8,2,6
2019-09-07T04:00:00.000,3,1,2
2019-09-07T05:00:00.000,10,3,7
2019-09-07T06:00:00.000,25,11,14
2019-09-07T07:00:00.000,55,20,35
2019-09-07T08:00:00.000,116,58,58
2019-09-07T09:00:00.000,127,63,64
2019-09-07T10:00:00.000,185,98,87
2019-09-07T11:00:00.000,151,72,79
2019-09-07T12:00:00.000,211,85,126
2019-09-07T13:00:00.000,177,73,104
2019-09-07T14:00:00.000,257,119,138
2019-09-07T15:00:00.000,183,89,94
2019-09-07T16:00:00.000,150,75,75
2019-09-07T17:00:00.000,170,64,106
2019-09-07T18:00:00.000,130,70,60
2019-09-07T19:00:00.000,67,31,36
2019-09-07T20:00:00.000,26,15,11
2019-09-07T21:00:00.000,21,11,10
2019-09-07T22:00:00.000,19,14,5
2019-09-07T23:00:00.000,17,11,6
2019-09-08T00:00:00.000,9,7,2
2019-09-08T01:00:00.000,11,7,4
2019-09-08T02:00:00.000,9,4,5
2019-09-08T03:00:00.000,0,0,0
2019-09-08T04:00:00.000,2,1,1
2019-09-08T05:00:00.000,6,3,3
2019-09-08T06:00:00.000,10,5,5
2019-09-08T07:00:00.000,17,11,6
2019-09-08T08:00:00.000,39,18,21
2019-09-08T09:00:00.000,67,41,26
2019-09-08T10:00:00.000,69,40,29
2019-09-08T11:00:00.000,114,61,53
2019-09-08T12:00:00.000,101,47,54
2019-09-08T13:00:00.000,123,59,64
2019-09-08T14:00:00.000,171,63,108
2019-09-08T15:00:00.000,80,45,35
2019-09-08T16:00:00.000,111,58,53
2019-09-08T17:00:00.000,110,52,58
2019-09-08T18:00:00.000,89,45,44
2019-09-08T19:00:00.000,56,16,40
2019-09-08T20:00:00.000,29,10,19
2019-09-08T21:00:00.000,20,9,11
2019-09-08T22:00:00.000,6,1,5
2019-09-08T23:00:00.000,7,4,3
2019-09-09T00:00:00.000,6,2,4
2019-09-09T01:00:00.000,0,0,0
2019-09-09T02:00:00.000,2,2,0
2019-09-09T03:00:00.000,2,1,1
2019-09-09T04:00:00.000,10,4,6
2019-09-09T05:00:00.000,35,17,18
2019-09-09T06:00:00.000,142,70,72
2019-09-09T07:00:00.000,382,184,198
2019-09-09T08:00:00.000,600,255,345
2019-09-09T09:00:00.000,327,122,205
2019-09-09T10:00:00.000,132,49,83
2019-09-09T11:00:00.000,86,35,51
2019-09-09T12:00:00.000,52,23,29
2019-09-09T13:00:00.000,64,21,43
2019-09-09T14:00:00.000,85,39,46
2019-09-09T15:00:00.000,137,45,92
2019-09-09T16:00:00.000,289,67,222
2019-09-09T17:00:00.000,629,116,513
2019-09-09T18:00:00.000,381,92,289
2019-09-09T19:00:00.000,176,59,117
2019-09-09T20:00:00.000,80,30,50
2019-09-09T21:00:00.000,51,20,31
2019-09-09T22:00:00.000,28,11,17
2019-09-09T23:00:00.000,19,3,16
2019-09-10T00:00:00.000,8,3,5
2019-09-10T01:00:00.000,0,0,0
2019-09-10T02:00:00.000,6,5,1
2019-09-10T03:00:00.000,8,4,4
2019-09-10T04:00:00.000,11,5,6
2019-09-10T05:00:00.000,47,27,20
2019-09-10T06:00:00.000,136,66,70
2019-09-10T07:00:00.000,296,135,161
2019-09-10T08:00:00.000,515,226,289
2019-09-10T09:00:00.000,291,114,177
2019-09-10T10:00:00.000,135,47,88
2019-09-10T11:00:00.000,84,40,44
2019-09-10T12:00:00.000,97,45,52
2019-09-10T13:00:00.000,110,42,68
2019-09-10T14:00:00.000,114,54,60
2019-09-10T15:00:00.000,190,67,123
2019-09-10T16:00:00.000,373,108,265
2019-09-10T17:00:00.000,753,188,565
2019-09-10T18:00:00.000,484,138,346
2019-09-10T19:00:00.000,258,89,169
2019-09-10T20:00:00.000,103,39,64
2019-09-10T21:00:00.000,80,21,59
2019-09-10T22:00:00.000,49,21,28
2019-09-10T23:00:00.000,25,6,19
2019-09-11T00:00:00.000,15,8,7
2019-09-11T01:00:00.000,5,3,2
2019-09-11T02:00:00.000,2,1,1
2019-09-11T03:00:00.000,1,0,1
2019-09-11T04:00:00.000,7,3,4
2019-09-11T05:00:00.000,41,19,22
2019-09-11T06:00:00.000,193,109,84
2019-09-11T07:00:00.000,529,249,280
2019-09-11T08:00:00.000,831,372,459
2019-09-11T09:00:00.000,409,161,248
2019-09-11T10:00:00.000,140,57,83
2019-09-11T11:00:00.000,127,59,68
2019-09-11T12:00:00.000,123,51,72
2019-09-11T13:00:00.000,138,51,87
2019-09-11T14:00:00.000,145,59,86
2019-09-11T15:00:00.000,232,64,168
2019-09-11T16:00:00.000,470,136,334
2019-09-11T17:00:00.000,983,215,768
2019-09-11T18:00:00.000,603,192,411
2019-09-11T19:00:00.000,297,113,184
2019-09-11T20:00:00.000,122,36,86
2019-09-11T21:00:00.000,80,38,42
2019-09-11T22:00:00.000,57,21,36
2019-09-11T23:00:00.000,22,8,14
2019-09-12T00:00:00.000,13,4,9
2019-09-12T01:00:00.000,9,3,6
2019-09-12T02:00:00.000,11,3,8
2019-09-12T03:00:00.000,7,5,2
2019-09-12T04:00:00.000,6,3,3
2019-09-12T05:00:00.000,37,18,19
2019-09-12T06:00:00.000,198,108,90
2019-09-12T07:00:00.000,543,254,289
2019-09-12T08:00:00.000,786,368,418
2019-09-12T09:00:00.000,385,147,238
2019-09-12T10:00:00.000,198,70,128
2019-09-12T11:00:00.000,167,67,100
2019-09-12T12:00:00.000,142,60,82
2019-09-12T13:00:00.000,130,60,70
2019-09-12T14:00:00.000,155,60,95
2019-09-12T15:00:00.000,219,94,125
2019-09-12T16:00:00.000,548,148,400
2019-09-12T17:00:00.000,871,210,661
2019-09-12T18:00:00.000,504,152,352
2019-09-12T19:00:00.000,260,79,181
2019-09-12T20:00:00.000,86,35,51
2019-09-12T21:00:00.000,49,17,32
2019-09-12T22:00:00.000,30,11,19
2019-09-12T23:00:00.000,29,10,19
2019-09-13T00:00:00.000,12,7,5
2019-09-13T01:00:00.000,5,1,4
2019-09-13T02:00:00.000,3,2,1
2019-09-13T03:00:00.000,2,0,2
2019-09-13T04:00:00.000,6,2,4
2019-09-13T05:00:00.000,26,17,9
2019-09-13T06:00:00.000,141,73,68
2019-09-13T07:00:00.000,393,185,208
2019-09-13T08:00:00.000,584,234,350
2019-09-13T09:00:00.000,305,129,176
2019-09-13T10:00:00.000,134,44,90
2019-09-13T11:00:00.000,110,46,64
2019-09-13T12:00:00.000,127,57,70
2019-09-13T13:00:00.000,112,46,66
2019-09-13T14:00:00.000,130,41,89
2019-09-13T15:00:00.000,222,78,144
2019-09-13T16:00:00.000,459,122,337
2019-09-13T17:00:00.000,714,166,548
2019-09-13T18:00:00.000,345,88,257
2019-09-13T19:00:00.000,153,53,100
2019-09-13T20:00:00.000,66,20,46
2019-09-13T21:00:00.000,40,14,26
2019-09-13T22:00:00.000,42,18,24
2019-09-13T23:00:00.000,27,8,19
2019-09-14T00:00:00.000,27,13,14
2019-09-14T01:00:00.000,12,7,5
2019-09-14T02:00:00.000,11,8,3
2019-09-14T03:00:00.000,6,4,2
2019-09-14T04:00:00.000,5,1,4
2019-09-14T05:00:00.000,12,6,6
2019-09-14T06:00:00.000,27,9,18
2019-09-14T07:00:00.000,58,27,31
2019-09-14T08:00:00.000,93,35,58
2019-09-14T09:00:00.000,138,80,58
2019-09-14T10:00:00.000,153,70,83
2019-09-14T11:00:00.000,176,76,100
2019-09-14T12:00:00.000,194,75,119
2019-09-14T13:00:00.000,205,66,139
2019-09-14T14:00:00.000,218,119,99
2019-09-14T15:00:00.000,181,78,103
2019-09-14T16:00:00.000,156,62,94
2019-09-14T17:00:00.000,184,82,102
2019-09-14T18:00:00.000,93,29,64
2019-09-14T19:00:00.000,108,46,62
2019-09-14T20:00:00.000,53,30,23
2019-09-14T21:00:00.000,27,19,8
2019-09-14T22:00:00.000,13,6,7
2019-09-14T23:00:00.000,14,1,13
2019-09-15T00:00:00.000,13,6,7
2019-09-15T01:00:00.000,9,2,7
2019-09-15T02:00:00.000,1,0,1
2019-09-15T03:00:00.000,2,1,1
2019-09-15T04:00:00.000,3,1,2
2019-09-15T05:00:00.000,5,2,3
2019-09-15T06:00:00.000,17,10,7
2019-09-15T07:00:00.000,14,7,7
2019-09-15T08:00:00.000,17,8,9
2019-09-15T09:00:00.000,33,24,9
2019-09-15T10:00:00.000,25,10,15
2019-09-15T11:00:00.000,31,18,13
2019-09-15T12:00:00.000,34,19,15
2019-09-15T13:00:00.000,37,13,24
2019-09-15T14:00:00.000,63,35,28
2019-09-15T15:00:00.000,61,37,24
2019-09-15T16:00:00.000,58,32,26
2019-09-15T17:00:00.000,51,21,30
2019-09-15T18:00:00.000,73,23,50
2019-09-15T19:00:00.000,42,14,28
2019-09-15T20:00:00.000,33,15,18
2019-09-15T21:00:00.000,17,9,8
2019-09-15T22:00:00.000,14,7,7
2019-09-15T23:00:00.000,15,7,8
2019-09-16T00:00:00.000,6,4,2
2019-09-16T01:00:00.000,3,0,3
2019-09-16T02:00:00.000,7,5,2
2019-09-16T03:00:00.000,0,0,0
2019-09-16T04:00:00.000,6,4,2
2019-09-16T05:00:00.000,44,27,17
2019-09-16T06:00:00.000,154,77,77
2019-09-16T07:00:00.000,459,207,252
2019-09-16T08:00:00.000,683,291,392
2019-09-16T09:00:00.000,358,144,214
2019-09-16T10:00:00.000,165,66,99
2019-09-16T11:00:00.000,109,48,61
2019-09-16T12:00:00.000,113,42,71
2019-09-16T13:00:00.000,121,47,74
2019-09-16T14:00:00.000,140,58,82
2019-09-16T15:00:00.000,197,84,113
2019-09-16T16:00:00.000,480,134,346
2019-09-16T17:00:00.000,837,207,630
2019-09-16T18:00:00.000,542,128,414
2019-09-16T19:00:00.000,213,63,150
2019-09-16T20:00:00.000,106,37,69
2019-09-16T21:00:00.000,70,27,43
2019-09-16T22:00:00.000,29,12,17
2019-09-16T23:00:00.000,20,10,10
2019-09-17T00:00:00.000,9,0,9
2019-09-17T01:00:00.000,5,1,4
2019-09-17T02:00:00.000,4,2,2
2019-09-17T03:00:00.000,8,4,4
2019-09-17T04:00:00.000,4,4,0
2019-09-17T05:00:00.000,27,14,13
2019-09-17T06:00:00.000,135,71,64
2019-09-17T07:00:00.000,359,168,191
2019-09-17T08:00:00.000,489,210,279
2019-09-17T09:00:00.000,189,72,117
2019-09-17T10:00:00.000,76,28,48
2019-09-17T11:00:00.000,35,18,17
2019-09-17T12:00:00.000,56,30,26
2019-09-17T13:00:00.000,62,27,35
2019-09-17T14:00:00.000,62,24,38
2019-09-17T15:00:00.000,132,44,88
2019-09-17T16:00:00.000,300,73,227
2019-09-17T17:00:00.000,548,97,451
2019-09-17T18:00:00.000,290,86,204
2019-09-17T19:00:00.000,132,44,88
2019-09-17T20:00:00.000,55,12,43
2019-09-17T21:00:00.000,43,17,26
2019-09-17T22:00:00.000,20,5,15
2019-09-17T23:00:00.000,14,6,8
2019-09-18T00:00:00.000,6,2,4
2019-09-18T01:00:00.000,3,1,2
2019-09-18T02:00:00.000,3,1,2
2019-09-18T03:00:00.000,0,0,0
2019-09-18T04:00:00.000,7,4,3
2019-09-18T05:00:00.000,19,9,10
2019-09-18T06:00:00.000,142,74,68
2019-09-18T07:00:00.000,427,187,240
2019-09-18T08:00:00.000,657,283,374
2019-09-18T09:00:00.000,310,128,182
2019-09-18T10:00:00.000,143,58,85
2019-09-18T11:00:00.000,99,35,64
2019-09-18T12:00:00.000,104,44,60
2019-09-18T13:00:00.000,94,42,52
2019-09-18T14:00:00.000,133,55,78
2019-09-18T15:00:00.000,202,68,134
2019-09-18T16:00:00.000,443,118,325
2019-09-18T17:00:00.000,779,203,576
2019-09-18T18:00:00.000,527,134,393
2019-09-18T19:00:00.000,224,77,147
2019-09-18T20:00:00.000,113,36,77
2019-09-18T21:00:00.000,69,33,36
2019-09-18T22:00:00.000,66,25,41
2019-09-18T23:00:00.000,28,10,18
2019-09-19T00:00:00.000,10,3,7
2019-09-19T01:00:00.000,9,3,6
2019-09-19T02:00:00.000,7,5,2
2019-09-19T03:00:00.000,3,2,1
2019-09-19T04:00:00.000,8,4,4
2019-09-19T05:00:00.000,45,23,22
2019-09-19T06:00:00.000,158,86,72
2019-09-19T07:00:00.000,489,208,281
2019-09-19T08:00:00.000,688,310,378
2019-09-19T09:00:00.000,364,132,232
2019-09-19T10:00:00.000,169,60,109
2019-09-19T11:00:00.000,122,53,69
2019-09-19T12:00:00.000,129,58,71
2019-09-19T13:00:00.000,133,58,75
2019-09-19T14:00:00.000,141,39,102
2019-09-19T15:00:00.000,211,82,129
2019-09-19T16:00:00.000,481,143,338
2019-09-19T17:00:00.000,864,178,686
2019-09-19T18:00:00.000,477,125,352
2019-09-19T19:00:00.000,238,75,163
2019-09-19T20:00:00.000,95,24,71
2019-09-19T21:00:00.000,61,12,49
2019-09-19T22:00:00.000,42,18,24
2019-09-19T23:00:00.000,26,10,16
2019-09-20T00:00:00.000,9,3,6
2019-09-20T01:00:00.000,5,2,3
2019-09-20T02:00:00.000,3,1,2
2019-09-20T03:00:00.000,2,0,2
2019-09-20T04:00:00.000,3,1,2
2019-09-20T05:00:00.000,29,11,18
2019-09-20T06:00:00.000,156,76,80
2019-09-20T07:00:00.000,382,170,212
2019-09-20T08:00:00.000,586,228,358
2019-09-20T09:00:00.000,326,102,224
2019-09-20T10:00:00.000,150,52,98
2019-09-20T11:00:00.000,198,73,125
2019-09-20T12:00:00.000,133,44,89
2019-09-20T13:00:00.000,180,64,116
2019-09-20T14:00:00.000,200,58,142
2019-09-20T15:00:00.000,277,75,202
2019-09-20T16:00:00.000,456,118,338
2019-09-20T17:00:00.000,635,147,488
2019-09-20T18:00:00.000,384,105,279
2019-09-20T19:00:00.000,166,45,121
2019-09-20T20:00:00.000,90,38,52
2019-09-20T21:00:00.000,57,17,40
2019-09-20T22:00:00.000,41,25,16
2019-09-20T23:00:00.000,40,22,18
2019-09-21T00:00:00.000,21,10,11
2019-09-21T01:00:00.000,17,8,9
2019-09-21T02:00:00.000,8,3,5
2019-09-21T03:00:00.000,8,3,5
2019-09-21T04:00:00.000,10,5,5
2019-09-21T05:00:00.000,5,2,3
2019-09-21T06:00:00.000,22,7,15
2019-09-21T07:00:00.000,55,26,29
2019-09-21T08:00:00.000,96,37,59
2019-09-21T09:00:00.000,133,62,71
2019-09-21T10:00:00.000,137,71,66
2019-09-21T11:00:00.000,202,90,112
2019-09-21T12:00:00.000,263,120,143
2019-09-21T13:00:00.000,235,94,141
2019-09-21T14:00:00.000,254,112,142
2019-09-21T15:00:00.000,240,119,121
2019-09-21T16:00:00.000,218,87,131
2019-09-21T17:00:00.000,228,117,111
2019-09-21T18:00:00.000,168,96,72
2019-09-21T19:00:00.000,116,56,60
2019-09-21T20:00:00.000,77,32,45
2019-09-21T21:00:00.000,45,28,17
2019-09-21T22:00:00.000,56,28,28
2019-09-21T23:00:00.000,34,23,11
2019-09-22T00:00:00.000,21,9,12
2019-09-22T01:00:00.000,16,7,9
2019-09-22T02:00:00.000,8,3,5
2019-09-22T03:00:00.000,3,2,1
2019-09-22T04:00:00.000,3,3,0
2019-09-22T05:00:00.000,2,1,1
2019-09-22T06:00:00.000,10,4,6
2019-09-22T07:00:00.000,18,6,12
2019-09-22T08:00:00.000,16,6,10
2019-09-22T09:00:00.000,26,12,14
2019-09-22T10:00:00.000,27,7,20
2019-09-22T11:00:00.000,35,19,16
2019-09-22T12:00:00.000,39,21,18
2019-09-22T13:00:00.000,30,18,12
2019-09-22T14:00:00.000,39,18,21
2019-09-22T15:00:00.000,36,22,14
2019-09-22T16:00:00.000,35,20,15
2019-09-22T17:00:00.000,46,23,23
2019-09-22T18:00:00.000,63,26,37
2019-09-22T19:00:00.000,31,18,13
2019-09-22T20:00:00.000,31,11,20
2019-09-22T21:00:00.000,7,0,7
2019-09-22T22:00:00.000,13,8,5
2019-09-22T23:00:00.000,4,2,2
2019-09-23T00:00:00.000,3,0,3
2019-09-23T01:00:00.000,2,1,1
2019-09-23T02:00:00.000,0,0,0
2019-09-23T03:00:00.000,2,1,1
2019-09-23T04:00:00.000,6,3,3
2019-09-23T05:00:00.000,44,18,26
2019-09-23T06:00:00.000,139,68,71
2019-09-23T07:00:00.000,471,215,256
2019-09-23T08:00:00.000,752,316,436
2019-09-23T09:00:00.000,365,118,247
2019-09-23T10:00:00.000,132,57,75
2019-09-23T11:00:00.000,86,35,51
2019-09-23T12:00:00.000,52,18,34
2019-09-23T13:00:00.000,65,26,39
2019-09-23T14:00:00.000,76,33,43
2019-09-23T15:00:00.000,116,41,75
2019-09-23T16:00:00.000,346,69,277
2019-09-23T17:00:00.000,775,153,622
2019-09-23T18:00:00.000,454,115,339
2019-09-23T19:00:00.000,171,45,126
2019-09-23T20:00:00.000,59,22,37
2019-09-23T21:00:00.000,42,15,27
2019-09-23T22:00:00.000,21,6,15
2019-09-23T23:00:00.000,20,8,12
2019-09-24T00:00:00.000,8,3,5
2019-09-24T01:00:00.000,3,2,1
2019-09-24T02:00:00.000,3,2,1
2019-09-24T03:00:00.000,4,3,1
2019-09-24T04:00:00.000,11,5,6
2019-09-24T05:00:00.000,42,21,21
2019-09-24T06:00:00.000,146,64,82
2019-09-24T07:00:00.000,421,210,211
2019-09-24T08:00:00.000,664,274,390
2019-09-24T09:00:00.000,349,132,217
2019-09-24T10:00:00.000,114,28,86
2019-09-24T11:00:00.000,76,37,39
2019-09-24T12:00:00.000,108,53,55
2019-09-24T13:00:00.000,124,49,75
2019-09-24T14:00:00.000,124,39,85
2019-09-24T15:00:00.000,212,87,125
2019-09-24T16:00:00.000,408,101,307
2019-09-24T17:00:00.000,780,179,601
2019-09-24T18:00:00.000,547,152,395
2019-09-24T19:00:00.000,245,77,168
2019-09-24T20:00:00.000,122,46,76
2019-09-24T21:00:00.000,84,29,55
2019-09-24T22:00:00.000,53,25,28
2019-09-24T23:00:00.000,26,16,10
2019-09-25T00:00:00.000,5,1,4
2019-09-25T01:00:00.000,8,2,6
2019-09-25T02:00:00.000,5,2,3
2019-09-25T03:00:00.000,5,4,1
2019-09-25T04:00:00.000,10,5,5
2019-09-25T05:00:00.000,41,22,19
2019-09-25T06:00:00.000,195,97,98
2019-09-25T07:00:00.000,502,236,266
2019-09-25T08:00:00.000,785,333,452
2019-09-25T09:00:00.000,417,164,253
2019-09-25T10:00:00.000,185,61,124
2019-09-25T11:00:00.000,128,45,83
2019-09-25T12:00:00.000,135,51,84
2019-09-25T13:00:00.000,118,53,65
2019-09-25T14:00:00.000,172,61,111
2019-09-25T15:00:00.000,230,83,147
2019-09-25T16:00:00.000,521,140,381
2019-09-25T17:00:00.000,966,241,725
2019-09-25T18:00:00.000,520,150,370
2019-09-25T19:00:00.000,204,67,137
2019-09-25T20:00:00.000,110,38,72
2019-09-25T21:00:00.000,91,42,49
2019-09-25T22:00:00.000,50,23,27
2019-09-25T23:00:00.000,26,9,17
2019-09-26T00:00:00.000,13,5,8
2019-09-26T01:00:00.000,6,0,6
2019-09-26T02:00:00.000,5,3,2
2019-09-26T03:00:00.000,4,4,0
2019-09-26T04:00:00.000,9,5,4
2019-09-26T05:00:00.000,34,19,15
2019-09-26T06:00:00.000,126,62,64
2019-09-26T07:00:00.000,357,171,186
2019-09-26T08:00:00.000,537,217,320
2019-09-26T09:00:00.000,297,106,191
2019-09-26T10:00:00.000,147,57,90
2019-09-26T11:00:00.000,125,57,68
2019-09-26T12:00:00.000,111,38,73
2019-09-26T13:00:00.000,120,52,68
2019-09-26T14:00:00.000,145,67,78
2019-09-26T15:00:00.000,194,79,115
2019-09-26T16:00:00.000,392,102,290
2019-09-26T17:00:00.000,679,189,490
2019-09-26T18:00:00.000,410,120,290
2019-09-26T19:00:00.000,176,58,118
2019-09-26T20:00:00.000,104,32,72
2019-09-26T21:00:00.000,67,25,42
2019-09-26T22:00:00.000,43,19,24
2019-09-26T23:00:00.000,29,7,22
2019-09-27T00:00:00.000,12,6,6
2019-09-27T01:00:00.000,4,3,1
2019-09-27T02:00:00.000,4,1,3
2019-09-27T03:00:00.000,2,1,1
2019-09-27T04:00:00.000,4,1,3
2019-09-27T05:00:00.000,24,17,7
2019-09-27T06:00:00.000,121,59,62
2019-09-27T07:00:00.000,302,114,188
2019-09-27T08:00:00.000,536,227,309
2019-09-27T09:00:00.000,303,109,194
2019-09-27T10:00:00.000,136,47,89
2019-09-27T11:00:00.000,109,50,59
2019-09-27T12:00:00.000,94,35,59
2019-09-27T13:00:00.000,126,51,75
2019-09-27T14:00:00.000,112,44,68
2019-09-27T15:00:00.000,176,58,118
2019-09-27T16:00:00.000,386,88,298
2019-09-27T17:00:00.000,511,124,387
2019-09-27T18:00:00.000,234,76,158
2019-09-27T19:00:00.000,95,37,58
2019-09-27T20:00:00.000,41,23,18
2019-09-27T21:00:00.000,30,8,22
2019-09-27T22:00:00.000,31,16,15
2019-09-27T23:00:00.000,20,4,16
2019-09-28T00:00:00.000,14,8,6
2019-09-28T01:00:00.000,10,2,8
2019-09-28T02:00:00.000,4,1,3
2019-09-28T03:00:00.000,3,2,1
2019-09-28T04:00:00.000,2,0,2
2019-09-28T05:00:00.000,8,3,5
2019-09-28T06:00:00.000,8,0,8
2019-09-28T07:00:00.000,15,6,9
2019-09-28T08:00:00.000,51,31,20
2019-09-28T09:00:00.000,66,41,25
2019-09-28T10:00:00.000,90,36,54
2019-09-28T11:00:00.000,130,63,67
2019-09-28T12:00:00.000,139,70,69
2019-09-28T13:00:00.000,137,64,73
2019-09-28T14:00:00.000,201,95,106
2019-09-28T15:00:00.000,178,58,120
2019-09-28T16:00:00.000,262,130,132
2019-09-28T17:00:00.000,191,94,97
2019-09-28T18:00:00.000,139,51,88
2019-09-28T19:00:00.000,61,31,30
2019-09-28T20:00:00.000,60,24,36
2019-09-28T21:00:00.000,34,16,18
2019-09-28T22:00:00.000,36,11,25
2019-09-28T23:00:00.000,20,11,9
2019-09-29T00:00:00.000,19,1,18
2019-09-29T01:00:00.000,10,6,4
2019-09-29T02:00:00.000,8,2,6
2019-09-29T03:00:00.000,8,7,1
2019-09-29T04:00:00.000,3,1,2
2019-09-29T05:00:00.000,4,1,3
2019-09-29T06:00:00.000,7,2,5
2019-09-29T07:00:00.000,29,14,15
2019-09-29T08:00:00.000,57,17,40
2019-09-29T09:00:00.000,87,44,43
2019-09-29T10:00:00.000,93,41,52
2019-09-29T11:00:00.000,128,55,73
2019-09-29T12:00:00.000,147,57,90
2019-09-29T13:00:00.000,150,64,86
2019-09-29T14:00:00.000,149,72,77
2019-09-29T15:00:00.000,130,66,64
2019-09-29T16:00:00.000,104,44,60
2019-09-29T17:00:00.000,103,36,67
2019-09-29T18:00:00.000,71,27,44
2019-09-29T19:00:00.000,33,10,23
2019-09-29T20:00:00.000,36,15,21
2019-09-29T21:00:00.000,19,13,6
2019-09-29T22:00:00.000,11,3,8
2019-09-29T23:00:00.000,18,8,10
2019-09-30T00:00:00.000,3,1,2
2019-09-30T01:00:00.000,0,0,0
2019-09-30T02:00:00.000,1,0,1
2019-09-30T03:00:00.000,5,2,3
2019-09-30T04:00:00.000,7,5,2
2019-09-30T05:00:00.000,41,22,19
2019-09-30T06:00:00.000,160,79,81
2019-09-30T07:00:00.000,445,201,244
2019-09-30T08:00:00.000,792,344,448
2019-09-30T09:00:00.000,391,142,249
2019-09-30T10:00:00.000,153,55,98
2019-09-30T11:00:00.000,116,44,72
2019-09-30T12:00:00.000,99,41,58
2019-09-30T13:00:00.000,102,39,63
2019-09-30T14:00:00.000,135,58,77
2019-09-30T15:00:00.000,223,83,140
2019-09-30T16:00:00.000,494,117,377
2019-09-30T17:00:00.000,861,212,649
2019-09-30T18:00:00.000,581,155,426
2019-09-30T19:00:00.000,215,60,155
2019-09-30T20:00:00.000,82,31,51
2019-09-30T21:00:00.000,60,19,41
2019-09-30T22:00:00.000,22,8,14
2019-09-30T23:00:00.000,18,8,10
2019-10-01T00:00:00.000,10,2,8
2019-10-01T01:00:00.000,0,0,0
2019-10-01T02:00:00.000,1,0,1
2019-10-01T03:00:00.000,3,1,2
2019-10-01T04:00:00.000,7,4,3
2019-10-01T05:00:00.000,37,15,22
2019-10-01T06:00:00.000,160,80,80
2019-10-01T07:00:00.000,513,227,286
2019-10-01T08:00:00.000,781,369,412
2019-10-01T09:00:00.000,381,140,241
2019-10-01T10:00:00.000,156,58,98
2019-10-01T11:00:00.000,109,46,63
2019-10-01T12:00:00.000,130,64,66
2019-10-01T13:00:00.000,115,40,75
2019-10-01T14:00:00.000,155,65,90
2019-10-01T15:00:00.000,225,72,153
2019-10-01T16:00:00.000,519,124,395
2019-10-01T17:00:00.000,901,199,702
2019-10-01T18:00:00.000,580,142,438
2019-10-01T19:00:00.000,208,62,146
2019-10-01T20:00:00.000,90,33,57
2019-10-01T21:00:00.000,83,37,46
2019-10-01T22:00:00.000,37,15,22
2019-10-01T23:00:00.000,20,6,14
2019-10-02T00:00:00.000,8,0,8
2019-10-02T01:00:00.000,2,0,2
2019-10-02T02:00:00.000,4,1,3
2019-10-02T03:00:00.000,3,3,0
2019-10-02T04:00:00.000,7,1,6
2019-10-02T05:00:00.000,41,21,20
2019-10-02T06:00:00.000,147,80,67
2019-10-02T07:00:00.000,438,195,243
2019-10-02T08:00:00.000,700,279,421
2019-10-02T09:00:00.000,420,159,261
2019-10-02T10:00:00.000,172,75,97
2019-10-02T11:00:00.000,129,48,81
2019-10-02T12:00:00.000,93,40,53
2019-10-02T13:00:00.000,122,44,78
2019-10-02T14:00:00.000,140,52,88
2019-10-02T15:00:00.000,183,72,111
2019-10-02T16:00:00.000,485,118,367
2019-10-02T17:00:00.000,810,178,632
2019-10-02T18:00:00.000,483,122,361
2019-10-02T19:00:00.000,181,63,118
2019-10-02T20:00:00.000,84,22,62
2019-10-02T21:00:00.000,78,38,40
2019-10-02T22:00:00.000,44,12,32
2019-10-02T23:00:00.000,21,6,15
2019-10-03T00:00:00.000,7,3,4
2019-10-03T01:00:00.000,5,0,5
2019-10-03T02:00:00.000,4,2,2
2019-10-03T03:00:00.000,2,2,0
2019-10-03T04:00:00.000,4,2,2
2019-10-03T05:00:00.000,32,17,15
2019-10-03T06:00:00.000,137,75,62
2019-10-03T07:00:00.000,374,169,205
2019-10-03T08:00:00.000,629,264,365
2019-10-03T09:00:00.000,342,107,235
2019-10-03T10:00:00.000,135,51,84
2019-10-03T11:00:00.000,115,55,60
2019-10-03T12:00:00.000,131,55,76
2019-10-03T13:00:00.000,122,39,83
2019-10-03T14:00:00.000,137,56,81
2019-10-03T15:00:00.000,207,85,122
2019-10-03T16:00:00.000,406,100,306
2019-10-03T17:00:00.000,687,166,521
2019-10-03T18:00:00.000,368,102,266
2019-10-03T19:00:00.000,167,53,114
2019-10-03T20:00:00.000,63,18,45
2019-10-03T21:00:00.000,99,38,61
2019-10-03T22:00:00.000,54,21,33
2019-10-03T23:00:00.000,31,15,16
2019-10-04T00:00:00.000,10,5,5
2019-10-04T01:00:00.000,5,2,3
2019-10-04T02:00:00.000,7,3,4
2019-10-04T03:00:00.000,2,2,0
2019-10-04T04:00:00.000,3,1,2
2019-10-04T05:00:00.000,25,10,15
2019-10-04T06:00:00.000,110,59,51
2019-10-04T07:00:00.000,287,138,149
2019-10-04T08:00:00.000,515,223,292
2019-10-04T09:00:00.000,355,125,230
2019-10-04T10:00:00.000,135,55,80
2019-10-04T11:00:00.000,105,41,64
2019-10-04T12:00:00.000,88,36,52
2019-10-04T13:00:00.000,116,60,56
2019-10-04T14:00:00.000,131,48,83
2019-10-04T15:00:00.000,198,65,133
2019-10-04T16:00:00.000,426,111,315
2019-10-04T17:00:00.000,568,131,437
2019-10-04T18:00:00.000,304,90,214
2019-10-04T19:00:00.000,124,32,92
2019-10-04T20:00:00.000,55,11,44
2019-10-04T21:00:00.000,45,18,27
2019-10-04T22:00:00.000,40,14,26
2019-10-04T23:00:00.000,32,9,23
2019-10-05T00:00:00.000,29,9,20
2019-10-05T01:00:00.000,14,5,9
2019-10-05T02:00:00.000,11,5,6
2019-10-05T03:00:00.000,5,1,4
2019-10-05T04:00:00.000,2,0,2
2019-10-05T05:00:00.000,7,6,1
2019-10-05T06:00:00.000,18,7,11
2019-10-05T07:00:00.000,43,17,26
2019-10-05T08:00:00.000,80,27,53
2019-10-05T09:00:00.000,126,69,57
2019-10-05T10:00:00.000,135,50,85
2019-10-05T11:00:00.000,155,71,84
2019-10-05T12:00:00.000,173,77,96
2019-10-05T13:00:00.000,219,92,127
2019-10-05T14:00:00.000,171,73,98
2019-10-05T15:00:00.000,164,68,96
2019-10-05T16:00:00.000,202,80,122
2019-10-05T17:00:00.000,193,85,108
2019-10-05T18:00:00.000,130,73,57
2019-10-05T19:00:00.000,61,20,41
2019-10-05T20:00:00.000,46,13,33
2019-10-05T21:00:00.000,27,14,13
2019-10-05T22:00:00.000,30,8,22
2019-10-05T23:00:00.000,22,11,11
2019-10-06T00:00:00.000,14,4,10
2019-10-06T01:00:00.000,14,6,8
2019-10-06T02:00:00.000,9,3,6
2019-10-06T03:00:00.000,3,0,3
2019-10-06T04:00:00.000,3,0,3
2019-10-06T05:00:00.000,10,7,3
2019-10-06T06:00:00.000,21,6,15
2019-10-06T07:00:00.000,38,12,26
2019-10-06T08:00:00.000,72,30,42
2019-10-06T09:00:00.000,97,40,57
2019-10-06T10:00:00.000,136,62,74
2019-10-06T11:00:00.000,219,112,107
2019-10-06T12:00:00.000,261,108,153
2019-10-06T13:00:00.000,228,93,135
2019-10-06T14:00:00.000,265,122,143
2019-10-06T15:00:00.000,257,111,146
2019-10-06T16:00:00.000,195,86,109
2019-10-06T17:00:00.000,174,72,102
2019-10-06T18:00:00.000,117,44,73
2019-10-06T19:00:00.000,52,26,26
2019-10-06T20:00:00.000,20,7,13
2019-10-06T21:00:00.000,14,5,9
2019-10-06T22:00:00.000,15,7,8
2019-10-06T23:00:00.000,7,1,6
2019-10-07T00:00:00.000,4,1,3
2019-10-07T01:00:00.000,4,1,3
2019-10-07T02:00:00.000,1,1,0
2019-10-07T03:00:00.000,3,1,2
2019-10-07T04:00:00.000,9,5,4
2019-10-07T05:00:00.000,40,23,17
2019-10-07T06:00:00.000,123,67,56
2019-10-07T07:00:00.000,400,191,209
2019-10-07T08:00:00.000,650,288,362
2019-10-07T09:00:00.000,313,112,201
2019-10-07T10:00:00.000,128,41,87
2019-10-07T11:00:00.000,70,27,43
2019-10-07T12:00:00.000,86,40,46
2019-10-07T13:00:00.000,62,28,34
2019-10-07T14:00:00.000,108,46,62
2019-10-07T15:00:00.000,127,36,91
2019-10-07T16:00:00.000,382,81,301
2019-10-07T17:00:00.000,675,161,514
2019-10-07T18:00:00.000,401,115,286
2019-10-07T19:00:00.000,157,55,102
2019-10-07T20:00:00.000,78,29,49
2019-10-07T21:00:00.000,43,18,25
2019-10-07T22:00:00.000,23,6,17
2019-10-07T23:00:00.000,17,7,10
2019-10-08T00:00:00.000,4,1,3
2019-10-08T01:00:00.000,5,0,5
2019-10-08T02:00:00.000,2,0,2
2019-10-08T03:00:00.000,2,1,1
2019-10-08T04:00:00.000,6,4,2
2019-10-08T05:00:00.000,33,20,13
2019-10-08T06:00:00.000,154,85,69
2019-10-08T07:00:00.000,432,202,230
2019-10-08T08:00:00.000,616,278,338
2019-10-08T09:00:00.000,244,87,157
2019-10-08T10:00:00.000,108,39,69
2019-10-08T11:00:00.000,63,22,41
2019-10-08T12:00:00.000,51,23,28
2019-10-08T13:00:00.000,56,18,38
2019-10-08T14:00:00.000,82,30,52
2019-10-08T15:00:00.000,115,36,79
2019-10-08T16:00:00.000,339,89,250
2019-10-08T17:00:00.000,670,139,531
2019-10-08T18:00:00.000,412,116,296
2019-10-08T19:00:00.000,152,43,109
2019-10-08T20:00:00.000,74,19,55
2019-10-08T21:00:00.000,48,15,33
2019-10-08T22:00:00.000,25,10,15
2019-10-08T23:00:00.000,14,6,8
2019-10-09T00:00:00.000,6,1,5
2019-10-09T01:00:00.000,6,3,3
2019-10-09T02:00:00.000,2,1,1
2019-10-09T03:00:00.000,3,2,1
2019-10-09T04:00:00.000,9,6,3
2019-10-09T05:00:00.000,42,20,22
2019-10-09T06:00:00.000,158,83,75
2019-10-09T07:00:00.000,421,192,229
2019-10-09T08:00:00.000,630,285,345
2019-10-09T09:00:00.000,355,123,232
2019-10-09T10:00:00.000,158,58,100
2019-10-09T11:00:00.000,95,38,57
2019-10-09T12:00:00.000,113,40,73
2019-10-09T13:00:00.000,96,37,59
2019-10-09T14:00:00.000,141,61,80
2019-10-09T15:00:00.000,177,67,110
2019-10-09T16:00:00.000,438,112,326
2019-10-09T17:00:00.000,759,170,589
2019-10-09T18:00:00.000,489,152,337
2019-10-09T19:00:00.000,170,41,129
2019-10-09T20:00:00.000,96,36,60
2019-10-09T21:00:00.000,64,22,42
2019-10-09T22:00:00.000,33,15,18
2019-10-09T23:00:00.000,14,4,10
2019-10-10T00:00:00.000,5,2,3
2019-10-10T01:00:00.000,4,1,3
2019-10-10T02:00:00.000,1,0,1
2019-10-10T03:00:00.000,2,2,0
2019-10-10T04:00:00.000,6,4,2
2019-10-10T05:00:00.000,45,26,19
2019-10-10T06:00:00.000,121,74,47
2019-10-10T07:00:00.000,377,173,204
2019-10-10T08:00:00.000,587,258,329
2019-10-10T09:00:00.000,360,118,242
2019-10-10T10:00:00.000,131,45,86
2019-10-10T11:00:00.000,109,58,51
2019-10-10T12:00:00.000,98,37,61
2019-10-10T13:00:00.000,140,57,83
2019-10-10T14:00:00.000,109,40,69
2019-10-10T15:00:00.000,181,63,118
2019-10-10T16:00:00.000,422,120,302
2019-10-10T17:00:00.000,691,163,528
2019-10-10T18:00:00.000,454,130,324
2019-10-10T19:00:00.000,155,50,105
2019-10-10T20:00:00.000,82,31,51
2019-10-10T21:00:00.000,53,16,37
2019-10-10T22:00:00.000,34,12,22
2019-10-10T23:00:00.000,26,6,20
2019-10-11T00:00:00.000,18,11,7
2019-10-11T01:00:00.000,1,0,1
2019-10-11T02:00:00.000,0,0,0
2019-10-11T03:00:00.000,10,9,1
2019-10-11T04:00:00.000,3,0,3
2019-10-11T05:00:00.000,24,12,12
2019-10-11T06:00:00.000,117,51,66
2019-10-11T07:00:00.000,340,146,194
2019-10-11T08:00:00.000,505,201,304
2019-10-11T09:00:00.000,329,119,210
2019-10-11T10:00:00.000,132,61,71
2019-10-11T11:00:00.000,120,59,61
2019-10-11T12:00:00.000,143,45,98
2019-10-11T13:00:00.000,166,51,115
2019-10-11T14:00:00.000,180,65,115
2019-10-11T15:00:00.000,262,106,156
2019-10-11T16:00:00.000,443,128,315
2019-10-11T17:00:00.000,637,156,481
2019-10-11T18:00:00.000,316,99,217
2019-10-11T19:00:00.000,132,50,82
2019-10-11T20:00:00.000,67,26,41
2019-10-11T21:00:00.000,44,18,26
2019-10-11T22:00:00.000,26,7,19
2019-10-11T23:00:00.000,29,8,21
2019-10-12T00:00:00.000,21,8,13
2019-10-12T01:00:00.000,9,6,3
2019-10-12T02:00:00.000,5,0,5
2019-10-12T03:00:00.000,5,4,1
2019-10-12T04:00:00.000,1,0,1
2019-10-12T05:00:00.000,3,3,0
2019-10-12T06:00:00.000,19,7,12
2019-10-12T07:00:00.000,30,13,17
2019-10-12T08:00:00.000,56,19,37
2019-10-12T09:00:00.000,80,34,46
2019-10-12T10:00:00.000,108,56,52
2019-10-12T11:00:00.000,128,46,82
2019-10-12T12:00:00.000,129,53,76
2019-10-12T13:00:00.000,167,80,87
2019-10-12T14:00:00.000,150,66,84
2019-10-12T15:00:00.000,151,54,97
2019-10-12T16:00:00.000,153,68,85
2019-10-12T17:00:00.000,138,60,78
2019-10-12T18:00:00.000,78,29,49
2019-10-12T19:00:00.000,44,16,28
2019-10-12T20:00:00.000,30,10,20
2019-10-12T21:00:00.000,21,12,9
2019-10-12T22:00:00.000,14,4,10
2019-10-12T23:00:00.000,35,18,17
2019-10-13T00:00:00.000,22,5,17
2019-10-13T01:00:00.000,7,0,7
2019-10-13T02:00:00.000,2,0,2
2019-10-13T03:00:00.000,3,1,2
2019-10-13T04:00:00.000,10,1,9
2019-10-13T05:00:00.000,2,0,2
2019-10-13T06:00:00.000,15,4,11
2019-10-13T07:00:00.000,26,14,12
2019-10-13T08:00:00.000,62,30,32
2019-10-13T09:00:00.000,85,39,46
2019-10-13T10:00:00.000,89,38,51
2019-10-13T11:00:00.000,133,56,77
2019-10-13T12:00:00.000,119,57,62
2019-10-13T13:00:00.000,156,75,81
2019-10-13T14:00:00.000,164,88,76
2019-10-13T15:00:00.000,209,96,113
2019-10-13T16:00:00.000,166,76,90
2019-10-13T17:00:00.000,121,56,65
2019-10-13T18:00:00.000,84,42,42
2019-10-13T19:00:00.000,41,22,19
2019-10-13T20:00:00.000,29,11,18
2019-10-13T21:00:00.000,20,9,11
2019-10-13T22:00:00.000,19,8,11
2019-10-13T23:00:00.000,13,3,10
2019-10-14T00:00:00.000,9,4,5
2019-10-14T01:00:00.000,4,2,2
2019-10-14T02:00:00.000,3,2,1
2019-10-14T03:00:00.000,1,0,1
2019-10-14T04:00:00.000,4,2,2
2019-10-14T05:00:00.000,26,14,12
2019-10-14T06:00:00.000,141,63,78
2019-10-14T07:00:00.000,415,189,226
2019-10-14T08:00:00.000,743,314,429
2019-10-14T09:00:00.000,376,141,235
2019-10-14T10:00:00.000,147,64,83
2019-10-14T11:00:00.000,104,58,46
2019-10-14T12:00:00.000,100,49,51
2019-10-14T13:00:00.000,114,42,72
2019-10-14T14:00:00.000,143,56,87
2019-10-14T15:00:00.000,195,73,122
2019-10-14T16:00:00.000,472,151,321
2019-10-14T17:00:00.000,807,177,630
2019-10-14T18:00:00.000,525,151,374
2019-10-14T19:00:00.000,186,76,110
2019-10-14T20:00:00.000,77,31,46
2019-10-14T21:00:00.000,53,20,33
2019-10-14T22:00:00.000,21,6,15
2019-10-14T23:00:00.000,18,7,11
2019-10-15T00:00:00.000,10,4,6
2019-10-15T01:00:00.000,7,3,4
2019-10-15T02:00:00.000,5,4,1
2019-10-15T03:00:00.000,3,2,1
2019-10-15T04:00:00.000,7,3,4
2019-10-15T05:00:00.000,33,16,17
2019-10-15T06:00:00.000,157,82,75
2019-10-15T07:00:00.000,459,205,254
2019-10-15T08:00:00.000,731,339,392
2019-10-15T09:00:00.000,356,128,228
2019-10-15T10:00:00.000,151,45,106
2019-10-15T11:00:00.000,119,40,79
2019-10-15T12:00:00.000,68,22,46
2019-10-15T13:00:00.000,113,47,66
2019-10-15T14:00:00.000,115,39,76
2019-10-15T15:00:00.000,178,68,110
2019-10-15T16:00:00.000,448,122,326
2019-10-15T17:00:00.000,849,192,657
2019-10-15T18:00:00.000,473,116,357
2019-10-15T19:00:00.000,175,56,119
2019-10-15T20:00:00.000,84,24,60
2019-10-15T21:00:00.000,54,17,37
2019-10-15T22:00:00.000,33,14,19
2019-10-15T23:00:00.000,20,8,12
2019-10-16T00:00:00.000,4,0,4
2019-10-16T01:00:00.000,6,1,5
2019-10-16T02:00:00.000,2,1,1
2019-10-16T03:00:00.000,6,2,4
2019-10-16T04:00:00.000,3,2,1
2019-10-16T05:00:00.000,26,14,12
2019-10-16T06:00:00.000,101,59,42
2019-10-16T07:00:00.000,290,129,161
2019-10-16T08:00:00.000,441,198,243
2019-10-16T09:00:00.000,259,107,152
2019-10-16T10:00:00.000,89,22,67
2019-10-16T11:00:00.000,51,22,29
2019-10-16T12:00:00.000,61,25,36
2019-10-16T13:00:00.000,50,18,32
2019-10-16T14:00:00.000,66,22,44
2019-10-16T15:00:00.000,120,28,92
2019-10-16T16:00:00.000,279,79,200
2019-10-16T17:00:00.000,474,106,368
2019-10-16T18:00:00.000,274,58,216
2019-10-16T19:00:00.000,122,28,94
2019-10-16T20:00:00.000,67,20,47
2019-10-16T21:00:00.000,31,14,17
2019-10-16T22:00:00.000,24,5,19
2019-10-16T23:00:00.000,16,2,14
2019-10-17T00:00:00.000,6,3,3
2019-10-17T01:00:00.000,3,0,3
2019-10-17T02:00:00.000,1,0,1
2019-10-17T03:00:00.000,4,4,0
2019-10-17T04:00:00.000,9,6,3
2019-10-17T05:00:00.000,28,12,16
2019-10-17T06:00:00.000,90,49,41
2019-10-17T07:00:00.000,302,132,170
2019-10-17T08:00:00.000,472,211,261
2019-10-17T09:00:00.000,254,104,150
2019-10-17T10:00:00.000,86,27,59
2019-10-17T11:00:00.000,70,30,40
2019-10-17T12:00:00.000,69,33,36
2019-10-17T13:00:00.000,69,30,39
2019-10-17T14:00:00.000,76,25,51
2019-10-17T15:00:00.000,113,35,78
2019-10-17T16:00:00.000,274,64,210
2019-10-17T17:00:00.000,478,110,368
2019-10-17T18:00:00.000,300,60,240
2019-10-17T19:00:00.000,111,29,82
2019-10-17T20:00:00.000,61,19,42
2019-10-17T21:00:00.000,47,21,26
2019-10-17T22:00:00.000,25,12,13
2019-10-17T23:00:00.000,20,4,16
2019-10-18T00:00:00.000,8,0,8
2019-10-18T01:00:00.000,5,2,3
2019-10-18T02:00:00.000,5,4,1
2019-10-18T03:00:00.000,3,0,3
2019-10-18T04:00:00.000,7,3,4
2019-10-18T05:00:00.000,24,17,7
2019-10-18T06:00:00.000,107,44,63
2019-10-18T07:00:00.000,261,111,150
2019-10-18T08:00:00.000,452,191,261
2019-10-18T09:00:00.000,244,91,153
2019-10-18T10:00:00.000,92,37,55
2019-10-18T11:00:00.000,74,32,42
2019-10-18T12:00:00.000,63,25,38
2019-10-18T13:00:00.000,70,24,46
2019-10-18T14:00:00.000,77,26,51
2019-10-18T15:00:00.000,148,43,105
2019-10-18T16:00:00.000,276,63,213
2019-10-18T17:00:00.000,406,90,316
2019-10-18T18:00:00.000,212,56,156
2019-10-18T19:00:00.000,81,22,59
2019-10-18T20:00:00.000,32,6,26
2019-10-18T21:00:00.000,31,9,22
2019-10-18T22:00:00.000,16,11,5
2019-10-18T23:00:00.000,20,7,13
2019-10-19T00:00:00.000,10,6,4
2019-10-19T01:00:00.000,7,4,3
2019-10-19T02:00:00.000,3,3,0
2019-10-19T03:00:00.000,1,0,1
2019-10-19T04:00:00.000,1,1,0
2019-10-19T05:00:00.000,0,0,0
2019-10-19T06:00:00.000,8,2,6
2019-10-19T07:00:00.000,16,8,8
2019-10-19T08:00:00.000,36,15,21
2019-10-19T09:00:00.000,39,13,26
2019-10-19T10:00:00.000,51,13,38
2019-10-19T11:00:00.000,52,31,21
2019-10-19T12:00:00.000,40,23,17
2019-10-19T13:00:00.000,50,18,32
2019-10-19T14:00:00.000,60,14,46
2019-10-19T15:00:00.000,86,35,51
2019-10-19T16:00:00.000,108,64,44
2019-10-19T17:00:00.000,81,37,44
2019-10-19T18:00:00.000,65,28,37
2019-10-19T19:00:00.000,33,10,23
2019-10-19T20:00:00.000,30,16,14
2019-10-19T21:00:00.000,19,9,10
2019-10-19T22:00:00.000,15,7,8
2019-10-19T23:00:00.000,15,5,10
2019-10-20T00:00:00.000,17,5,12
2019-10-20T01:00:00.000,10,2,8
2019-10-20T02:00:00.000,10,4,6
2019-10-20T03:00:00.000,0,0,0
2019-10-20T04:00:00.000,3,0,3
2019-10-20T05:00:00.000,3,1,2
2019-10-20T06:00:00.000,8,3,5
2019-10-20T07:00:00.000,24,8,16
2019-10-20T08:00:00.000,32,18,14
2019-10-20T09:00:00.000,50,29,21
2019-10-20T10:00:00.000,55,28,27
2019-10-20T11:00:00.000,63,32,31
2019-10-20T12:00:00.000,70,39,31
2019-10-20T13:00:00.000,54,20,34
2019-10-20T14:00:00.000,29,18,11
2019-10-20T15:00:00.000,35,15,20
2019-10-20T16:00:00.000,36,14,22
2019-10-20T17:00:00.000,49,19,30
2019-10-20T18:00:00.000,31,12,19
2019-10-20T19:00:00.000,14,7,7
2019-10-20T20:00:00.000,12,4,8
2019-10-20T21:00:00.000,10,6,4
2019-10-20T22:00:00.000,7,2,5
2019-10-20T23:00:00.000,8,3,5
2019-10-21T00:00:00.000,5,2,3
2019-10-21T01:00:00.000,0,0,0
2019-10-21T02:00:00.000,0,0,0
2019-10-21T03:00:00.000,3,1,2
2019-10-21T04:00:00.000,7,3,4
2019-10-21T05:00:00.000,30,16,14
2019-10-21T06:00:00.000,119,59,60
2019-10-21T07:00:00.000,343,167,176
2019-10-21T08:00:00.000,569,272,297
2019-10-21T09:00:00.000,287,109,178
2019-10-21T10:00:00.000,92,33,59
2019-10-21T11:00:00.000,52,23,29
2019-10-21T12:00:00.000,56,26,30
2019-10-21T13:00:00.000,44,18,26
2019-10-21T14:00:00.000,62,25,37
2019-10-21T15:00:00.000,106,21,85
2019-10-21T16:00:00.000,294,59,235
2019-10-21T17:00:00.000,572,131,441
2019-10-21T18:00:00.000,300,73,227
2019-10-21T19:00:00.000,118,27,91
2019-10-21T20:00:00.000,44,8,36
2019-10-21T21:00:00.000,30,12,18
2019-10-21T22:00:00.000,9,2,7
2019-10-21T23:00:00.000,8,1,7
2019-10-22T00:00:00.000,4,2,2
2019-10-22T01:00:00.000,5,4,1
2019-10-22T02:00:00.000,2,1,1
2019-10-22T03:00:00.000,5,4,1
2019-10-22T04:00:00.000,6,2,4
2019-10-22T05:00:00.000,20,11,9
2019-10-22T06:00:00.000,113,66,47
2019-10-22T07:00:00.000,377,175,202
2019-10-22T08:00:00.000,577,252,325
2019-10-22T09:00:00.000,332,126,206
2019-10-22T10:00:00.000,123,40,83
2019-10-22T11:00:00.000,81,34,47
2019-10-22T12:00:00.000,67,31,36
2019-10-22T13:00:00.000,72,21,51
2019-10-22T14:00:00.000,76,27,49
2019-10-22T15:00:00.000,136,43,93
2019-10-22T16:00:00.000,332,78,254
2019-10-22T17:00:00.000,686,150,536
2019-10-22T18:00:00.000,397,88,309
2019-10-22T19:00:00.000,146,36,110
2019-10-22T20:00:00.000,61,20,41
2019-10-22T21:00:00.000,51,12,39
2019-10-22T22:00:00.000,33,13,20
2019-10-22T23:00:00.000,21,8,13
2019-10-23T00:00:00.000,9,1,8
2019-10-23T01:00:00.000,3,2,1
2019-10-23T02:00:00.000,3,3,0
2019-10-23T03:00:00.000,5,3,2
2019-10-23T04:00:00.000,14,6,8
2019-10-23T05:00:00.000,41,19,22
2019-10-23T06:00:00.000,142,68,74
2019-10-23T07:00:00.000,407,180,227
2019-10-23T08:00:00.000,709,302,407
2019-10-23T09:00:00.000,363,149,214
2019-10-23T10:00:00.000,143,44,99
2019-10-23T11:00:00.000,114,44,70
2019-10-23T12:00:00.000,90,31,59
2019-10-23T13:00:00.000,143,59,84
2019-10-23T14:00:00.000,153,58,95
2019-10-23T15:00:00.000,208,81,127
2019-10-23T16:00:00.000,468,125,343
2019-10-23T17:00:00.000,798,188,610
2019-10-23T18:00:00.000,427,100,327
2019-10-23T19:00:00.000,160,36,124
2019-10-23T20:00:00.000,90,19,71
2019-10-23T21:00:00.000,83,21,62
2019-10-23T22:00:00.000,41,19,22
2019-10-23T23:00:00.000,21,4,17
2019-10-24T00:00:00.000,6,0,6
2019-10-24T01:00:00.000,2,1,1
2019-10-24T02:00:00.000,1,0,1
2019-10-24T03:00:00.000,2,2,0
2019-10-24T04:00:00.000,11,9,2
2019-10-24T05:00:00.000,43,17,26
2019-10-24T06:00:00.000,144,68,76
2019-10-24T07:00:00.000,411,179,232
2019-10-24T08:00:00.000,690,292,398
2019-10-24T09:00:00.000,348,127,221
2019-10-24T10:00:00.000,163,73,90
2019-10-24T11:00:00.000,103,42,61
2019-10-24T12:00:00.000,131,53,78
2019-10-24T13:00:00.000,147,61,86
2019-10-24T14:00:00.000,127,53,74
2019-10-24T15:00:00.000,202,56,146
2019-10-24T16:00:00.000,454,109,345
2019-10-24T17:00:00.000,796,199,597
2019-10-24T18:00:00.000,488,136,352
2019-10-24T19:00:00.000,195,61,134
2019-10-24T20:00:00.000,78,21,57
2019-10-24T21:00:00.000,55,24,31
2019-10-24T22:00:00.000,38,14,24
2019-10-24T23:00:00.000,32,14,18
2019-10-25T00:00:00.000,14,4,10
2019-10-25T01:00:00.000,4,3,1
2019-10-25T02:00:00.000,0,0,0
2019-10-25T03:00:00.000,2,1,1
2019-10-25T04:00:00.000,10,5,5
2019-10-25T05:00:00.000,28,16,12
2019-10-25T06:00:00.000,123,53,70
2019-10-25T07:00:00.000,335,159,176
2019-10-25T08:00:00.000,563,236,327
2019-10-25T09:00:00.000,305,118,187
2019-10-25T10:00:00.000,124,44,80
2019-10-25T11:00:00.000,71,30,41
2019-10-25T12:00:00.000,49,21,28
2019-10-25T13:00:00.000,76,30,46
2019-10-25T14:00:00.000,83,25,58
2019-10-25T15:00:00.000,165,46,119
2019-10-25T16:00:00.000,366,72,294
2019-10-25T17:00:00.000,580,113,467
2019-10-25T18:00:00.000,303,100,203
2019-10-25T19:00:00.000,117,27,90
2019-10-25T20:00:00.000,51,14,37
2019-10-25T21:00:00.000,35,16,19
2019-10-25T22:00:00.000,27,8,19
2019-10-25T23:00:00.000,22,10,12
2019-10-26T00:00:00.000,16,4,12
2019-10-26T01:00:00.000,4,2,2
2019-10-26T02:00:00.000,5,2,3
2019-10-26T03:00:00.000,1,0,1
2019-10-26T04:00:00.000,8,1,7
2019-10-26T05:00:00.000,9,4,5
2019-10-26T06:00:00.000,16,7,9
2019-10-26T07:00:00.000,32,11,21
2019-10-26T08:00:00.000,57,14,43
2019-10-26T09:00:00.000,103,56,47
2019-10-26T10:00:00.000,85,33,52
2019-10-26T11:00:00.000,92,47,45
2019-10-26T12:00:00.000,113,56,57
2019-10-26T13:00:00.000,144,70,74
2019-10-26T14:00:00.000,145,58,87
2019-10-26T15:00:00.000,154,66,88
2019-10-26T16:00:00.000,174,80,94
2019-10-26T17:00:00.000,122,45,77
2019-10-26T18:00:00.000,70,33,37
2019-10-26T19:00:00.000,24,15,9
2019-10-26T20:00:00.000,25,11,14
2019-10-26T21:00:00.000,20,7,13
2019-10-26T22:00:00.000,19,9,10
2019-10-26T23:00:00.000,20,8,12
2019-10-27T00:00:00.000,11,2,9
2019-10-27T01:00:00.000,11,6,5
2019-10-27T02:00:00.000,12,3,9
2019-10-27T03:00:00.000,5,4,1
2019-10-27T04:00:00.000,0,0,0
2019-10-27T05:00:00.000,3,2,1
2019-10-27T06:00:00.000,14,7,7
2019-10-27T07:00:00.000,32,16,16
2019-10-27T08:00:00.000,43,22,21
2019-10-27T09:00:00.000,62,28,34
2019-10-27T10:00:00.000,95,53,42
2019-10-27T11:00:00.000,126,60,66
2019-10-27T12:00:00.000,162,58,104
2019-10-27T13:00:00.000,162,91,71
2019-10-27T14:00:00.000,258,120,138
2019-10-27T15:00:00.000,225,105,120
2019-10-27T16:00:00.000,230,94,136
2019-10-27T17:00:00.000,132,53,79
2019-10-27T18:00:00.000,70,25,45
2019-10-27T19:00:00.000,31,14,17
2019-10-27T20:00:00.000,28,10,18
2019-10-27T21:00:00.000,17,8,9
2019-10-27T22:00:00.000,14,7,7
2019-10-27T23:00:00.000,12,6,6
2019-10-28T00:00:00.000,5,2,3
2019-10-28T01:00:00.000,0,0,0
2019-10-28T02:00:00.000,0,0,0
2019-10-28T03:00:00.000,5,1,4
2019-10-28T04:00:00.000,6,2,4
2019-10-28T05:00:00.000,37,22,15
2019-10-28T06:00:00.000,138,62,76
2019-10-28T07:00:00.000,410,193,217
2019-10-28T08:00:00.000,683,309,374
2019-10-28T09:00:00.000,350,139,211
2019-10-28T10:00:00.000,142,62,80
2019-10-28T11:00:00.000,74,32,42
2019-10-28T12:00:00.000,104,41,63
2019-10-28T13:00:00.000,79,33,46
2019-10-28T14:00:00.000,114,44,70
2019-10-28T15:00:00.000,172,61,111
2019-10-28T16:00:00.000,448,99,349
2019-10-28T17:00:00.000,827,175,652
2019-10-28T18:00:00.000,416,113,303
2019-10-28T19:00:00.000,171,43,128
2019-10-28T20:00:00.000,65,21,44
2019-10-28T21:00:00.000,36,9,27
2019-10-28T22:00:00.000,28,10,18
2019-10-28T23:00:00.000,12,6,6
2019-10-29T00:00:00.000,3,1,2
2019-10-29T01:00:00.000,7,1,6
2019-10-29T02:00:00.000,0,0,0
2019-10-29T03:00:00.000,3,2,1
2019-10-29T04:00:00.000,12,4,8
2019-10-29T05:00:00.000,35,19,16
2019-10-29T06:00:00.000,139,62,77
2019-10-29T07:00:00.000,409,194,215
2019-10-29T08:00:00.000,570,242,328
2019-10-29T09:00:00.000,346,139,207
2019-10-29T10:00:00.000,153,61,92
2019-10-29T11:00:00.000,97,46,51
2019-10-29T12:00:00.000,103,40,63
2019-10-29T13:00:00.000,103,40,63
2019-10-29T14:00:00.000,132,54,78
2019-10-29T15:00:00.000,211,65,146
2019-10-29T16:00:00.000,435,103,332
2019-10-29T17:00:00.000,751,173,578
2019-10-29T18:00:00.000,463,96,367
2019-10-29T19:00:00.000,170,41,129
2019-10-29T20:00:00.000,85,19,66
2019-10-29T21:00:00.000,57,22,35
2019-10-29T22:00:00.000,27,6,21
2019-10-29T23:00:00.000,12,7,5
2019-10-30T00:00:00.000,5,2,3
2019-10-30T01:00:00.000,4,4,0
2019-10-30T02:00:00.000,1,0,1
2019-10-30T03:00:00.000,1,0,1
2019-10-30T04:00:00.000,7,3,4
2019-10-30T05:00:00.000,33,17,16
2019-10-30T06:00:00.000,131,57,74
2019-10-30T07:00:00.000,401,170,231
2019-10-30T08:00:00.000,616,258,358
2019-10-30T09:00:00.000,342,149,193
2019-10-30T10:00:00.000,110,41,69
2019-10-30T11:00:00.000,108,41,67
2019-10-30T12:00:00.000,114,41,73
2019-10-30T13:00:00.000,84,36,48
2019-10-30T14:00:00.000,117,45,72
2019-10-30T15:00:00.000,202,68,134
2019-10-30T16:00:00.000,363,92,271
2019-10-30T17:00:00.000,707,167,540
2019-10-30T18:00:00.000,441,118,323
2019-10-30T19:00:00.000,142,42,100
2019-10-30T20:00:00.000,62,27,35
2019-10-30T21:00:00.000,59,13,46
2019-10-30T22:00:00.000,27,12,15
2019-10-30T23:00:00.000,17,4,13
2019-10-31T00:00:00.000,5,2,3
2019-10-31T01:00:00.000,3,0,3
2019-10-31T02:00:00.000,2,0,2
2019-10-31T03:00:00.000,5,3,2
2019-10-31T04:00:00.000,13,5,8
2019-10-31T05:00:00.000,31,18,13
2019-10-31T06:00:00.000,110,57,53
2019-10-31T07:00:00.000,348,149,199
2019-10-31T08:00:00.000,575,228,347
2019-10-31T09:00:00.000,314,122,192
2019-10-31T10:00:00.000,157,58,99
2019-10-31T11:00:00.000,102,46,56
2019-10-31T12:00:00.000,99,48,51
2019-10-31T13:00:00.000,97,38,59
2019-10-31T14:00:00.000,120,38,82
2019-10-31T15:00:00.000,199,56,143
2019-10-31T16:00:00.000,496,94,402
2019-10-31T17:00:00.000,592,124,468
2019-10-31T18:00:00.000,305,77,228
2019-10-31T19:00:00.000,111,44,67
2019-10-31T20:00:00.000,52,17,35
2019-10-31T21:00:00.000,41,16,25
2019-10-31T22:00:00.000,32,14,18
2019-10-31T23:00:00.000,18,6,12
